0.6018E+05   0.1118E+01   0.3246E-03   0.3529E-03   0.3825E-03   0.4140E-03   0.4480E-03   0.4849E-03   0.5251E-03   0.5690E-03   0.6168E-03   0.6691E-03   0.7263E-03   0.7890E-03   0.8577E-03   0.9333E-03   0.1017E-02   0.1109E-02   0.1211E-02   0.1324E-02   0.1450E-02   0.1591E-02   0.1750E-02   0.1929E-02   0.2132E-02   0.2363E-02   0.2627E-02   0.2931E-02   0.3282E-02   0.3691E-02   0.4170E-02   0.4736E-02   0.5409E-02   0.6217E-02   0.7195E-02   0.8393E-02   0.9874E-02   0.1173E-01   0.1409E-01   0.1715E-01   0.2116E-01   0.2655E-01   0.3396E-01   0.4438E-01   0.5944E-01   0.8177E-01   0.1149E+00   0.1606E+00   0.2211E+00   0.3099E+00   0.6463E+00   0.7563E+00   0.8040E+00   0.8283E+00   0.8428E+00   0.8529E+00   0.8597E+00   0.8645E+00   0.8680E+00   0.8706E+00   0.8725E+00   0.8740E+00   0.8751E+00   0.8760E+00   0.8768E+00   0.8774E+00   0.1312E+01   0.1340E+01   0.1352E+01   0.1354E+01   0.1355E+01   0.1356E+01   0.1357E+01   0.1358E+01   0.1359E+01   0.1359E+01   0.1360E+01   0.1360E+01   0.1361E+01   0.1361E+01   0.1362E+01   0.1362E+01   0.1363E+01   0.1363E+01   0.1364E+01   0.1364E+01   0.1364E+01   0.1365E+01   0.1365E+01   0.1365E+01   0.1366E+01   0.1366E+01   0.1366E+01   0.1366E+01   0.1367E+01   0.1367E+01   0.1367E+01   0.1367E+01   0.1368E+01   0.1368E+01   0.1368E+01   0.1368E+01   0.1584E+01   0.1651E+01   0.1678E+01   0.1692E+01   0.1701E+01   0.1708E+01   0.1713E+01   0.1718E+01   0.1722E+01   0.1725E+01   0.1729E+01   0.1731E+01   0.1734E+01   0.1736E+01   0.1739E+01   0.1741E+01   0.1742E+01   0.1744E+01   0.1746E+01   0.1747E+01   0.1748E+01   0.1750E+01   0.1751E+01   0.1752E+01   0.1753E+01   0.1754E+01   0.1754E+01   0.1755E+01   0.1756E+01   0.1756E+01
0.6019E+05   0.1345E+01   0.3249E-03   0.3531E-03   0.3827E-03   0.4142E-03   0.4482E-03   0.4851E-03   0.5253E-03   0.5692E-03   0.6171E-03   0.6694E-03   0.7267E-03   0.7894E-03   0.8582E-03   0.9339E-03   0.1017E-02   0.1110E-02   0.1212E-02   0.1325E-02   0.1452E-02   0.1594E-02   0.1753E-02   0.1933E-02   0.2137E-02   0.2369E-02   0.2634E-02   0.2940E-02   0.3293E-02   0.3705E-02   0.4188E-02   0.4758E-02   0.5435E-02   0.6249E-02   0.7234E-02   0.8439E-02   0.9927E-02   0.1179E-01   0.1415E-01   0.1718E-01   0.2114E-01   0.2640E-01   0.3354E-01   0.4341E-01   0.5734E-01   0.7742E-01   0.1062E+00   0.1441E+00   0.1916E+00   0.2761E+00   0.5016E+00   0.6013E+00   0.6460E+00   0.6680E+00   0.6809E+00   0.6897E+00   0.6956E+00   0.6997E+00   0.7026E+00   0.7048E+00   0.7064E+00   0.7077E+00   0.7087E+00   0.7094E+00   0.7101E+00   0.7106E+00   0.1371E+01   0.1406E+01   0.1421E+01   0.1422E+01   0.1423E+01   0.1424E+01   0.1424E+01   0.1425E+01   0.1425E+01   0.1426E+01   0.1426E+01   0.1427E+01   0.1427E+01   0.1428E+01   0.1428E+01   0.1428E+01   0.1429E+01   0.1429E+01   0.1429E+01   0.1429E+01   0.1430E+01   0.1430E+01   0.1430E+01   0.1431E+01   0.1431E+01   0.1431E+01   0.1431E+01   0.1431E+01   0.1432E+01   0.1432E+01   0.1432E+01   0.1432E+01   0.1433E+01   0.1433E+01   0.1433E+01   0.1433E+01   0.1632E+01   0.1693E+01   0.1718E+01   0.1732E+01   0.1741E+01   0.1748E+01   0.1754E+01   0.1759E+01   0.1763E+01   0.1767E+01   0.1770E+01   0.1773E+01   0.1776E+01   0.1779E+01   0.1781E+01   0.1783E+01   0.1785E+01   0.1787E+01   0.1788E+01   0.1790E+01   0.1791E+01   0.1792E+01   0.1793E+01   0.1795E+01   0.1796E+01   0.1796E+01   0.1797E+01   0.1798E+01   0.1799E+01   0.1800E+01
0.6019E+05   0.1573E+01   0.3257E-03   0.3539E-03   0.3835E-03   0.4150E-03   0.4489E-03   0.4858E-03   0.5261E-03   0.5699E-03   0.6179E-03   0.6702E-03   0.7275E-03   0.7904E-03   0.8593E-03   0.9351E-03   0.1019E-02   0.1111E-02   0.1214E-02   0.1327E-02   0.1454E-02   0.1597E-02   0.1757E-02   0.1937E-02   0.2142E-02   0.2375E-02   0.2641E-02   0.2949E-02   0.3304E-02   0.3718E-02   0.4203E-02   0.4777E-02   0.5459E-02   0.6278E-02   0.7268E-02   0.8479E-02   0.9971E-02   0.1183E-01   0.1418E-01   0.1719E-01   0.2108E-01   0.2621E-01   0.3306E-01   0.4235E-01   0.5515E-01   0.7305E-01   0.9775E-01   0.1291E+00   0.1669E+00   0.2397E+00   0.3926E+00   0.4811E+00   0.5233E+00   0.5445E+00   0.5568E+00   0.5650E+00   0.5703E+00   0.5740E+00   0.5766E+00   0.5784E+00   0.5798E+00   0.5809E+00   0.5817E+00   0.5824E+00   0.5830E+00   0.5834E+00   0.1324E+01   0.1373E+01   0.1392E+01   0.1393E+01   0.1394E+01   0.1394E+01   0.1395E+01   0.1395E+01   0.1396E+01   0.1396E+01   0.1396E+01   0.1397E+01   0.1397E+01   0.1397E+01   0.1398E+01   0.1398E+01   0.1398E+01   0.1398E+01   0.1399E+01   0.1399E+01   0.1399E+01   0.1399E+01   0.1399E+01   0.1400E+01   0.1400E+01   0.1400E+01   0.1400E+01   0.1400E+01   0.1401E+01   0.1401E+01   0.1401E+01   0.1401E+01   0.1401E+01   0.1402E+01   0.1402E+01   0.1402E+01   0.1579E+01   0.1633E+01   0.1657E+01   0.1670E+01   0.1679E+01   0.1686E+01   0.1692E+01   0.1697E+01   0.1701E+01   0.1705E+01   0.1709E+01   0.1712E+01   0.1714E+01   0.1717E+01   0.1719E+01   0.1721E+01   0.1723E+01   0.1725E+01   0.1727E+01   0.1728E+01   0.1730E+01   0.1731E+01   0.1732E+01   0.1733E+01   0.1734E+01   0.1735E+01   0.1736E+01   0.1737E+01   0.1738E+01   0.1738E+01
0.6018E+05   0.1800E+01   0.3263E-03   0.3544E-03   0.3840E-03   0.4154E-03   0.4494E-03   0.4863E-03   0.5265E-03   0.5704E-03   0.6184E-03   0.6708E-03   0.7281E-03   0.7910E-03   0.8600E-03   0.9360E-03   0.1020E-02   0.1112E-02   0.1215E-02   0.1329E-02   0.1456E-02   0.1599E-02   0.1759E-02   0.1941E-02   0.2146E-02   0.2380E-02   0.2648E-02   0.2956E-02   0.3313E-02   0.3729E-02   0.4217E-02   0.4794E-02   0.5480E-02   0.6303E-02   0.7298E-02   0.8513E-02   0.1001E-01   0.1187E-01   0.1421E-01   0.1719E-01   0.2102E-01   0.2601E-01   0.3258E-01   0.4133E-01   0.5310E-01   0.6907E-01   0.9036E-01   0.1167E+00   0.1494E+00   0.2106E+00   0.3174E+00   0.3927E+00   0.4326E+00   0.4538E+00   0.4661E+00   0.4742E+00   0.4794E+00   0.4828E+00   0.4852E+00   0.4869E+00   0.4881E+00   0.4890E+00   0.4897E+00   0.4903E+00   0.4908E+00   0.4912E+00   0.1250E+01   0.1324E+01   0.1350E+01   0.1351E+01   0.1351E+01   0.1352E+01   0.1352E+01   0.1353E+01   0.1353E+01   0.1353E+01   0.1353E+01   0.1354E+01   0.1354E+01   0.1354E+01   0.1354E+01   0.1355E+01   0.1355E+01   0.1355E+01   0.1355E+01   0.1355E+01   0.1356E+01   0.1356E+01   0.1356E+01   0.1356E+01   0.1356E+01   0.1356E+01   0.1357E+01   0.1357E+01   0.1357E+01   0.1357E+01   0.1357E+01   0.1357E+01   0.1357E+01   0.1358E+01   0.1358E+01   0.1358E+01   0.1516E+01   0.1563E+01   0.1584E+01   0.1597E+01   0.1605E+01   0.1612E+01   0.1618E+01   0.1623E+01   0.1627E+01   0.1631E+01   0.1634E+01   0.1637E+01   0.1640E+01   0.1642E+01   0.1645E+01   0.1647E+01   0.1649E+01   0.1650E+01   0.1652E+01   0.1653E+01   0.1655E+01   0.1656E+01   0.1657E+01   0.1658E+01   0.1659E+01   0.1660E+01   0.1661E+01   0.1662E+01   0.1663E+01   0.1663E+01
0.6062E+05   0.1950E+01   0.3265E-03   0.3547E-03   0.3842E-03   0.4157E-03   0.4496E-03   0.4865E-03   0.5268E-03   0.5707E-03   0.6186E-03   0.6711E-03   0.7284E-03   0.7914E-03   0.8604E-03   0.9364E-03   0.1020E-02   0.1113E-02   0.1216E-02   0.1330E-02   0.1457E-02   0.1600E-02   0.1761E-02   0.1942E-02   0.2148E-02   0.2382E-02   0.2651E-02   0.2960E-02   0.3318E-02   0.3735E-02   0.4225E-02   0.4803E-02   0.5491E-02   0.6316E-02   0.7313E-02   0.8530E-02   0.1003E-01   0.1189E-01   0.1422E-01   0.1718E-01   0.2097E-01   0.2587E-01   0.3227E-01   0.4069E-01   0.5184E-01   0.6671E-01   0.8612E-01   0.1099E+00   0.1404E+00   0.1949E+00   0.2808E+00   0.3477E+00   0.3861E+00   0.4074E+00   0.4198E+00   0.4280E+00   0.4331E+00   0.4365E+00   0.4388E+00   0.4404E+00   0.4416E+00   0.4424E+00   0.4431E+00   0.4436E+00   0.4441E+00   0.4445E+00   0.1185E+01   0.1299E+01   0.1333E+01   0.1334E+01   0.1334E+01   0.1334E+01   0.1335E+01   0.1335E+01   0.1335E+01   0.1336E+01   0.1336E+01   0.1336E+01   0.1336E+01   0.1336E+01   0.1337E+01   0.1337E+01   0.1337E+01   0.1337E+01   0.1337E+01   0.1338E+01   0.1338E+01   0.1338E+01   0.1338E+01   0.1338E+01   0.1338E+01   0.1338E+01   0.1339E+01   0.1339E+01   0.1339E+01   0.1339E+01   0.1339E+01   0.1339E+01   0.1339E+01   0.1340E+01   0.1340E+01   0.1340E+01   0.1489E+01   0.1533E+01   0.1553E+01   0.1565E+01   0.1573E+01   0.1580E+01   0.1585E+01   0.1590E+01   0.1594E+01   0.1598E+01   0.1601E+01   0.1604E+01   0.1607E+01   0.1610E+01   0.1612E+01   0.1614E+01   0.1616E+01   0.1618E+01   0.1619E+01   0.1621E+01   0.1622E+01   0.1623E+01   0.1624E+01   0.1625E+01   0.1626E+01   0.1627E+01   0.1628E+01   0.1629E+01   0.1630E+01   0.1630E+01
0.6057E+05   0.2100E+01   0.3268E-03   0.3549E-03   0.3844E-03   0.4159E-03   0.4498E-03   0.4867E-03   0.5270E-03   0.5709E-03   0.6189E-03   0.6713E-03   0.7287E-03   0.7917E-03   0.8607E-03   0.9368E-03   0.1021E-02   0.1113E-02   0.1216E-02   0.1331E-02   0.1458E-02   0.1601E-02   0.1762E-02   0.1944E-02   0.2150E-02   0.2385E-02   0.2654E-02   0.2964E-02   0.3322E-02   0.3741E-02   0.4231E-02   0.4811E-02   0.5501E-02   0.6328E-02   0.7327E-02   0.8546E-02   0.1004E-01   0.1190E-01   0.1423E-01   0.1717E-01   0.2092E-01   0.2574E-01   0.3197E-01   0.4009E-01   0.5070E-01   0.6461E-01   0.8251E-01   0.1045E+00   0.1335E+00   0.1822E+00   0.2535E+00   0.3128E+00   0.3496E+00   0.3709E+00   0.3837E+00   0.3919E+00   0.3972E+00   0.4006E+00   0.4028E+00   0.4043E+00   0.4054E+00   0.4063E+00   0.4069E+00   0.4074E+00   0.4078E+00   0.4082E+00   0.1101E+01   0.1262E+01   0.1308E+01   0.1308E+01   0.1308E+01   0.1309E+01   0.1309E+01   0.1309E+01   0.1310E+01   0.1310E+01   0.1310E+01   0.1310E+01   0.1310E+01   0.1311E+01   0.1311E+01   0.1311E+01   0.1311E+01   0.1311E+01   0.1311E+01   0.1312E+01   0.1312E+01   0.1312E+01   0.1312E+01   0.1312E+01   0.1312E+01   0.1312E+01   0.1312E+01   0.1313E+01   0.1313E+01   0.1313E+01   0.1313E+01   0.1313E+01   0.1313E+01   0.1313E+01   0.1313E+01   0.1314E+01   0.1455E+01   0.1498E+01   0.1517E+01   0.1529E+01   0.1537E+01   0.1544E+01   0.1549E+01   0.1554E+01   0.1558E+01   0.1562E+01   0.1565E+01   0.1568E+01   0.1571E+01   0.1573E+01   0.1575E+01   0.1577E+01   0.1579E+01   0.1581E+01   0.1582E+01   0.1584E+01   0.1585E+01   0.1586E+01   0.1588E+01   0.1589E+01   0.1590E+01   0.1590E+01   0.1591E+01   0.1592E+01   0.1593E+01   0.1593E+01
0.6134E+05   0.2250E+01   0.3270E-03   0.3551E-03   0.3846E-03   0.4161E-03   0.4500E-03   0.4869E-03   0.5272E-03   0.5711E-03   0.6191E-03   0.6715E-03   0.7289E-03   0.7919E-03   0.8610E-03   0.9371E-03   0.1021E-02   0.1114E-02   0.1217E-02   0.1331E-02   0.1459E-02   0.1602E-02   0.1763E-02   0.1945E-02   0.2152E-02   0.2387E-02   0.2656E-02   0.2967E-02   0.3326E-02   0.3745E-02   0.4237E-02   0.4818E-02   0.5509E-02   0.6337E-02   0.7338E-02   0.8558E-02   0.1006E-01   0.1191E-01   0.1423E-01   0.1716E-01   0.2087E-01   0.2561E-01   0.3171E-01   0.3956E-01   0.4970E-01   0.6283E-01   0.7952E-01   0.1001E+00   0.1278E+00   0.1718E+00   0.2324E+00   0.2854E+00   0.3206E+00   0.3419E+00   0.3549E+00   0.3633E+00   0.3686E+00   0.3720E+00   0.3742E+00   0.3757E+00   0.3768E+00   0.3776E+00   0.3782E+00   0.3786E+00   0.3790E+00   0.3794E+00   0.9770E+00   0.1208E+01   0.1275E+01   0.1275E+01   0.1276E+01   0.1276E+01   0.1276E+01   0.1277E+01   0.1277E+01   0.1277E+01   0.1277E+01   0.1277E+01   0.1278E+01   0.1278E+01   0.1278E+01   0.1278E+01   0.1278E+01   0.1278E+01   0.1278E+01   0.1279E+01   0.1279E+01   0.1279E+01   0.1279E+01   0.1279E+01   0.1279E+01   0.1279E+01   0.1279E+01   0.1280E+01   0.1280E+01   0.1280E+01   0.1280E+01   0.1280E+01   0.1280E+01   0.1280E+01   0.1280E+01   0.1280E+01   0.1416E+01   0.1457E+01   0.1476E+01   0.1488E+01   0.1496E+01   0.1502E+01   0.1508E+01   0.1512E+01   0.1516E+01   0.1520E+01   0.1523E+01   0.1526E+01   0.1529E+01   0.1531E+01   0.1534E+01   0.1536E+01   0.1537E+01   0.1539E+01   0.1541E+01   0.1542E+01   0.1543E+01   0.1545E+01   0.1546E+01   0.1547E+01   0.1548E+01   0.1549E+01   0.1549E+01   0.1550E+01   0.1551E+01   0.1552E+01
0.6130E+05   0.2400E+01   0.3272E-03   0.3553E-03   0.3848E-03   0.4162E-03   0.4502E-03   0.4871E-03   0.5273E-03   0.5712E-03   0.6192E-03   0.6717E-03   0.7292E-03   0.7921E-03   0.8613E-03   0.9374E-03   0.1021E-02   0.1114E-02   0.1217E-02   0.1332E-02   0.1460E-02   0.1603E-02   0.1764E-02   0.1946E-02   0.2153E-02   0.2388E-02   0.2658E-02   0.2969E-02   0.3329E-02   0.3749E-02   0.4242E-02   0.4823E-02   0.5516E-02   0.6345E-02   0.7348E-02   0.8568E-02   0.1007E-01   0.1192E-01   0.1423E-01   0.1714E-01   0.2082E-01   0.2551E-01   0.3149E-01   0.3913E-01   0.4888E-01   0.6138E-01   0.7717E-01   0.9681E-01   0.1234E+00   0.1640E+00   0.2168E+00   0.2648E+00   0.2987E+00   0.3199E+00   0.3331E+00   0.3416E+00   0.3471E+00   0.3505E+00   0.3527E+00   0.3542E+00   0.3552E+00   0.3560E+00   0.3566E+00   0.3570E+00   0.3574E+00   0.3577E+00   0.6884E+00   0.1114E+01   0.1217E+01   0.1218E+01   0.1218E+01   0.1219E+01   0.1219E+01   0.1219E+01   0.1219E+01   0.1220E+01   0.1220E+01   0.1220E+01   0.1220E+01   0.1220E+01   0.1220E+01   0.1221E+01   0.1221E+01   0.1221E+01   0.1221E+01   0.1221E+01   0.1221E+01   0.1221E+01   0.1221E+01   0.1222E+01   0.1222E+01   0.1222E+01   0.1222E+01   0.1222E+01   0.1222E+01   0.1222E+01   0.1222E+01   0.1222E+01   0.1223E+01   0.1223E+01   0.1223E+01   0.1223E+01   0.1353E+01   0.1393E+01   0.1412E+01   0.1424E+01   0.1432E+01   0.1438E+01   0.1444E+01   0.1448E+01   0.1452E+01   0.1456E+01   0.1459E+01   0.1462E+01   0.1465E+01   0.1467E+01   0.1470E+01   0.1472E+01   0.1474E+01   0.1475E+01   0.1477E+01   0.1478E+01   0.1480E+01   0.1481E+01   0.1482E+01   0.1483E+01   0.1484E+01   0.1485E+01   0.1486E+01   0.1486E+01   0.1487E+01   0.1488E+01
0.6160E+05   0.2550E+01   0.3273E-03   0.3554E-03   0.3849E-03   0.4163E-03   0.4503E-03   0.4872E-03   0.5274E-03   0.5713E-03   0.6193E-03   0.6718E-03   0.7293E-03   0.7923E-03   0.8615E-03   0.9376E-03   0.1022E-02   0.1114E-02   0.1218E-02   0.1332E-02   0.1460E-02   0.1604E-02   0.1765E-02   0.1947E-02   0.2154E-02   0.2390E-02   0.2660E-02   0.2971E-02   0.3331E-02   0.3752E-02   0.4245E-02   0.4827E-02   0.5521E-02   0.6351E-02   0.7354E-02   0.8576E-02   0.1007E-01   0.1193E-01   0.1424E-01   0.1713E-01   0.2079E-01   0.2542E-01   0.3130E-01   0.3877E-01   0.4822E-01   0.6024E-01   0.7535E-01   0.9434E-01   0.1202E+00   0.1579E+00   0.2053E+00   0.2496E+00   0.2822E+00   0.3034E+00   0.3167E+00   0.3254E+00   0.3310E+00   0.3344E+00   0.3367E+00   0.3381E+00   0.3391E+00   0.3399E+00   0.3404E+00   0.3409E+00   0.3412E+00   0.3415E+00   0.5960E+00   0.1015E+01   0.1180E+01   0.1180E+01   0.1180E+01   0.1181E+01   0.1181E+01   0.1181E+01   0.1181E+01   0.1181E+01   0.1182E+01   0.1182E+01   0.1182E+01   0.1182E+01   0.1182E+01   0.1182E+01   0.1182E+01   0.1182E+01   0.1183E+01   0.1183E+01   0.1183E+01   0.1183E+01   0.1183E+01   0.1183E+01   0.1183E+01   0.1183E+01   0.1183E+01   0.1184E+01   0.1184E+01   0.1184E+01   0.1184E+01   0.1184E+01   0.1184E+01   0.1184E+01   0.1184E+01   0.1184E+01   0.1303E+01   0.1341E+01   0.1360E+01   0.1371E+01   0.1380E+01   0.1386E+01   0.1391E+01   0.1396E+01   0.1400E+01   0.1404E+01   0.1407E+01   0.1410E+01   0.1412E+01   0.1415E+01   0.1417E+01   0.1419E+01   0.1421E+01   0.1422E+01   0.1424E+01   0.1425E+01   0.1427E+01   0.1428E+01   0.1429E+01   0.1430E+01   0.1431E+01   0.1432E+01   0.1432E+01   0.1433E+01   0.1434E+01   0.1435E+01
0.6143E+05   0.2700E+01   0.3274E-03   0.3555E-03   0.3850E-03   0.4164E-03   0.4504E-03   0.4873E-03   0.5275E-03   0.5714E-03   0.6194E-03   0.6719E-03   0.7294E-03   0.7924E-03   0.8616E-03   0.9378E-03   0.1022E-02   0.1115E-02   0.1218E-02   0.1332E-02   0.1461E-02   0.1604E-02   0.1765E-02   0.1948E-02   0.2155E-02   0.2391E-02   0.2661E-02   0.2972E-02   0.3333E-02   0.3754E-02   0.4247E-02   0.4831E-02   0.5524E-02   0.6356E-02   0.7360E-02   0.8581E-02   0.1008E-01   0.1193E-01   0.1424E-01   0.1712E-01   0.2076E-01   0.2536E-01   0.3117E-01   0.3851E-01   0.4775E-01   0.5944E-01   0.7410E-01   0.9265E-01   0.1179E+00   0.1537E+00   0.1976E+00   0.2393E+00   0.2710E+00   0.2921E+00   0.3055E+00   0.3143E+00   0.3199E+00   0.3235E+00   0.3257E+00   0.3272E+00   0.3281E+00   0.3289E+00   0.3294E+00   0.3298E+00   0.3302E+00   0.3305E+00   0.5568E+00   0.7684E+00   0.1028E+01   0.1028E+01   0.1028E+01   0.1028E+01   0.1028E+01   0.1029E+01   0.1029E+01   0.1029E+01   0.1029E+01   0.1029E+01   0.1029E+01   0.1029E+01   0.1030E+01   0.1030E+01   0.1030E+01   0.1030E+01   0.1030E+01   0.1030E+01   0.1030E+01   0.1030E+01   0.1030E+01   0.1030E+01   0.1030E+01   0.1030E+01   0.1031E+01   0.1031E+01   0.1031E+01   0.1031E+01   0.1031E+01   0.1031E+01   0.1031E+01   0.1031E+01   0.1031E+01   0.1031E+01   0.1125E+01   0.1157E+01   0.1173E+01   0.1184E+01   0.1191E+01   0.1197E+01   0.1202E+01   0.1206E+01   0.1210E+01   0.1213E+01   0.1216E+01   0.1219E+01   0.1221E+01   0.1223E+01   0.1225E+01   0.1227E+01   0.1229E+01   0.1230E+01   0.1232E+01   0.1233E+01   0.1234E+01   0.1235E+01   0.1236E+01   0.1237E+01   0.1238E+01   0.1239E+01   0.1240E+01   0.1241E+01   0.1241E+01   0.1242E+01
0.6150E+05   0.2850E+01   0.3275E-03   0.3556E-03   0.3851E-03   0.4165E-03   0.4504E-03   0.4873E-03   0.5276E-03   0.5715E-03   0.6195E-03   0.6720E-03   0.7295E-03   0.7925E-03   0.8617E-03   0.9379E-03   0.1022E-02   0.1115E-02   0.1218E-02   0.1333E-02   0.1461E-02   0.1604E-02   0.1766E-02   0.1948E-02   0.2155E-02   0.2391E-02   0.2662E-02   0.2973E-02   0.3334E-02   0.3755E-02   0.4249E-02   0.4832E-02   0.5527E-02   0.6358E-02   0.7363E-02   0.8584E-02   0.1008E-01   0.1193E-01   0.1424E-01   0.1712E-01   0.2074E-01   0.2532E-01   0.3109E-01   0.3835E-01   0.4746E-01   0.5895E-01   0.7334E-01   0.9164E-01   0.1165E+00   0.1512E+00   0.1931E+00   0.2333E+00   0.2644E+00   0.2855E+00   0.2989E+00   0.3078E+00   0.3134E+00   0.3170E+00   0.3192E+00   0.3207E+00   0.3217E+00   0.3224E+00   0.3229E+00   0.3233E+00   0.3237E+00   0.3240E+00   0.5329E+00   0.6870E+00   0.1008E+01   0.1009E+01   0.1009E+01   0.1009E+01   0.1009E+01   0.1009E+01   0.1009E+01   0.1010E+01   0.1010E+01   0.1010E+01   0.1010E+01   0.1010E+01   0.1010E+01   0.1010E+01   0.1010E+01   0.1010E+01   0.1010E+01   0.1011E+01   0.1011E+01   0.1011E+01   0.1011E+01   0.1011E+01   0.1011E+01   0.1011E+01   0.1011E+01   0.1011E+01   0.1011E+01   0.1011E+01   0.1011E+01   0.1011E+01   0.1011E+01   0.1011E+01   0.1012E+01   0.1012E+01   0.1093E+01   0.1121E+01   0.1137E+01   0.1147E+01   0.1154E+01   0.1160E+01   0.1165E+01   0.1169E+01   0.1172E+01   0.1175E+01   0.1178E+01   0.1181E+01   0.1183E+01   0.1185E+01   0.1187E+01   0.1189E+01   0.1191E+01   0.1192E+01   0.1193E+01   0.1195E+01   0.1196E+01   0.1197E+01   0.1198E+01   0.1199E+01   0.1200E+01   0.1200E+01   0.1201E+01   0.1202E+01   0.1202E+01   0.1203E+01
0.6148E+05   0.3000E+01   0.3275E-03   0.3556E-03   0.3851E-03   0.4165E-03   0.4504E-03   0.4873E-03   0.5276E-03   0.5715E-03   0.6195E-03   0.6720E-03   0.7295E-03   0.7925E-03   0.8617E-03   0.9379E-03   0.1022E-02   0.1115E-02   0.1218E-02   0.1333E-02   0.1461E-02   0.1604E-02   0.1766E-02   0.1948E-02   0.2155E-02   0.2391E-02   0.2662E-02   0.2973E-02   0.3334E-02   0.3755E-02   0.4249E-02   0.4833E-02   0.5527E-02   0.6359E-02   0.7363E-02   0.8585E-02   0.1008E-01   0.1193E-01   0.1424E-01   0.1712E-01   0.2074E-01   0.2530E-01   0.3106E-01   0.3829E-01   0.4736E-01   0.5879E-01   0.7310E-01   0.9132E-01   0.1161E+00   0.1504E+00   0.1917E+00   0.2313E+00   0.2623E+00   0.2833E+00   0.2968E+00   0.3057E+00   0.3114E+00   0.3149E+00   0.3172E+00   0.3186E+00   0.3196E+00   0.3203E+00   0.3208E+00   0.3213E+00   0.3216E+00   0.3219E+00   0.5255E+00   0.6730E+00   0.1014E+01   0.1014E+01   0.1015E+01   0.1015E+01   0.1015E+01   0.1015E+01   0.1015E+01   0.1015E+01   0.1015E+01   0.1016E+01   0.1016E+01   0.1016E+01   0.1016E+01   0.1016E+01   0.1016E+01   0.1016E+01   0.1016E+01   0.1016E+01   0.1016E+01   0.1016E+01   0.1016E+01   0.1016E+01   0.1017E+01   0.1017E+01   0.1017E+01   0.1017E+01   0.1017E+01   0.1017E+01   0.1017E+01   0.1017E+01   0.1017E+01   0.1017E+01   0.1017E+01   0.1017E+01   0.1096E+01   0.1123E+01   0.1139E+01   0.1149E+01   0.1156E+01   0.1162E+01   0.1167E+01   0.1171E+01   0.1174E+01   0.1178E+01   0.1180E+01   0.1183E+01   0.1185E+01   0.1187E+01   0.1189E+01   0.1191E+01   0.1193E+01   0.1194E+01   0.1196E+01   0.1197E+01   0.1198E+01   0.1199E+01   0.1200E+01   0.1201E+01   0.1202E+01   0.1203E+01   0.1203E+01   0.1204E+01   0.1205E+01   0.1205E+01
