0.6018E+05   0.1118E+01   -.9004E+01   -.9006E+01   -.9007E+01   -.9009E+01   -.9010E+01   -.9012E+01   -.9013E+01   -.9015E+01   -.9017E+01   -.9019E+01   -.9021E+01   -.9023E+01   -.9025E+01   -.9027E+01   -.9029E+01   -.9032E+01   -.9035E+01   -.9038E+01   -.9041E+01   -.9044E+01   -.9048E+01   -.9052E+01   -.9056E+01   -.9061E+01   -.9067E+01   -.9073E+01   -.9079E+01   -.9087E+01   -.9096E+01   -.9105E+01   -.9117E+01   -.9129E+01   -.9145E+01   -.9162E+01   -.9183E+01   -.9208E+01   -.9238E+01   -.9274E+01   -.9319E+01   -.9374E+01   -.9443E+01   -.9528E+01   -.9632E+01   -.9758E+01   -.9910E+01   -.1013E+02   -.1083E+02   -.2443E+02   -.7140E+01   -.8025E+01   -.7715E+01   -.7172E+01   -.7740E+01   -.8122E+01   -.8394E+01   -.8599E+01   -.8757E+01   -.8883E+01   -.8985E+01   -.9069E+01   -.9139E+01   -.9197E+01   -.9246E+01   -.9288E+01   -.1879E+01   -.1472E+01   -.1528E+01   -.1484E+01   -.1481E+01   -.1480E+01   -.1479E+01   -.1478E+01   -.1477E+01   -.1474E+01   -.1471E+01   -.1467E+01   -.1463E+01   -.1459E+01   -.1456E+01   -.1453E+01   -.1450E+01   -.1447E+01   -.1444E+01   -.1441E+01   -.1438E+01   -.1436E+01   -.1434E+01   -.1432E+01   -.1430E+01   -.1428E+01   -.1427E+01   -.1426E+01   -.1425E+01   -.1424E+01   -.1423E+01   -.1422E+01   -.1422E+01   -.1421E+01   -.1421E+01   -.1421E+01   -.2228E+01   -.2327E+01   -.2230E+01   -.2122E+01   -.2028E+01   -.1950E+01   -.1884E+01   -.1827E+01   -.1779E+01   -.1737E+01   -.1700E+01   -.1667E+01   -.1638E+01   -.1612E+01   -.1588E+01   -.1566E+01   -.1545E+01   -.1527E+01   -.1510E+01   -.1494E+01   -.1479E+01   -.1465E+01   -.1452E+01   -.1439E+01   -.1428E+01   -.1417E+01   -.1406E+01   -.1396E+01   -.1387E+01   -.1378E+01
0.6019E+05   0.1345E+01   -.9004E+01   -.9006E+01   -.9007E+01   -.9009E+01   -.9010E+01   -.9012E+01   -.9013E+01   -.9015E+01   -.9017E+01   -.9019E+01   -.9021E+01   -.9023E+01   -.9025E+01   -.9027E+01   -.9029E+01   -.9032E+01   -.9035E+01   -.9038E+01   -.9041E+01   -.9044E+01   -.9048E+01   -.9052E+01   -.9057E+01   -.9061E+01   -.9067E+01   -.9073E+01   -.9080E+01   -.9087E+01   -.9096E+01   -.9106E+01   -.9117E+01   -.9130E+01   -.9145E+01   -.9163E+01   -.9184E+01   -.9209E+01   -.9239E+01   -.9276E+01   -.9320E+01   -.9376E+01   -.9445E+01   -.9530E+01   -.9637E+01   -.9772E+01   -.9950E+01   -.1023E+02   -.1098E+02   -.1476E+02   -.6595E+01   -.9115E+01   -.9792E+01   -.1026E+02   -.1057E+02   -.1077E+02   -.1092E+02   -.1103E+02   -.1110E+02   -.1116E+02   -.1120E+02   -.1124E+02   -.1126E+02   -.1128E+02   -.1130E+02   -.1131E+02   0.2116E+01   -.4225E+00   -.5476E+00   -.5872E+00   -.6177E+00   -.6393E+00   -.6546E+00   -.6658E+00   -.6744E+00   -.6805E+00   -.6848E+00   -.6881E+00   -.6907E+00   -.6929E+00   -.6948E+00   -.6966E+00   -.6980E+00   -.6990E+00   -.6999E+00   -.7006E+00   -.7012E+00   -.7018E+00   -.7024E+00   -.7031E+00   -.7038E+00   -.7045E+00   -.7053E+00   -.7061E+00   -.7070E+00   -.7079E+00   -.7088E+00   -.7098E+00   -.7108E+00   -.7118E+00   -.7129E+00   -.7141E+00   -.1475E+01   -.1592E+01   -.1619E+01   -.1621E+01   -.1615E+01   -.1607E+01   -.1600E+01   -.1593E+01   -.1586E+01   -.1580E+01   -.1574E+01   -.1570E+01   -.1565E+01   -.1561E+01   -.1557E+01   -.1554E+01   -.1551E+01   -.1548E+01   -.1545E+01   -.1543E+01   -.1541E+01   -.1538E+01   -.1536E+01   -.1535E+01   -.1533E+01   -.1531E+01   -.1529E+01   -.1528E+01   -.1526E+01   -.1525E+01
0.6019E+05   0.1573E+01   -.9004E+01   -.9006E+01   -.9007E+01   -.9009E+01   -.9010E+01   -.9012E+01   -.9013E+01   -.9015E+01   -.9017E+01   -.9019E+01   -.9021E+01   -.9023E+01   -.9025E+01   -.9027E+01   -.9030E+01   -.9032E+01   -.9035E+01   -.9038E+01   -.9041E+01   -.9044E+01   -.9048E+01   -.9052E+01   -.9057E+01   -.9062E+01   -.9067E+01   -.9073E+01   -.9080E+01   -.9088E+01   -.9096E+01   -.9106E+01   -.9117E+01   -.9131E+01   -.9146E+01   -.9164E+01   -.9185E+01   -.9210E+01   -.9240E+01   -.9277E+01   -.9322E+01   -.9378E+01   -.9447E+01   -.9534E+01   -.9643E+01   -.9786E+01   -.9985E+01   -.1032E+02   -.1110E+02   -.1214E+02   -.9728E+01   -.1014E+02   -.1054E+02   -.1093E+02   -.1121E+02   -.1141E+02   -.1155E+02   -.1166E+02   -.1174E+02   -.1180E+02   -.1184E+02   -.1188E+02   -.1191E+02   -.1193E+02   -.1195E+02   -.1196E+02   0.3269E+00   -.6311E+00   -.8079E+00   -.8193E+00   -.8283E+00   -.8362E+00   -.8431E+00   -.8494E+00   -.8551E+00   -.8602E+00   -.8649E+00   -.8692E+00   -.8731E+00   -.8768E+00   -.8802E+00   -.8834E+00   -.8863E+00   -.8891E+00   -.8917E+00   -.8941E+00   -.8964E+00   -.8986E+00   -.9007E+00   -.9027E+00   -.9046E+00   -.9065E+00   -.9083E+00   -.9101E+00   -.9118E+00   -.9135E+00   -.9151E+00   -.9167E+00   -.9184E+00   -.9199E+00   -.9215E+00   -.9232E+00   -.1891E+01   -.2056E+01   -.2086E+01   -.2084E+01   -.2071E+01   -.2057E+01   -.2044E+01   -.2031E+01   -.2020E+01   -.2010E+01   -.2001E+01   -.1992E+01   -.1985E+01   -.1978E+01   -.1972E+01   -.1966E+01   -.1961E+01   -.1956E+01   -.1951E+01   -.1947E+01   -.1943E+01   -.1939E+01   -.1935E+01   -.1932E+01   -.1928E+01   -.1925E+01   -.1922E+01   -.1919E+01   -.1917E+01   -.1914E+01
0.6018E+05   0.1800E+01   -.9004E+01   -.9006E+01   -.9007E+01   -.9009E+01   -.9010E+01   -.9012E+01   -.9013E+01   -.9015E+01   -.9017E+01   -.9019E+01   -.9021E+01   -.9023E+01   -.9025E+01   -.9027E+01   -.9030E+01   -.9032E+01   -.9035E+01   -.9038E+01   -.9041E+01   -.9044E+01   -.9048E+01   -.9052E+01   -.9057E+01   -.9062E+01   -.9067E+01   -.9073E+01   -.9080E+01   -.9088E+01   -.9097E+01   -.9106E+01   -.9118E+01   -.9131E+01   -.9146E+01   -.9164E+01   -.9185E+01   -.9211E+01   -.9241E+01   -.9278E+01   -.9323E+01   -.9379E+01   -.9448E+01   -.9535E+01   -.9646E+01   -.9793E+01   -.1000E+02   -.1033E+02   -.1095E+02   -.1143E+02   -.1075E+02   -.1062E+02   -.1090E+02   -.1121E+02   -.1145E+02   -.1163E+02   -.1177E+02   -.1187E+02   -.1195E+02   -.1201E+02   -.1206E+02   -.1210E+02   -.1212E+02   -.1215E+02   -.1217E+02   -.1218E+02   -.2706E+00   -.1246E+01   -.1298E+01   -.1307E+01   -.1317E+01   -.1326E+01   -.1334E+01   -.1342E+01   -.1349E+01   -.1355E+01   -.1361E+01   -.1366E+01   -.1371E+01   -.1376E+01   -.1380E+01   -.1384E+01   -.1388E+01   -.1391E+01   -.1395E+01   -.1398E+01   -.1401E+01   -.1403E+01   -.1406E+01   -.1409E+01   -.1411E+01   -.1413E+01   -.1416E+01   -.1418E+01   -.1420E+01   -.1422E+01   -.1424E+01   -.1426E+01   -.1428E+01   -.1430E+01   -.1432E+01   -.1434E+01   -.2592E+01   -.2817E+01   -.2866E+01   -.2872E+01   -.2865E+01   -.2854E+01   -.2843E+01   -.2832E+01   -.2822E+01   -.2814E+01   -.2806E+01   -.2799E+01   -.2792E+01   -.2786E+01   -.2781E+01   -.2776E+01   -.2772E+01   -.2767E+01   -.2763E+01   -.2759E+01   -.2756E+01   -.2753E+01   -.2749E+01   -.2746E+01   -.2743E+01   -.2741E+01   -.2738E+01   -.2736E+01   -.2733E+01   -.2731E+01
0.6062E+05   0.1950E+01   -.9004E+01   -.9006E+01   -.9007E+01   -.9009E+01   -.9010E+01   -.9012E+01   -.9013E+01   -.9015E+01   -.9017E+01   -.9019E+01   -.9021E+01   -.9023E+01   -.9025E+01   -.9027E+01   -.9030E+01   -.9032E+01   -.9035E+01   -.9038E+01   -.9041E+01   -.9044E+01   -.9048E+01   -.9052E+01   -.9057E+01   -.9062E+01   -.9067E+01   -.9073E+01   -.9080E+01   -.9088E+01   -.9097E+01   -.9107E+01   -.9118E+01   -.9131E+01   -.9147E+01   -.9165E+01   -.9186E+01   -.9211E+01   -.9242E+01   -.9279E+01   -.9324E+01   -.9380E+01   -.9449E+01   -.9536E+01   -.9647E+01   -.9795E+01   -.1000E+02   -.1033E+02   -.1087E+02   -.1124E+02   -.1093E+02   -.1081E+02   -.1103E+02   -.1130E+02   -.1152E+02   -.1169E+02   -.1183E+02   -.1193E+02   -.1200E+02   -.1206E+02   -.1211E+02   -.1215E+02   -.1218E+02   -.1220E+02   -.1222E+02   -.1224E+02   -.1409E+00   -.9099E-01   -.5973E+00   -.6174E+00   -.6328E+00   -.6455E+00   -.6558E+00   -.6642E+00   -.6720E+00   -.6790E+00   -.6855E+00   -.6914E+00   -.6970E+00   -.7021E+00   -.7070E+00   -.7115E+00   -.7158E+00   -.7199E+00   -.7237E+00   -.7272E+00   -.7306E+00   -.7339E+00   -.7370E+00   -.7400E+00   -.7429E+00   -.7458E+00   -.7485E+00   -.7512E+00   -.7538E+00   -.7564E+00   -.7589E+00   -.7614E+00   -.7639E+00   -.7663E+00   -.7687E+00   -.7711E+00   -.2464E+01   -.2763E+01   -.2814E+01   -.2814E+01   -.2802E+01   -.2788E+01   -.2774E+01   -.2761E+01   -.2750E+01   -.2740E+01   -.2731E+01   -.2723E+01   -.2715E+01   -.2709E+01   -.2703E+01   -.2697E+01   -.2692E+01   -.2687E+01   -.2683E+01   -.2679E+01   -.2675E+01   -.2671E+01   -.2668E+01   -.2665E+01   -.2662E+01   -.2659E+01   -.2656E+01   -.2654E+01   -.2651E+01   -.2649E+01
0.6057E+05   0.2100E+01   -.9004E+01   -.9006E+01   -.9007E+01   -.9009E+01   -.9010E+01   -.9012E+01   -.9013E+01   -.9015E+01   -.9017E+01   -.9019E+01   -.9021E+01   -.9023E+01   -.9025E+01   -.9027E+01   -.9030E+01   -.9032E+01   -.9035E+01   -.9038E+01   -.9041E+01   -.9045E+01   -.9048E+01   -.9052E+01   -.9057E+01   -.9062E+01   -.9067E+01   -.9074E+01   -.9080E+01   -.9088E+01   -.9097E+01   -.9107E+01   -.9118E+01   -.9132E+01   -.9147E+01   -.9165E+01   -.9186E+01   -.9212E+01   -.9243E+01   -.9280E+01   -.9325E+01   -.9382E+01   -.9452E+01   -.9541E+01   -.9656E+01   -.9810E+01   -.1003E+02   -.1034E+02   -.1077E+02   -.1105E+02   -.1093E+02   -.1092E+02   -.1111E+02   -.1134E+02   -.1153E+02   -.1169E+02   -.1182E+02   -.1191E+02   -.1199E+02   -.1205E+02   -.1210E+02   -.1214E+02   -.1217E+02   -.1219E+02   -.1221E+02   -.1223E+02   0.2766E+00   -.9399E-01   -.4390E+00   -.4366E+00   -.4328E+00   -.4335E+00   -.4369E+00   -.4419E+00   -.4479E+00   -.4542E+00   -.4607E+00   -.4673E+00   -.4737E+00   -.4800E+00   -.4861E+00   -.4920E+00   -.4977E+00   -.5031E+00   -.5084E+00   -.5135E+00   -.5183E+00   -.5229E+00   -.5274E+00   -.5316E+00   -.5357E+00   -.5396E+00   -.5434E+00   -.5470E+00   -.5506E+00   -.5540E+00   -.5574E+00   -.5606E+00   -.5638E+00   -.5670E+00   -.5700E+00   -.5730E+00   -.2689E+01   -.3158E+01   -.3293E+01   -.3343E+01   -.3362E+01   -.3369E+01   -.3372E+01   -.3372E+01   -.3372E+01   -.3372E+01   -.3371E+01   -.3371E+01   -.3370E+01   -.3370E+01   -.3369E+01   -.3369E+01   -.3368E+01   -.3368E+01   -.3367E+01   -.3366E+01   -.3366E+01   -.3365E+01   -.3365E+01   -.3364E+01   -.3364E+01   -.3363E+01   -.3363E+01   -.3362E+01   -.3361E+01   -.3361E+01
0.6134E+05   0.2250E+01   -.9004E+01   -.9006E+01   -.9007E+01   -.9009E+01   -.9010E+01   -.9012E+01   -.9013E+01   -.9015E+01   -.9017E+01   -.9019E+01   -.9021E+01   -.9023E+01   -.9025E+01   -.9027E+01   -.9030E+01   -.9032E+01   -.9035E+01   -.9038E+01   -.9041E+01   -.9045E+01   -.9048E+01   -.9052E+01   -.9057E+01   -.9062E+01   -.9067E+01   -.9074E+01   -.9080E+01   -.9088E+01   -.9097E+01   -.9107E+01   -.9118E+01   -.9132E+01   -.9147E+01   -.9165E+01   -.9187E+01   -.9212E+01   -.9243E+01   -.9280E+01   -.9325E+01   -.9381E+01   -.9451E+01   -.9539E+01   -.9653E+01   -.9804E+01   -.1001E+02   -.1031E+02   -.1068E+02   -.1093E+02   -.1093E+02   -.1094E+02   -.1109E+02   -.1129E+02   -.1147E+02   -.1162E+02   -.1174E+02   -.1184E+02   -.1191E+02   -.1197E+02   -.1202E+02   -.1206E+02   -.1209E+02   -.1211E+02   -.1213E+02   -.1215E+02   0.6407E+00   -.2748E+00   -.1211E+01   -.1082E+01   -.1082E+01   -.1086E+01   -.1088E+01   -.1090E+01   -.1091E+01   -.1093E+01   -.1096E+01   -.1098E+01   -.1102E+01   -.1106E+01   -.1110E+01   -.1114E+01   -.1118E+01   -.1123E+01   -.1128E+01   -.1133E+01   -.1138E+01   -.1143E+01   -.1147E+01   -.1151E+01   -.1155E+01   -.1159E+01   -.1163E+01   -.1166E+01   -.1170E+01   -.1173E+01   -.1176E+01   -.1179E+01   -.1183E+01   -.1186E+01   -.1188E+01   -.1191E+01   -.3136E+01   -.3526E+01   -.3614E+01   -.3636E+01   -.3638E+01   -.3632E+01   -.3625E+01   -.3617E+01   -.3609E+01   -.3602E+01   -.3596E+01   -.3591E+01   -.3586E+01   -.3581E+01   -.3577E+01   -.3574E+01   -.3570E+01   -.3567E+01   -.3564E+01   -.3561E+01   -.3559E+01   -.3557E+01   -.3555E+01   -.3553E+01   -.3551E+01   -.3549E+01   -.3547E+01   -.3546E+01   -.3544E+01   -.3543E+01
0.6130E+05   0.2400E+01   -.9004E+01   -.9006E+01   -.9007E+01   -.9009E+01   -.9010E+01   -.9012E+01   -.9013E+01   -.9015E+01   -.9017E+01   -.9019E+01   -.9021E+01   -.9023E+01   -.9025E+01   -.9027E+01   -.9030E+01   -.9032E+01   -.9035E+01   -.9038E+01   -.9041E+01   -.9045E+01   -.9048E+01   -.9052E+01   -.9057E+01   -.9062E+01   -.9067E+01   -.9074E+01   -.9081E+01   -.9088E+01   -.9097E+01   -.9107E+01   -.9119E+01   -.9132E+01   -.9147E+01   -.9165E+01   -.9187E+01   -.9212E+01   -.9243E+01   -.9280E+01   -.9326E+01   -.9382E+01   -.9452E+01   -.9541E+01   -.9656E+01   -.9807E+01   -.1001E+02   -.1028E+02   -.1060E+02   -.1082E+02   -.1087E+02   -.1093E+02   -.1107E+02   -.1124E+02   -.1141E+02   -.1155E+02   -.1166E+02   -.1176E+02   -.1183E+02   -.1189E+02   -.1194E+02   -.1198E+02   -.1201E+02   -.1203E+02   -.1205E+02   -.1207E+02   -.1933E+02   -.2151E+00   -.8813E+00   -.8323E+00   -.7954E+00   -.7719E+00   -.7603E+00   -.7552E+00   -.7503E+00   -.7459E+00   -.7424E+00   -.7397E+00   -.7379E+00   -.7368E+00   -.7364E+00   -.7365E+00   -.7370E+00   -.7379E+00   -.7390E+00   -.7411E+00   -.7441E+00   -.7473E+00   -.7508E+00   -.7546E+00   -.7582E+00   -.7618E+00   -.7652E+00   -.7685E+00   -.7717E+00   -.7748E+00   -.7779E+00   -.7809E+00   -.7839E+00   -.7868E+00   -.7896E+00   -.7923E+00   -.2917E+01   -.3382E+01   -.3482E+01   -.3502E+01   -.3503E+01   -.3499E+01   -.3494E+01   -.3489E+01   -.3484E+01   -.3480E+01   -.3476E+01   -.3472E+01   -.3469E+01   -.3466E+01   -.3464E+01   -.3461E+01   -.3459E+01   -.3457E+01   -.3455E+01   -.3453E+01   -.3452E+01   -.3450E+01   -.3449E+01   -.3448E+01   -.3446E+01   -.3445E+01   -.3444E+01   -.3443E+01   -.3442E+01   -.3441E+01
0.6160E+05   0.2550E+01   -.9004E+01   -.9006E+01   -.9007E+01   -.9009E+01   -.9010E+01   -.9012E+01   -.9013E+01   -.9015E+01   -.9017E+01   -.9019E+01   -.9021E+01   -.9023E+01   -.9025E+01   -.9027E+01   -.9030E+01   -.9032E+01   -.9035E+01   -.9038E+01   -.9041E+01   -.9045E+01   -.9048E+01   -.9052E+01   -.9057E+01   -.9062E+01   -.9068E+01   -.9074E+01   -.9081E+01   -.9088E+01   -.9097E+01   -.9107E+01   -.9119E+01   -.9132E+01   -.9147E+01   -.9165E+01   -.9187E+01   -.9212E+01   -.9243E+01   -.9280E+01   -.9325E+01   -.9381E+01   -.9451E+01   -.9539E+01   -.9652E+01   -.9802E+01   -.1000E+02   -.1026E+02   -.1054E+02   -.1075E+02   -.1083E+02   -.1090E+02   -.1103E+02   -.1119E+02   -.1135E+02   -.1148E+02   -.1160E+02   -.1169E+02   -.1176E+02   -.1182E+02   -.1187E+02   -.1191E+02   -.1194E+02   -.1196E+02   -.1198E+02   -.1200E+02   -.1517E+02   -.1253E+01   0.3803E-01   0.1115E+00   0.1825E+00   0.2364E+00   0.2750E+00   0.2992E+00   0.3169E+00   0.3301E+00   0.3398E+00   0.3468E+00   0.3515E+00   0.3528E+00   0.3528E+00   0.3520E+00   0.3506E+00   0.3486E+00   0.3462E+00   0.3434E+00   0.3405E+00   0.3375E+00   0.3335E+00   0.3283E+00   0.3232E+00   0.3183E+00   0.3135E+00   0.3088E+00   0.3042E+00   0.2996E+00   0.2951E+00   0.2906E+00   0.2863E+00   0.2819E+00   0.2776E+00   0.2734E+00   -.3416E+01   -.4177E+01   -.4353E+01   -.4400E+01   -.4415E+01   -.4419E+01   -.4420E+01   -.4420E+01   -.4419E+01   -.4418E+01   -.4417E+01   -.4416E+01   -.4416E+01   -.4415E+01   -.4414E+01   -.4413E+01   -.4413E+01   -.4412E+01   -.4411E+01   -.4411E+01   -.4410E+01   -.4410E+01   -.4409E+01   -.4409E+01   -.4408E+01   -.4408E+01   -.4407E+01   -.4407E+01   -.4407E+01   -.4406E+01
0.6143E+05   0.2700E+01   -.9004E+01   -.9006E+01   -.9007E+01   -.9009E+01   -.9010E+01   -.9012E+01   -.9014E+01   -.9015E+01   -.9017E+01   -.9019E+01   -.9021E+01   -.9023E+01   -.9025E+01   -.9027E+01   -.9030E+01   -.9032E+01   -.9035E+01   -.9038E+01   -.9041E+01   -.9045E+01   -.9048E+01   -.9053E+01   -.9057E+01   -.9062E+01   -.9068E+01   -.9074E+01   -.9081E+01   -.9088E+01   -.9097E+01   -.9107E+01   -.9119E+01   -.9132E+01   -.9147E+01   -.9166E+01   -.9187E+01   -.9213E+01   -.9243E+01   -.9281E+01   -.9326E+01   -.9382E+01   -.9452E+01   -.9541E+01   -.9655E+01   -.9804E+01   -.1000E+02   -.1025E+02   -.1051E+02   -.1071E+02   -.1081E+02   -.1090E+02   -.1102E+02   -.1118E+02   -.1132E+02   -.1146E+02   -.1157E+02   -.1166E+02   -.1173E+02   -.1179E+02   -.1183E+02   -.1187E+02   -.1190E+02   -.1193E+02   -.1195E+02   -.1197E+02   -.1342E+02   -.2230E+02   -.8296E+01   -.8673E+01   -.8651E+01   -.8632E+01   -.8616E+01   -.8604E+01   -.8595E+01   -.8588E+01   -.8584E+01   -.8581E+01   -.8580E+01   -.8580E+01   -.8581E+01   -.8582E+01   -.8583E+01   -.8584E+01   -.8585E+01   -.8586E+01   -.8587E+01   -.8588E+01   -.8589E+01   -.8590E+01   -.8591E+01   -.8592E+01   -.8593E+01   -.8593E+01   -.8594E+01   -.8594E+01   -.8594E+01   -.8595E+01   -.8595E+01   -.8595E+01   -.8595E+01   -.8595E+01   -.8116E+01   -.8212E+01   -.8266E+01   -.8282E+01   -.8281E+01   -.8274E+01   -.8265E+01   -.8257E+01   -.8249E+01   -.8241E+01   -.8235E+01   -.8228E+01   -.8223E+01   -.8218E+01   -.8213E+01   -.8209E+01   -.8205E+01   -.8201E+01   -.8198E+01   -.8195E+01   -.8192E+01   -.8189E+01   -.8186E+01   -.8184E+01   -.8181E+01   -.8179E+01   -.8177E+01   -.8175E+01   -.8173E+01   -.8171E+01
0.6150E+05   0.2850E+01   -.9004E+01   -.9006E+01   -.9007E+01   -.9009E+01   -.9010E+01   -.9012E+01   -.9014E+01   -.9015E+01   -.9017E+01   -.9019E+01   -.9021E+01   -.9023E+01   -.9025E+01   -.9027E+01   -.9030E+01   -.9032E+01   -.9035E+01   -.9038E+01   -.9041E+01   -.9045E+01   -.9048E+01   -.9053E+01   -.9057E+01   -.9062E+01   -.9068E+01   -.9074E+01   -.9081E+01   -.9088E+01   -.9097E+01   -.9107E+01   -.9119E+01   -.9132E+01   -.9148E+01   -.9166E+01   -.9187E+01   -.9213E+01   -.9243E+01   -.9281E+01   -.9326E+01   -.9382E+01   -.9452E+01   -.9541E+01   -.9654E+01   -.9804E+01   -.1000E+02   -.1024E+02   -.1049E+02   -.1069E+02   -.1082E+02   -.1091E+02   -.1103E+02   -.1118E+02   -.1132E+02   -.1145E+02   -.1156E+02   -.1165E+02   -.1172E+02   -.1178E+02   -.1182E+02   -.1186E+02   -.1189E+02   -.1192E+02   -.1194E+02   -.1196E+02   -.1307E+02   -.1458E+02   -.7081E+01   -.7039E+01   -.7047E+01   -.7056E+01   -.7065E+01   -.7074E+01   -.7082E+01   -.7089E+01   -.7095E+01   -.7100E+01   -.7106E+01   -.7110E+01   -.7115E+01   -.7118E+01   -.7122E+01   -.7125E+01   -.7128E+01   -.7131E+01   -.7134E+01   -.7136E+01   -.7138E+01   -.7141E+01   -.7143E+01   -.7145E+01   -.7147E+01   -.7149E+01   -.7150E+01   -.7152E+01   -.7154E+01   -.7155E+01   -.7157E+01   -.7159E+01   -.7160E+01   -.7161E+01   -.8026E+01   -.8305E+01   -.8388E+01   -.8412E+01   -.8418E+01   -.8417E+01   -.8415E+01   -.8412E+01   -.8409E+01   -.8406E+01   -.8404E+01   -.8402E+01   -.8399E+01   -.8397E+01   -.8396E+01   -.8394E+01   -.8392E+01   -.8390E+01   -.8389E+01   -.8387E+01   -.8386E+01   -.8385E+01   -.8383E+01   -.8382E+01   -.8381E+01   -.8380E+01   -.8379E+01   -.8377E+01   -.8376E+01   -.8375E+01
0.6148E+05   0.3000E+01   -.9004E+01   -.9006E+01   -.9007E+01   -.9009E+01   -.9010E+01   -.9012E+01   -.9014E+01   -.9015E+01   -.9017E+01   -.9019E+01   -.9021E+01   -.9023E+01   -.9025E+01   -.9027E+01   -.9030E+01   -.9032E+01   -.9035E+01   -.9038E+01   -.9041E+01   -.9045E+01   -.9048E+01   -.9053E+01   -.9057E+01   -.9062E+01   -.9068E+01   -.9074E+01   -.9081E+01   -.9088E+01   -.9097E+01   -.9107E+01   -.9119E+01   -.9132E+01   -.9148E+01   -.9166E+01   -.9187E+01   -.9213E+01   -.9244E+01   -.9281E+01   -.9327E+01   -.9383E+01   -.9454E+01   -.9543E+01   -.9657E+01   -.9806E+01   -.1000E+02   -.1024E+02   -.1048E+02   -.1067E+02   -.1079E+02   -.1088E+02   -.1101E+02   -.1116E+02   -.1130E+02   -.1143E+02   -.1154E+02   -.1163E+02   -.1170E+02   -.1176E+02   -.1180E+02   -.1184E+02   -.1187E+02   -.1190E+02   -.1192E+02   -.1194E+02   -.1298E+02   -.1444E+02   -.5687E+01   -.5787E+01   -.5799E+01   -.5809E+01   -.5818E+01   -.5827E+01   -.5834E+01   -.5841E+01   -.5848E+01   -.5854E+01   -.5860E+01   -.5865E+01   -.5870E+01   -.5875E+01   -.5879E+01   -.5883E+01   -.5887E+01   -.5891E+01   -.5895E+01   -.5898E+01   -.5902E+01   -.5905E+01   -.5908E+01   -.5911E+01   -.5914E+01   -.5917E+01   -.5920E+01   -.5923E+01   -.5926E+01   -.5928E+01   -.5931E+01   -.5934E+01   -.5936E+01   -.5939E+01   -.7961E+01   -.8517E+01   -.8690E+01   -.8754E+01   -.8781E+01   -.8795E+01   -.8804E+01   -.8810E+01   -.8815E+01   -.8819E+01   -.8822E+01   -.8825E+01   -.8828E+01   -.8830E+01   -.8833E+01   -.8834E+01   -.8836E+01   -.8837E+01   -.8839E+01   -.8840E+01   -.8841E+01   -.8842E+01   -.8842E+01   -.8843E+01   -.8843E+01   -.8844E+01   -.8844E+01   -.8844E+01   -.8845E+01   -.8845E+01
