0.6875E+04   0.9000E+00   -.1574E-01   -.1112E-01   -.5146E-02   0.1057E-02   0.7122E-02   0.1286E-01   0.1815E-01   0.2298E-01   0.2737E-01   0.3138E-01   0.3503E-01   0.3835E-01   0.4141E-01   0.4424E-01   0.4684E-01   0.4926E-01   0.5150E-01   0.5360E-01   0.5558E-01   0.5743E-01   0.5920E-01   0.6087E-01   0.6244E-01   0.6393E-01   0.6534E-01   0.6668E-01   0.6794E-01   0.6913E-01   0.7026E-01   0.7135E-01   0.7237E-01   0.7336E-01   0.7431E-01   0.7521E-01   0.7609E-01   0.7693E-01   0.7774E-01   0.7852E-01   0.7928E-01   0.8000E-01   0.8070E-01   0.8137E-01   0.8202E-01   0.8264E-01   0.8323E-01   0.8380E-01   0.8434E-01   0.8486E-01   0.8537E-01   0.8585E-01   0.8631E-01   0.8675E-01   0.8718E-01   0.8758E-01   0.8798E-01   0.8835E-01   0.8871E-01   0.8906E-01   0.8940E-01   0.8972E-01   0.9003E-01   0.9033E-01   0.9062E-01   0.9090E-01   0.9117E-01   0.9143E-01   0.9168E-01   0.9192E-01   0.9215E-01   0.9238E-01   0.9259E-01   0.9280E-01   0.9301E-01   0.9320E-01   0.9340E-01   0.9358E-01   0.9376E-01   0.9393E-01   0.9410E-01   0.9426E-01   0.9441E-01   0.9456E-01   0.9471E-01   0.9485E-01   0.9498E-01   0.9511E-01   0.9524E-01   0.9536E-01   0.9548E-01   0.9559E-01   0.9570E-01   0.9580E-01   0.9590E-01   0.9600E-01   0.9624E-01   0.9633E-01   0.9641E-01   0.9649E-01   0.9669E-01   0.9676E-01   0.9683E-01   0.9689E-01   0.9742E-01
0.8490E+04   0.9000E+00   -.1617E-01   -.1097E-01   -.4767E-02   0.1534E-02   0.7609E-02   0.1331E-01   0.1855E-01   0.2332E-01   0.2765E-01   0.3159E-01   0.3517E-01   0.3845E-01   0.4146E-01   0.4423E-01   0.4681E-01   0.4918E-01   0.5139E-01   0.5348E-01   0.5543E-01   0.5726E-01   0.5901E-01   0.6066E-01   0.6222E-01   0.6369E-01   0.6509E-01   0.6641E-01   0.6766E-01   0.6884E-01   0.6997E-01   0.7104E-01   0.7206E-01   0.7304E-01   0.7398E-01   0.7489E-01   0.7576E-01   0.7660E-01   0.7741E-01   0.7818E-01   0.7893E-01   0.7966E-01   0.8035E-01   0.8102E-01   0.8166E-01   0.8227E-01   0.8287E-01   0.8343E-01   0.8397E-01   0.8449E-01   0.8499E-01   0.8546E-01   0.8592E-01   0.8637E-01   0.8679E-01   0.8719E-01   0.8758E-01   0.8795E-01   0.8832E-01   0.8866E-01   0.8899E-01   0.8932E-01   0.8962E-01   0.8992E-01   0.9021E-01   0.9049E-01   0.9076E-01   0.9101E-01   0.9126E-01   0.9150E-01   0.9173E-01   0.9195E-01   0.9217E-01   0.9238E-01   0.9258E-01   0.9278E-01   0.9297E-01   0.9315E-01   0.9333E-01   0.9350E-01   0.9366E-01   0.9382E-01   0.9398E-01   0.9413E-01   0.9427E-01   0.9441E-01   0.9454E-01   0.9467E-01   0.9480E-01   0.9492E-01   0.9503E-01   0.9514E-01   0.9525E-01   0.9536E-01   0.9546E-01   0.9555E-01   0.9579E-01   0.9588E-01   0.9596E-01   0.9604E-01   0.9624E-01   0.9631E-01   0.9638E-01   0.9644E-01   0.9696E-01
0.8507E+04   0.9500E+00   -.2006E-01   -.1527E-01   -.9496E-02   -.3541E-02   0.2218E-02   0.7636E-02   0.1261E-01   0.1714E-01   0.2124E-01   0.2496E-01   0.2833E-01   0.3143E-01   0.3424E-01   0.3684E-01   0.3925E-01   0.4145E-01   0.4350E-01   0.4546E-01   0.4726E-01   0.4895E-01   0.5057E-01   0.5208E-01   0.5352E-01   0.5488E-01   0.5616E-01   0.5737E-01   0.5852E-01   0.5960E-01   0.6064E-01   0.6162E-01   0.6255E-01   0.6345E-01   0.6430E-01   0.6513E-01   0.6592E-01   0.6668E-01   0.6742E-01   0.6812E-01   0.6880E-01   0.6946E-01   0.7009E-01   0.7070E-01   0.7128E-01   0.7182E-01   0.7236E-01   0.7287E-01   0.7336E-01   0.7382E-01   0.7427E-01   0.7469E-01   0.7511E-01   0.7550E-01   0.7588E-01   0.7624E-01   0.7659E-01   0.7692E-01   0.7725E-01   0.7755E-01   0.7785E-01   0.7814E-01   0.7841E-01   0.7868E-01   0.7893E-01   0.7917E-01   0.7941E-01   0.7964E-01   0.7986E-01   0.8007E-01   0.8027E-01   0.8047E-01   0.8067E-01   0.8085E-01   0.8103E-01   0.8120E-01   0.8136E-01   0.8153E-01   0.8168E-01   0.8183E-01   0.8198E-01   0.8212E-01   0.8225E-01   0.8238E-01   0.8251E-01   0.8263E-01   0.8275E-01   0.8286E-01   0.8297E-01   0.8307E-01   0.8317E-01   0.8327E-01   0.8336E-01   0.8346E-01   0.8354E-01   0.8363E-01   0.8384E-01   0.8391E-01   0.8399E-01   0.8405E-01   0.8423E-01   0.8429E-01   0.8434E-01   0.8440E-01   0.8486E-01
0.1100E+05   0.9500E+00   -.1907E-01   -.1485E-01   -.9214E-02   -.3387E-02   0.2365E-02   0.7809E-02   0.1284E-01   0.1742E-01   0.2159E-01   0.2538E-01   0.2883E-01   0.3194E-01   0.3482E-01   0.3747E-01   0.3991E-01   0.4217E-01   0.4425E-01   0.4621E-01   0.4804E-01   0.4976E-01   0.5140E-01   0.5294E-01   0.5440E-01   0.5577E-01   0.5706E-01   0.5830E-01   0.5945E-01   0.6054E-01   0.6158E-01   0.6257E-01   0.6350E-01   0.6440E-01   0.6527E-01   0.6609E-01   0.6689E-01   0.6765E-01   0.6839E-01   0.6910E-01   0.6978E-01   0.7044E-01   0.7107E-01   0.7168E-01   0.7227E-01   0.7283E-01   0.7336E-01   0.7387E-01   0.7437E-01   0.7483E-01   0.7528E-01   0.7572E-01   0.7613E-01   0.7653E-01   0.7691E-01   0.7727E-01   0.7762E-01   0.7796E-01   0.7829E-01   0.7860E-01   0.7890E-01   0.7919E-01   0.7946E-01   0.7973E-01   0.7998E-01   0.8023E-01   0.8047E-01   0.8070E-01   0.8092E-01   0.8113E-01   0.8134E-01   0.8154E-01   0.8173E-01   0.8192E-01   0.8210E-01   0.8227E-01   0.8244E-01   0.8260E-01   0.8276E-01   0.8291E-01   0.8306E-01   0.8320E-01   0.8334E-01   0.8347E-01   0.8359E-01   0.8372E-01   0.8384E-01   0.8395E-01   0.8406E-01   0.8417E-01   0.8427E-01   0.8437E-01   0.8446E-01   0.8455E-01   0.8464E-01   0.8473E-01   0.8494E-01   0.8502E-01   0.8509E-01   0.8516E-01   0.8533E-01   0.8539E-01   0.8545E-01   0.8551E-01   0.8597E-01
0.8543E+04   0.1000E+01   -.2269E-01   -.1901E-01   -.1370E-01   -.8327E-02   -.2922E-02   0.2186E-02   0.6914E-02   0.1122E-01   0.1512E-01   0.1866E-01   0.2187E-01   0.2474E-01   0.2740E-01   0.2985E-01   0.3210E-01   0.3418E-01   0.3610E-01   0.3788E-01   0.3955E-01   0.4111E-01   0.4261E-01   0.4400E-01   0.4532E-01   0.4656E-01   0.4771E-01   0.4883E-01   0.4986E-01   0.5083E-01   0.5176E-01   0.5264E-01   0.5347E-01   0.5426E-01   0.5504E-01   0.5577E-01   0.5648E-01   0.5714E-01   0.5780E-01   0.5843E-01   0.5903E-01   0.5962E-01   0.6016E-01   0.6071E-01   0.6123E-01   0.6172E-01   0.6218E-01   0.6264E-01   0.6307E-01   0.6347E-01   0.6387E-01   0.6425E-01   0.6461E-01   0.6496E-01   0.6529E-01   0.6561E-01   0.6591E-01   0.6620E-01   0.6648E-01   0.6675E-01   0.6702E-01   0.6726E-01   0.6750E-01   0.6773E-01   0.6795E-01   0.6817E-01   0.6838E-01   0.6857E-01   0.6876E-01   0.6894E-01   0.6912E-01   0.6929E-01   0.6945E-01   0.6961E-01   0.6977E-01   0.6991E-01   0.7006E-01   0.7020E-01   0.7033E-01   0.7046E-01   0.7059E-01   0.7071E-01   0.7082E-01   0.7094E-01   0.7104E-01   0.7115E-01   0.7125E-01   0.7134E-01   0.7144E-01   0.7153E-01   0.7161E-01   0.7170E-01   0.7178E-01   0.7185E-01   0.7193E-01   0.7200E-01   0.7218E-01   0.7224E-01   0.7230E-01   0.7236E-01   0.7251E-01   0.7256E-01   0.7261E-01   0.7265E-01   0.7304E-01
0.8525E+04   0.1000E+01   -.2447E-01   -.2018E-01   -.1497E-01   -.9418E-02   -.4056E-02   0.1016E-02   0.5676E-02   0.9904E-02   0.1373E-01   0.1721E-01   0.2033E-01   0.2321E-01   0.2580E-01   0.2819E-01   0.3042E-01   0.3242E-01   0.3428E-01   0.3607E-01   0.3772E-01   0.3924E-01   0.4070E-01   0.4206E-01   0.4336E-01   0.4459E-01   0.4575E-01   0.4684E-01   0.4788E-01   0.4885E-01   0.4979E-01   0.5067E-01   0.5150E-01   0.5231E-01   0.5305E-01   0.5380E-01   0.5450E-01   0.5518E-01   0.5585E-01   0.5646E-01   0.5706E-01   0.5765E-01   0.5820E-01   0.5874E-01   0.5925E-01   0.5972E-01   0.6021E-01   0.6064E-01   0.6107E-01   0.6148E-01   0.6187E-01   0.6224E-01   0.6261E-01   0.6295E-01   0.6327E-01   0.6359E-01   0.6389E-01   0.6417E-01   0.6446E-01   0.6472E-01   0.6497E-01   0.6523E-01   0.6546E-01   0.6569E-01   0.6592E-01   0.6612E-01   0.6632E-01   0.6651E-01   0.6671E-01   0.6689E-01   0.6706E-01   0.6723E-01   0.6740E-01   0.6755E-01   0.6770E-01   0.6785E-01   0.6799E-01   0.6813E-01   0.6826E-01   0.6838E-01   0.6851E-01   0.6863E-01   0.6874E-01   0.6885E-01   0.6896E-01   0.6906E-01   0.6916E-01   0.6926E-01   0.6935E-01   0.6943E-01   0.6952E-01   0.6960E-01   0.6968E-01   0.6975E-01   0.6983E-01   0.6990E-01   0.7007E-01   0.7014E-01   0.7020E-01   0.7025E-01   0.7040E-01   0.7045E-01   0.7050E-01   0.7054E-01   0.7093E-01
0.1432E+06   0.1088E+01   -.1855E-01   -.1561E-01   -.1145E-01   -.7014E-02   -.2532E-02   0.1742E-02   0.5718E-02   0.9344E-02   0.1264E-01   0.1562E-01   0.1833E-01   0.2074E-01   0.2296E-01   0.2500E-01   0.2688E-01   0.2862E-01   0.3023E-01   0.3171E-01   0.3308E-01   0.3438E-01   0.3562E-01   0.3679E-01   0.3787E-01   0.3889E-01   0.3982E-01   0.4074E-01   0.4159E-01   0.4239E-01   0.4314E-01   0.4387E-01   0.4456E-01   0.4520E-01   0.4585E-01   0.4645E-01   0.4703E-01   0.4758E-01   0.4810E-01   0.4862E-01   0.4912E-01   0.4958E-01   0.5003E-01   0.5047E-01   0.5090E-01   0.5130E-01   0.5166E-01   0.5204E-01   0.5239E-01   0.5270E-01   0.5302E-01   0.5334E-01   0.5362E-01   0.5389E-01   0.5416E-01   0.5442E-01   0.5466E-01   0.5489E-01   0.5512E-01   0.5534E-01   0.5555E-01   0.5575E-01   0.5594E-01   0.5613E-01   0.5630E-01   0.5648E-01   0.5665E-01   0.5680E-01   0.5695E-01   0.5711E-01   0.5725E-01   0.5739E-01   0.5751E-01   0.5765E-01   0.5777E-01   0.5789E-01   0.5800E-01   0.5811E-01   0.5822E-01   0.5832E-01   0.5842E-01   0.5852E-01   0.5861E-01   0.5870E-01   0.5878E-01   0.5886E-01   0.5894E-01   0.5901E-01   0.5909E-01   0.5916E-01   0.5922E-01   0.5929E-01   0.5935E-01   0.5941E-01   0.5946E-01   0.5952E-01   0.5966E-01   0.5970E-01   0.5975E-01   0.5979E-01   0.5990E-01   0.5994E-01   0.5998E-01   0.6001E-01   0.6030E-01
0.3061E+05   0.1088E+01   -.1962E-01   -.1636E-01   -.1207E-01   -.7445E-02   -.2894E-02   0.1425E-02   0.5405E-02   0.9020E-02   0.1229E-01   0.1525E-01   0.1792E-01   0.2036E-01   0.2256E-01   0.2456E-01   0.2645E-01   0.2815E-01   0.2967E-01   0.3118E-01   0.3259E-01   0.3385E-01   0.3507E-01   0.3618E-01   0.3726E-01   0.3829E-01   0.3925E-01   0.4014E-01   0.4099E-01   0.4180E-01   0.4257E-01   0.4331E-01   0.4398E-01   0.4467E-01   0.4527E-01   0.4588E-01   0.4646E-01   0.4702E-01   0.4757E-01   0.4807E-01   0.4855E-01   0.4904E-01   0.4949E-01   0.4993E-01   0.5033E-01   0.5072E-01   0.5112E-01   0.5147E-01   0.5181E-01   0.5214E-01   0.5246E-01   0.5275E-01   0.5305E-01   0.5332E-01   0.5359E-01   0.5384E-01   0.5409E-01   0.5431E-01   0.5454E-01   0.5476E-01   0.5496E-01   0.5516E-01   0.5535E-01   0.5554E-01   0.5573E-01   0.5589E-01   0.5606E-01   0.5621E-01   0.5637E-01   0.5652E-01   0.5666E-01   0.5679E-01   0.5693E-01   0.5705E-01   0.5717E-01   0.5730E-01   0.5741E-01   0.5751E-01   0.5762E-01   0.5772E-01   0.5782E-01   0.5791E-01   0.5800E-01   0.5809E-01   0.5818E-01   0.5825E-01   0.5833E-01   0.5841E-01   0.5848E-01   0.5855E-01   0.5861E-01   0.5868E-01   0.5873E-01   0.5879E-01   0.5885E-01   0.5891E-01   0.5904E-01   0.5909E-01   0.5913E-01   0.5918E-01   0.5929E-01   0.5932E-01   0.5936E-01   0.5939E-01   0.5969E-01
0.3060E+05   0.1179E+01   -.1433E-01   -.1189E-01   -.8455E-02   -.4636E-02   -.8173E-03   0.2814E-02   0.6160E-02   0.9200E-02   0.1194E-01   0.1443E-01   0.1665E-01   0.1867E-01   0.2049E-01   0.2214E-01   0.2366E-01   0.2505E-01   0.2634E-01   0.2756E-01   0.2867E-01   0.2971E-01   0.3070E-01   0.3162E-01   0.3248E-01   0.3331E-01   0.3407E-01   0.3480E-01   0.3550E-01   0.3614E-01   0.3675E-01   0.3734E-01   0.3789E-01   0.3843E-01   0.3893E-01   0.3941E-01   0.3989E-01   0.4032E-01   0.4076E-01   0.4116E-01   0.4156E-01   0.4193E-01   0.4230E-01   0.4264E-01   0.4297E-01   0.4327E-01   0.4357E-01   0.4385E-01   0.4413E-01   0.4437E-01   0.4463E-01   0.4486E-01   0.4509E-01   0.4530E-01   0.4551E-01   0.4571E-01   0.4591E-01   0.4609E-01   0.4627E-01   0.4644E-01   0.4660E-01   0.4676E-01   0.4691E-01   0.4706E-01   0.4720E-01   0.4734E-01   0.4747E-01   0.4759E-01   0.4771E-01   0.4783E-01   0.4795E-01   0.4805E-01   0.4816E-01   0.4825E-01   0.4835E-01   0.4844E-01   0.4853E-01   0.4862E-01   0.4870E-01   0.4878E-01   0.4885E-01   0.4892E-01   0.4899E-01   0.4906E-01   0.4912E-01   0.4918E-01   0.4924E-01   0.4930E-01   0.4935E-01   0.4940E-01   0.4945E-01   0.4950E-01   0.4954E-01   0.4958E-01   0.4962E-01   0.4966E-01   0.4976E-01   0.4980E-01   0.4983E-01   0.4986E-01   0.4994E-01   0.4996E-01   0.4999E-01   0.5001E-01   0.5023E-01
0.1432E+06   0.1179E+01   -.1362E-01   -.1138E-01   -.8114E-02   -.4479E-02   -.7870E-03   0.2765E-02   0.6073E-02   0.9096E-02   0.1184E-01   0.1432E-01   0.1656E-01   0.1858E-01   0.2040E-01   0.2207E-01   0.2360E-01   0.2500E-01   0.2629E-01   0.2750E-01   0.2862E-01   0.2966E-01   0.3065E-01   0.3157E-01   0.3245E-01   0.3326E-01   0.3404E-01   0.3477E-01   0.3545E-01   0.3609E-01   0.3671E-01   0.3730E-01   0.3785E-01   0.3837E-01   0.3889E-01   0.3938E-01   0.3984E-01   0.4029E-01   0.4071E-01   0.4112E-01   0.4151E-01   0.4188E-01   0.4224E-01   0.4258E-01   0.4292E-01   0.4323E-01   0.4352E-01   0.4381E-01   0.4408E-01   0.4434E-01   0.4459E-01   0.4483E-01   0.4505E-01   0.4527E-01   0.4548E-01   0.4568E-01   0.4587E-01   0.4606E-01   0.4623E-01   0.4640E-01   0.4657E-01   0.4673E-01   0.4688E-01   0.4703E-01   0.4717E-01   0.4730E-01   0.4744E-01   0.4756E-01   0.4768E-01   0.4780E-01   0.4791E-01   0.4802E-01   0.4812E-01   0.4822E-01   0.4832E-01   0.4841E-01   0.4850E-01   0.4859E-01   0.4867E-01   0.4875E-01   0.4882E-01   0.4890E-01   0.4897E-01   0.4903E-01   0.4910E-01   0.4916E-01   0.4922E-01   0.4927E-01   0.4933E-01   0.4938E-01   0.4943E-01   0.4947E-01   0.4952E-01   0.4956E-01   0.4960E-01   0.4964E-01   0.4974E-01   0.4978E-01   0.4981E-01   0.4984E-01   0.4992E-01   0.4995E-01   0.4997E-01   0.5000E-01   0.5020E-01
0.1432E+06   0.1273E+01   -.8543E-02   -.6333E-02   -.3501E-02   -.2639E-03   0.2985E-02   0.6092E-02   0.8956E-02   0.1155E-01   0.1389E-01   0.1599E-01   0.1787E-01   0.1956E-01   0.2107E-01   0.2245E-01   0.2370E-01   0.2485E-01   0.2590E-01   0.2687E-01   0.2777E-01   0.2861E-01   0.2939E-01   0.3012E-01   0.3081E-01   0.3145E-01   0.3206E-01   0.3264E-01   0.3318E-01   0.3369E-01   0.3417E-01   0.3464E-01   0.3508E-01   0.3550E-01   0.3590E-01   0.3629E-01   0.3665E-01   0.3700E-01   0.3733E-01   0.3765E-01   0.3796E-01   0.3825E-01   0.3853E-01   0.3879E-01   0.3904E-01   0.3929E-01   0.3952E-01   0.3974E-01   0.3995E-01   0.4014E-01   0.4034E-01   0.4052E-01   0.4070E-01   0.4087E-01   0.4103E-01   0.4119E-01   0.4134E-01   0.4148E-01   0.4162E-01   0.4175E-01   0.4188E-01   0.4200E-01   0.4212E-01   0.4224E-01   0.4235E-01   0.4245E-01   0.4256E-01   0.4265E-01   0.4275E-01   0.4284E-01   0.4293E-01   0.4301E-01   0.4309E-01   0.4317E-01   0.4324E-01   0.4332E-01   0.4338E-01   0.4345E-01   0.4351E-01   0.4357E-01   0.4363E-01   0.4368E-01   0.4373E-01   0.4378E-01   0.4383E-01   0.4388E-01   0.4392E-01   0.4396E-01   0.4400E-01   0.4403E-01   0.4407E-01   0.4410E-01   0.4413E-01   0.4416E-01   0.4419E-01   0.4422E-01   0.4429E-01   0.4431E-01   0.4433E-01   0.4435E-01   0.4441E-01   0.4443E-01   0.4444E-01   0.4446E-01   0.4460E-01
0.3058E+05   0.1273E+01   -.9260E-02   -.6911E-02   -.3712E-02   -.3718E-03   0.2986E-02   0.6145E-02   0.9041E-02   0.1165E-01   0.1399E-01   0.1608E-01   0.1796E-01   0.1964E-01   0.2115E-01   0.2252E-01   0.2377E-01   0.2490E-01   0.2595E-01   0.2693E-01   0.2783E-01   0.2866E-01   0.2944E-01   0.3017E-01   0.3085E-01   0.3150E-01   0.3210E-01   0.3268E-01   0.3322E-01   0.3373E-01   0.3421E-01   0.3468E-01   0.3512E-01   0.3554E-01   0.3594E-01   0.3633E-01   0.3669E-01   0.3705E-01   0.3738E-01   0.3770E-01   0.3800E-01   0.3829E-01   0.3857E-01   0.3883E-01   0.3909E-01   0.3932E-01   0.3955E-01   0.3977E-01   0.3998E-01   0.4018E-01   0.4037E-01   0.4056E-01   0.4073E-01   0.4090E-01   0.4106E-01   0.4122E-01   0.4137E-01   0.4151E-01   0.4165E-01   0.4178E-01   0.4191E-01   0.4204E-01   0.4215E-01   0.4227E-01   0.4238E-01   0.4248E-01   0.4259E-01   0.4268E-01   0.4278E-01   0.4287E-01   0.4296E-01   0.4304E-01   0.4312E-01   0.4320E-01   0.4327E-01   0.4334E-01   0.4341E-01   0.4348E-01   0.4354E-01   0.4360E-01   0.4365E-01   0.4371E-01   0.4376E-01   0.4381E-01   0.4386E-01   0.4390E-01   0.4394E-01   0.4398E-01   0.4402E-01   0.4406E-01   0.4409E-01   0.4412E-01   0.4415E-01   0.4419E-01   0.4421E-01   0.4424E-01   0.4431E-01   0.4434E-01   0.4436E-01   0.4438E-01   0.4443E-01   0.4445E-01   0.4447E-01   0.4448E-01   0.4463E-01
0.3056E+05   0.1371E+01   -.4831E-02   -.1924E-02   0.1566E-02   0.5084E-02   0.8477E-02   0.1161E-01   0.1443E-01   0.1692E-01   0.1910E-01   0.2100E-01   0.2267E-01   0.2414E-01   0.2545E-01   0.2661E-01   0.2765E-01   0.2860E-01   0.2946E-01   0.3026E-01   0.3100E-01   0.3167E-01   0.3230E-01   0.3289E-01   0.3344E-01   0.3396E-01   0.3445E-01   0.3491E-01   0.3535E-01   0.3576E-01   0.3615E-01   0.3653E-01   0.3688E-01   0.3722E-01   0.3754E-01   0.3784E-01   0.3813E-01   0.3841E-01   0.3867E-01   0.3892E-01   0.3916E-01   0.3939E-01   0.3961E-01   0.3982E-01   0.4001E-01   0.4020E-01   0.4038E-01   0.4055E-01   0.4072E-01   0.4088E-01   0.4103E-01   0.4118E-01   0.4132E-01   0.4145E-01   0.4158E-01   0.4171E-01   0.4182E-01   0.4194E-01   0.4205E-01   0.4215E-01   0.4225E-01   0.4234E-01   0.4244E-01   0.4252E-01   0.4261E-01   0.4269E-01   0.4277E-01   0.4284E-01   0.4291E-01   0.4298E-01   0.4304E-01   0.4311E-01   0.4317E-01   0.4322E-01   0.4328E-01   0.4333E-01   0.4337E-01   0.4342E-01   0.4346E-01   0.4351E-01   0.4355E-01   0.4358E-01   0.4362E-01   0.4365E-01   0.4368E-01   0.4372E-01   0.4374E-01   0.4377E-01   0.4380E-01   0.4382E-01   0.4384E-01   0.4386E-01   0.4388E-01   0.4390E-01   0.4392E-01   0.4394E-01   0.4398E-01   0.4400E-01   0.4401E-01   0.4402E-01   0.4406E-01   0.4407E-01   0.4408E-01   0.4409E-01   0.4418E-01
0.1432E+06   0.1371E+01   -.4185E-02   -.1489E-02   0.1671E-02   0.5111E-02   0.8419E-02   0.1151E-01   0.1432E-01   0.1681E-01   0.1899E-01   0.2089E-01   0.2258E-01   0.2406E-01   0.2538E-01   0.2655E-01   0.2759E-01   0.2854E-01   0.2941E-01   0.3020E-01   0.3094E-01   0.3162E-01   0.3225E-01   0.3284E-01   0.3339E-01   0.3390E-01   0.3439E-01   0.3486E-01   0.3529E-01   0.3571E-01   0.3610E-01   0.3647E-01   0.3682E-01   0.3716E-01   0.3748E-01   0.3778E-01   0.3807E-01   0.3835E-01   0.3862E-01   0.3887E-01   0.3911E-01   0.3933E-01   0.3955E-01   0.3976E-01   0.3996E-01   0.4014E-01   0.4033E-01   0.4050E-01   0.4067E-01   0.4083E-01   0.4098E-01   0.4113E-01   0.4127E-01   0.4140E-01   0.4153E-01   0.4165E-01   0.4177E-01   0.4189E-01   0.4199E-01   0.4210E-01   0.4220E-01   0.4229E-01   0.4239E-01   0.4247E-01   0.4256E-01   0.4264E-01   0.4272E-01   0.4279E-01   0.4286E-01   0.4293E-01   0.4300E-01   0.4306E-01   0.4312E-01   0.4317E-01   0.4323E-01   0.4328E-01   0.4333E-01   0.4337E-01   0.4342E-01   0.4346E-01   0.4350E-01   0.4354E-01   0.4357E-01   0.4361E-01   0.4364E-01   0.4367E-01   0.4370E-01   0.4373E-01   0.4375E-01   0.4378E-01   0.4380E-01   0.4382E-01   0.4384E-01   0.4386E-01   0.4388E-01   0.4389E-01   0.4394E-01   0.4395E-01   0.4397E-01   0.4398E-01   0.4401E-01   0.4402E-01   0.4403E-01   0.4404E-01   0.4413E-01
0.3054E+05   0.1472E+01   -.1209E-02   0.2210E-02   0.6021E-02   0.9839E-02   0.1346E-01   0.1676E-01   0.1971E-01   0.2232E-01   0.2459E-01   0.2656E-01   0.2829E-01   0.2981E-01   0.3116E-01   0.3234E-01   0.3339E-01   0.3433E-01   0.3518E-01   0.3596E-01   0.3668E-01   0.3733E-01   0.3793E-01   0.3848E-01   0.3898E-01   0.3945E-01   0.3988E-01   0.4029E-01   0.4067E-01   0.4102E-01   0.4136E-01   0.4168E-01   0.4198E-01   0.4227E-01   0.4254E-01   0.4280E-01   0.4304E-01   0.4327E-01   0.4349E-01   0.4370E-01   0.4390E-01   0.4409E-01   0.4427E-01   0.4445E-01   0.4462E-01   0.4477E-01   0.4493E-01   0.4507E-01   0.4521E-01   0.4534E-01   0.4546E-01   0.4558E-01   0.4569E-01   0.4580E-01   0.4590E-01   0.4600E-01   0.4609E-01   0.4618E-01   0.4627E-01   0.4635E-01   0.4643E-01   0.4651E-01   0.4658E-01   0.4665E-01   0.4671E-01   0.4677E-01   0.4683E-01   0.4689E-01   0.4694E-01   0.4699E-01   0.4704E-01   0.4708E-01   0.4712E-01   0.4716E-01   0.4720E-01   0.4724E-01   0.4727E-01   0.4730E-01   0.4733E-01   0.4736E-01   0.4739E-01   0.4742E-01   0.4744E-01   0.4746E-01   0.4749E-01   0.4751E-01   0.4753E-01   0.4755E-01   0.4756E-01   0.4758E-01   0.4760E-01   0.4761E-01   0.4762E-01   0.4764E-01   0.4765E-01   0.4766E-01   0.4769E-01   0.4770E-01   0.4771E-01   0.4772E-01   0.4774E-01   0.4774E-01   0.4775E-01   0.4775E-01   0.4782E-01
0.1431E+06   0.1472E+01   -.6840E-03   0.2496E-02   0.6084E-02   0.9808E-02   0.1336E-01   0.1664E-01   0.1958E-01   0.2219E-01   0.2446E-01   0.2645E-01   0.2819E-01   0.2973E-01   0.3108E-01   0.3227E-01   0.3333E-01   0.3427E-01   0.3513E-01   0.3591E-01   0.3663E-01   0.3728E-01   0.3788E-01   0.3843E-01   0.3894E-01   0.3940E-01   0.3984E-01   0.4024E-01   0.4062E-01   0.4098E-01   0.4131E-01   0.4163E-01   0.4193E-01   0.4222E-01   0.4249E-01   0.4275E-01   0.4299E-01   0.4323E-01   0.4344E-01   0.4365E-01   0.4385E-01   0.4405E-01   0.4423E-01   0.4441E-01   0.4457E-01   0.4473E-01   0.4488E-01   0.4503E-01   0.4516E-01   0.4529E-01   0.4542E-01   0.4554E-01   0.4565E-01   0.4576E-01   0.4586E-01   0.4596E-01   0.4605E-01   0.4614E-01   0.4623E-01   0.4631E-01   0.4639E-01   0.4647E-01   0.4654E-01   0.4661E-01   0.4667E-01   0.4673E-01   0.4679E-01   0.4685E-01   0.4690E-01   0.4695E-01   0.4700E-01   0.4704E-01   0.4709E-01   0.4713E-01   0.4716E-01   0.4720E-01   0.4723E-01   0.4727E-01   0.4730E-01   0.4733E-01   0.4735E-01   0.4738E-01   0.4741E-01   0.4743E-01   0.4745E-01   0.4747E-01   0.4749E-01   0.4751E-01   0.4753E-01   0.4754E-01   0.4756E-01   0.4757E-01   0.4759E-01   0.4760E-01   0.4761E-01   0.4762E-01   0.4766E-01   0.4767E-01   0.4767E-01   0.4768E-01   0.4770E-01   0.4771E-01   0.4772E-01   0.4772E-01   0.4778E-01
0.1431E+06   0.1578E+01   0.2189E-02   0.5855E-02   0.9832E-02   0.1382E-01   0.1759E-01   0.2103E-01   0.2410E-01   0.2683E-01   0.2922E-01   0.3132E-01   0.3316E-01   0.3477E-01   0.3620E-01   0.3747E-01   0.3859E-01   0.3961E-01   0.4053E-01   0.4136E-01   0.4211E-01   0.4280E-01   0.4343E-01   0.4401E-01   0.4455E-01   0.4504E-01   0.4550E-01   0.4593E-01   0.4633E-01   0.4671E-01   0.4707E-01   0.4740E-01   0.4772E-01   0.4802E-01   0.4830E-01   0.4857E-01   0.4883E-01   0.4907E-01   0.4929E-01   0.4951E-01   0.4972E-01   0.4991E-01   0.5010E-01   0.5028E-01   0.5045E-01   0.5061E-01   0.5076E-01   0.5091E-01   0.5105E-01   0.5119E-01   0.5132E-01   0.5144E-01   0.5156E-01   0.5167E-01   0.5178E-01   0.5188E-01   0.5198E-01   0.5207E-01   0.5216E-01   0.5225E-01   0.5233E-01   0.5241E-01   0.5248E-01   0.5255E-01   0.5262E-01   0.5268E-01   0.5274E-01   0.5280E-01   0.5285E-01   0.5291E-01   0.5295E-01   0.5300E-01   0.5305E-01   0.5309E-01   0.5313E-01   0.5317E-01   0.5320E-01   0.5323E-01   0.5327E-01   0.5330E-01   0.5333E-01   0.5335E-01   0.5338E-01   0.5340E-01   0.5343E-01   0.5345E-01   0.5347E-01   0.5349E-01   0.5351E-01   0.5352E-01   0.5354E-01   0.5355E-01   0.5357E-01   0.5358E-01   0.5359E-01   0.5361E-01   0.5364E-01   0.5365E-01   0.5366E-01   0.5367E-01   0.5369E-01   0.5370E-01   0.5370E-01   0.5371E-01   0.5378E-01
0.3053E+05   0.1578E+01   0.1797E-02   0.5695E-02   0.9832E-02   0.1391E-01   0.1772E-01   0.2118E-01   0.2426E-01   0.2698E-01   0.2936E-01   0.3144E-01   0.3326E-01   0.3487E-01   0.3628E-01   0.3754E-01   0.3866E-01   0.3967E-01   0.4058E-01   0.4141E-01   0.4216E-01   0.4284E-01   0.4347E-01   0.4405E-01   0.4458E-01   0.4508E-01   0.4554E-01   0.4597E-01   0.4637E-01   0.4675E-01   0.4710E-01   0.4744E-01   0.4776E-01   0.4806E-01   0.4834E-01   0.4861E-01   0.4886E-01   0.4910E-01   0.4933E-01   0.4955E-01   0.4975E-01   0.4995E-01   0.5014E-01   0.5031E-01   0.5048E-01   0.5064E-01   0.5080E-01   0.5095E-01   0.5109E-01   0.5122E-01   0.5135E-01   0.5147E-01   0.5159E-01   0.5170E-01   0.5181E-01   0.5191E-01   0.5201E-01   0.5211E-01   0.5219E-01   0.5228E-01   0.5236E-01   0.5244E-01   0.5251E-01   0.5258E-01   0.5265E-01   0.5271E-01   0.5277E-01   0.5283E-01   0.5288E-01   0.5294E-01   0.5298E-01   0.5303E-01   0.5307E-01   0.5312E-01   0.5316E-01   0.5319E-01   0.5323E-01   0.5326E-01   0.5329E-01   0.5332E-01   0.5335E-01   0.5338E-01   0.5341E-01   0.5343E-01   0.5345E-01   0.5348E-01   0.5350E-01   0.5352E-01   0.5353E-01   0.5355E-01   0.5357E-01   0.5358E-01   0.5360E-01   0.5361E-01   0.5362E-01   0.5363E-01   0.5367E-01   0.5368E-01   0.5368E-01   0.5369E-01   0.5372E-01   0.5372E-01   0.5373E-01   0.5374E-01   0.5380E-01
0.3051E+05   0.1687E+01   0.4312E-02   0.8657E-02   0.1312E-01   0.1745E-01   0.2146E-01   0.2508E-01   0.2829E-01   0.3112E-01   0.3359E-01   0.3576E-01   0.3766E-01   0.3933E-01   0.4081E-01   0.4213E-01   0.4330E-01   0.4436E-01   0.4532E-01   0.4619E-01   0.4698E-01   0.4771E-01   0.4837E-01   0.4899E-01   0.4956E-01   0.5009E-01   0.5059E-01   0.5105E-01   0.5149E-01   0.5190E-01   0.5229E-01   0.5265E-01   0.5300E-01   0.5332E-01   0.5363E-01   0.5392E-01   0.5419E-01   0.5445E-01   0.5469E-01   0.5492E-01   0.5514E-01   0.5535E-01   0.5555E-01   0.5574E-01   0.5592E-01   0.5609E-01   0.5626E-01   0.5642E-01   0.5657E-01   0.5671E-01   0.5685E-01   0.5698E-01   0.5711E-01   0.5723E-01   0.5735E-01   0.5746E-01   0.5756E-01   0.5766E-01   0.5776E-01   0.5785E-01   0.5794E-01   0.5802E-01   0.5810E-01   0.5818E-01   0.5825E-01   0.5832E-01   0.5839E-01   0.5845E-01   0.5851E-01   0.5857E-01   0.5862E-01   0.5868E-01   0.5872E-01   0.5877E-01   0.5882E-01   0.5886E-01   0.5890E-01   0.5894E-01   0.5897E-01   0.5901E-01   0.5904E-01   0.5907E-01   0.5910E-01   0.5913E-01   0.5915E-01   0.5918E-01   0.5920E-01   0.5922E-01   0.5924E-01   0.5926E-01   0.5928E-01   0.5930E-01   0.5932E-01   0.5933E-01   0.5935E-01   0.5936E-01   0.5940E-01   0.5941E-01   0.5942E-01   0.5943E-01   0.5946E-01   0.5947E-01   0.5948E-01   0.5948E-01   0.5956E-01
0.1431E+06   0.1687E+01   0.4579E-02   0.8725E-02   0.1306E-01   0.1731E-01   0.2128E-01   0.2489E-01   0.2811E-01   0.3095E-01   0.3345E-01   0.3563E-01   0.3755E-01   0.3924E-01   0.4073E-01   0.4205E-01   0.4324E-01   0.4430E-01   0.4527E-01   0.4614E-01   0.4694E-01   0.4766E-01   0.4833E-01   0.4895E-01   0.4952E-01   0.5006E-01   0.5055E-01   0.5102E-01   0.5146E-01   0.5187E-01   0.5225E-01   0.5262E-01   0.5297E-01   0.5329E-01   0.5360E-01   0.5389E-01   0.5416E-01   0.5442E-01   0.5467E-01   0.5490E-01   0.5512E-01   0.5532E-01   0.5552E-01   0.5571E-01   0.5589E-01   0.5607E-01   0.5623E-01   0.5639E-01   0.5654E-01   0.5669E-01   0.5683E-01   0.5696E-01   0.5708E-01   0.5721E-01   0.5732E-01   0.5743E-01   0.5754E-01   0.5764E-01   0.5774E-01   0.5783E-01   0.5792E-01   0.5800E-01   0.5808E-01   0.5816E-01   0.5823E-01   0.5830E-01   0.5836E-01   0.5843E-01   0.5849E-01   0.5855E-01   0.5860E-01   0.5865E-01   0.5870E-01   0.5875E-01   0.5879E-01   0.5884E-01   0.5888E-01   0.5891E-01   0.5895E-01   0.5899E-01   0.5902E-01   0.5905E-01   0.5908E-01   0.5911E-01   0.5913E-01   0.5916E-01   0.5918E-01   0.5920E-01   0.5922E-01   0.5924E-01   0.5926E-01   0.5928E-01   0.5930E-01   0.5931E-01   0.5933E-01   0.5934E-01   0.5938E-01   0.5939E-01   0.5940E-01   0.5941E-01   0.5944E-01   0.5945E-01   0.5946E-01   0.5946E-01   0.5954E-01
0.1431E+06   0.1800E+01   0.6596E-02   0.1120E-01   0.1588E-01   0.2038E-01   0.2456E-01   0.2832E-01   0.3167E-01   0.3462E-01   0.3721E-01   0.3948E-01   0.4147E-01   0.4322E-01   0.4478E-01   0.4616E-01   0.4740E-01   0.4852E-01   0.4953E-01   0.5045E-01   0.5130E-01   0.5206E-01   0.5277E-01   0.5343E-01   0.5404E-01   0.5460E-01   0.5513E-01   0.5563E-01   0.5609E-01   0.5653E-01   0.5694E-01   0.5733E-01   0.5769E-01   0.5804E-01   0.5836E-01   0.5867E-01   0.5896E-01   0.5924E-01   0.5950E-01   0.5975E-01   0.5998E-01   0.6020E-01   0.6041E-01   0.6062E-01   0.6081E-01   0.6099E-01   0.6117E-01   0.6134E-01   0.6150E-01   0.6165E-01   0.6180E-01   0.6194E-01   0.6208E-01   0.6220E-01   0.6233E-01   0.6245E-01   0.6256E-01   0.6267E-01   0.6277E-01   0.6287E-01   0.6296E-01   0.6305E-01   0.6314E-01   0.6322E-01   0.6330E-01   0.6337E-01   0.6345E-01   0.6351E-01   0.6358E-01   0.6364E-01   0.6370E-01   0.6376E-01   0.6381E-01   0.6386E-01   0.6391E-01   0.6395E-01   0.6400E-01   0.6404E-01   0.6408E-01   0.6412E-01   0.6415E-01   0.6419E-01   0.6422E-01   0.6425E-01   0.6428E-01   0.6431E-01   0.6433E-01   0.6436E-01   0.6438E-01   0.6440E-01   0.6442E-01   0.6444E-01   0.6446E-01   0.6448E-01   0.6450E-01   0.6451E-01   0.6456E-01   0.6457E-01   0.6458E-01   0.6459E-01   0.6463E-01   0.6464E-01   0.6465E-01   0.6465E-01   0.6474E-01
0.3049E+05   0.1800E+01   0.6437E-02   0.1121E-01   0.1599E-01   0.2056E-01   0.2477E-01   0.2854E-01   0.3187E-01   0.3480E-01   0.3737E-01   0.3962E-01   0.4159E-01   0.4333E-01   0.4487E-01   0.4624E-01   0.4747E-01   0.4858E-01   0.4959E-01   0.5050E-01   0.5134E-01   0.5211E-01   0.5281E-01   0.5347E-01   0.5407E-01   0.5464E-01   0.5516E-01   0.5566E-01   0.5612E-01   0.5656E-01   0.5696E-01   0.5735E-01   0.5772E-01   0.5806E-01   0.5839E-01   0.5870E-01   0.5899E-01   0.5926E-01   0.5952E-01   0.5977E-01   0.6000E-01   0.6023E-01   0.6044E-01   0.6064E-01   0.6083E-01   0.6101E-01   0.6119E-01   0.6136E-01   0.6152E-01   0.6167E-01   0.6182E-01   0.6196E-01   0.6210E-01   0.6222E-01   0.6235E-01   0.6247E-01   0.6258E-01   0.6269E-01   0.6279E-01   0.6289E-01   0.6298E-01   0.6307E-01   0.6316E-01   0.6324E-01   0.6332E-01   0.6339E-01   0.6346E-01   0.6353E-01   0.6360E-01   0.6366E-01   0.6372E-01   0.6377E-01   0.6383E-01   0.6388E-01   0.6393E-01   0.6397E-01   0.6401E-01   0.6406E-01   0.6410E-01   0.6413E-01   0.6417E-01   0.6420E-01   0.6424E-01   0.6427E-01   0.6429E-01   0.6432E-01   0.6435E-01   0.6437E-01   0.6440E-01   0.6442E-01   0.6444E-01   0.6446E-01   0.6448E-01   0.6450E-01   0.6451E-01   0.6453E-01   0.6457E-01   0.6459E-01   0.6460E-01   0.6461E-01   0.6464E-01   0.6465E-01   0.6466E-01   0.6467E-01   0.6476E-01
0.3048E+05   0.1917E+01   0.8249E-02   0.1343E-01   0.1853E-01   0.2333E-01   0.2772E-01   0.3163E-01   0.3508E-01   0.3811E-01   0.4077E-01   0.4309E-01   0.4512E-01   0.4692E-01   0.4852E-01   0.4995E-01   0.5123E-01   0.5239E-01   0.5344E-01   0.5440E-01   0.5528E-01   0.5608E-01   0.5682E-01   0.5751E-01   0.5815E-01   0.5875E-01   0.5930E-01   0.5982E-01   0.6031E-01   0.6077E-01   0.6120E-01   0.6161E-01   0.6200E-01   0.6236E-01   0.6271E-01   0.6303E-01   0.6334E-01   0.6363E-01   0.6391E-01   0.6417E-01   0.6442E-01   0.6466E-01   0.6488E-01   0.6510E-01   0.6530E-01   0.6550E-01   0.6569E-01   0.6587E-01   0.6604E-01   0.6620E-01   0.6636E-01   0.6651E-01   0.6665E-01   0.6679E-01   0.6692E-01   0.6705E-01   0.6717E-01   0.6728E-01   0.6739E-01   0.6750E-01   0.6760E-01   0.6770E-01   0.6779E-01   0.6788E-01   0.6796E-01   0.6804E-01   0.6812E-01   0.6819E-01   0.6826E-01   0.6833E-01   0.6839E-01   0.6845E-01   0.6851E-01   0.6856E-01   0.6862E-01   0.6867E-01   0.6871E-01   0.6876E-01   0.6880E-01   0.6884E-01   0.6888E-01   0.6892E-01   0.6896E-01   0.6899E-01   0.6902E-01   0.6905E-01   0.6908E-01   0.6911E-01   0.6913E-01   0.6916E-01   0.6918E-01   0.6920E-01   0.6923E-01   0.6925E-01   0.6926E-01   0.6928E-01   0.6933E-01   0.6935E-01   0.6936E-01   0.6937E-01   0.6941E-01   0.6942E-01   0.6943E-01   0.6944E-01   0.6954E-01
0.1431E+06   0.1917E+01   0.8315E-02   0.1335E-01   0.1835E-01   0.2311E-01   0.2747E-01   0.3139E-01   0.3486E-01   0.3792E-01   0.4059E-01   0.4294E-01   0.4500E-01   0.4681E-01   0.4843E-01   0.4987E-01   0.5116E-01   0.5233E-01   0.5339E-01   0.5435E-01   0.5523E-01   0.5604E-01   0.5678E-01   0.5747E-01   0.5811E-01   0.5871E-01   0.5927E-01   0.5979E-01   0.6028E-01   0.6074E-01   0.6118E-01   0.6159E-01   0.6197E-01   0.6234E-01   0.6268E-01   0.6301E-01   0.6332E-01   0.6361E-01   0.6389E-01   0.6415E-01   0.6440E-01   0.6464E-01   0.6486E-01   0.6508E-01   0.6528E-01   0.6548E-01   0.6567E-01   0.6585E-01   0.6602E-01   0.6618E-01   0.6634E-01   0.6649E-01   0.6664E-01   0.6677E-01   0.6691E-01   0.6703E-01   0.6715E-01   0.6727E-01   0.6738E-01   0.6748E-01   0.6758E-01   0.6768E-01   0.6777E-01   0.6786E-01   0.6795E-01   0.6803E-01   0.6810E-01   0.6818E-01   0.6825E-01   0.6831E-01   0.6838E-01   0.6844E-01   0.6850E-01   0.6855E-01   0.6860E-01   0.6865E-01   0.6870E-01   0.6875E-01   0.6879E-01   0.6883E-01   0.6887E-01   0.6891E-01   0.6894E-01   0.6898E-01   0.6901E-01   0.6904E-01   0.6907E-01   0.6910E-01   0.6912E-01   0.6915E-01   0.6917E-01   0.6919E-01   0.6921E-01   0.6923E-01   0.6925E-01   0.6927E-01   0.6932E-01   0.6933E-01   0.6935E-01   0.6936E-01   0.6940E-01   0.6941E-01   0.6942E-01   0.6943E-01   0.6953E-01
0.1431E+06   0.2039E+01   0.9792E-02   0.1523E-01   0.2054E-01   0.2553E-01   0.3008E-01   0.3415E-01   0.3774E-01   0.4088E-01   0.4364E-01   0.4606E-01   0.4818E-01   0.5005E-01   0.5172E-01   0.5321E-01   0.5455E-01   0.5577E-01   0.5687E-01   0.5787E-01   0.5879E-01   0.5964E-01   0.6042E-01   0.6114E-01   0.6181E-01   0.6244E-01   0.6302E-01   0.6357E-01   0.6409E-01   0.6457E-01   0.6503E-01   0.6546E-01   0.6587E-01   0.6625E-01   0.6661E-01   0.6696E-01   0.6728E-01   0.6759E-01   0.6789E-01   0.6816E-01   0.6843E-01   0.6868E-01   0.6892E-01   0.6915E-01   0.6936E-01   0.6957E-01   0.6977E-01   0.6996E-01   0.7014E-01   0.7032E-01   0.7048E-01   0.7064E-01   0.7079E-01   0.7094E-01   0.7108E-01   0.7121E-01   0.7134E-01   0.7147E-01   0.7158E-01   0.7169E-01   0.7180E-01   0.7190E-01   0.7200E-01   0.7210E-01   0.7219E-01   0.7227E-01   0.7235E-01   0.7243E-01   0.7251E-01   0.7258E-01   0.7265E-01   0.7271E-01   0.7278E-01   0.7283E-01   0.7289E-01   0.7295E-01   0.7300E-01   0.7305E-01   0.7309E-01   0.7314E-01   0.7318E-01   0.7322E-01   0.7326E-01   0.7329E-01   0.7333E-01   0.7336E-01   0.7339E-01   0.7342E-01   0.7345E-01   0.7348E-01   0.7351E-01   0.7353E-01   0.7355E-01   0.7358E-01   0.7360E-01   0.7362E-01   0.7367E-01   0.7369E-01   0.7370E-01   0.7372E-01   0.7376E-01   0.7377E-01   0.7378E-01   0.7380E-01   0.7391E-01
0.3046E+05   0.2039E+01   0.9803E-02   0.1537E-01   0.2076E-01   0.2580E-01   0.3036E-01   0.3441E-01   0.3798E-01   0.4110E-01   0.4382E-01   0.4621E-01   0.4832E-01   0.5017E-01   0.5182E-01   0.5330E-01   0.5463E-01   0.5584E-01   0.5693E-01   0.5793E-01   0.5884E-01   0.5968E-01   0.6046E-01   0.6118E-01   0.6185E-01   0.6247E-01   0.6305E-01   0.6360E-01   0.6411E-01   0.6460E-01   0.6505E-01   0.6548E-01   0.6589E-01   0.6627E-01   0.6664E-01   0.6698E-01   0.6731E-01   0.6761E-01   0.6791E-01   0.6818E-01   0.6845E-01   0.6870E-01   0.6894E-01   0.6916E-01   0.6938E-01   0.6959E-01   0.6979E-01   0.6998E-01   0.7016E-01   0.7033E-01   0.7050E-01   0.7066E-01   0.7081E-01   0.7095E-01   0.7109E-01   0.7123E-01   0.7136E-01   0.7148E-01   0.7160E-01   0.7171E-01   0.7182E-01   0.7192E-01   0.7202E-01   0.7211E-01   0.7220E-01   0.7229E-01   0.7237E-01   0.7245E-01   0.7252E-01   0.7259E-01   0.7266E-01   0.7273E-01   0.7279E-01   0.7285E-01   0.7290E-01   0.7296E-01   0.7301E-01   0.7306E-01   0.7310E-01   0.7315E-01   0.7319E-01   0.7323E-01   0.7327E-01   0.7331E-01   0.7334E-01   0.7337E-01   0.7340E-01   0.7343E-01   0.7346E-01   0.7349E-01   0.7352E-01   0.7354E-01   0.7356E-01   0.7359E-01   0.7361E-01   0.7363E-01   0.7368E-01   0.7370E-01   0.7371E-01   0.7373E-01   0.7377E-01   0.7378E-01   0.7379E-01   0.7381E-01   0.7392E-01
0.3044E+05   0.2165E+01   0.1114E-01   0.1707E-01   0.2274E-01   0.2799E-01   0.3272E-01   0.3690E-01   0.4057E-01   0.4378E-01   0.4658E-01   0.4903E-01   0.5119E-01   0.5310E-01   0.5480E-01   0.5632E-01   0.5770E-01   0.5894E-01   0.6007E-01   0.6111E-01   0.6206E-01   0.6293E-01   0.6374E-01   0.6449E-01   0.6519E-01   0.6584E-01   0.6645E-01   0.6702E-01   0.6756E-01   0.6806E-01   0.6854E-01   0.6899E-01   0.6942E-01   0.6982E-01   0.7020E-01   0.7056E-01   0.7090E-01   0.7123E-01   0.7153E-01   0.7182E-01   0.7210E-01   0.7236E-01   0.7262E-01   0.7286E-01   0.7308E-01   0.7330E-01   0.7351E-01   0.7371E-01   0.7390E-01   0.7409E-01   0.7426E-01   0.7443E-01   0.7459E-01   0.7474E-01   0.7489E-01   0.7503E-01   0.7517E-01   0.7530E-01   0.7542E-01   0.7554E-01   0.7565E-01   0.7576E-01   0.7586E-01   0.7596E-01   0.7606E-01   0.7615E-01   0.7624E-01   0.7632E-01   0.7640E-01   0.7648E-01   0.7655E-01   0.7662E-01   0.7668E-01   0.7675E-01   0.7681E-01   0.7686E-01   0.7692E-01   0.7697E-01   0.7702E-01   0.7707E-01   0.7711E-01   0.7716E-01   0.7720E-01   0.7724E-01   0.7728E-01   0.7731E-01   0.7734E-01   0.7738E-01   0.7741E-01   0.7744E-01   0.7747E-01   0.7749E-01   0.7752E-01   0.7754E-01   0.7756E-01   0.7759E-01   0.7764E-01   0.7766E-01   0.7768E-01   0.7770E-01   0.7774E-01   0.7776E-01   0.7777E-01   0.7778E-01   0.7791E-01
0.1430E+06   0.2165E+01   0.1106E-01   0.1688E-01   0.2247E-01   0.2769E-01   0.3241E-01   0.3662E-01   0.4031E-01   0.4355E-01   0.4638E-01   0.4886E-01   0.5104E-01   0.5297E-01   0.5469E-01   0.5623E-01   0.5761E-01   0.5887E-01   0.6001E-01   0.6105E-01   0.6201E-01   0.6288E-01   0.6370E-01   0.6445E-01   0.6515E-01   0.6580E-01   0.6642E-01   0.6699E-01   0.6753E-01   0.6804E-01   0.6851E-01   0.6897E-01   0.6939E-01   0.6979E-01   0.7018E-01   0.7054E-01   0.7088E-01   0.7121E-01   0.7151E-01   0.7181E-01   0.7208E-01   0.7235E-01   0.7260E-01   0.7284E-01   0.7307E-01   0.7329E-01   0.7350E-01   0.7370E-01   0.7389E-01   0.7407E-01   0.7425E-01   0.7441E-01   0.7457E-01   0.7473E-01   0.7488E-01   0.7502E-01   0.7515E-01   0.7528E-01   0.7541E-01   0.7553E-01   0.7564E-01   0.7575E-01   0.7585E-01   0.7595E-01   0.7605E-01   0.7614E-01   0.7623E-01   0.7631E-01   0.7639E-01   0.7646E-01   0.7654E-01   0.7661E-01   0.7667E-01   0.7674E-01   0.7680E-01   0.7685E-01   0.7691E-01   0.7696E-01   0.7701E-01   0.7706E-01   0.7710E-01   0.7715E-01   0.7719E-01   0.7723E-01   0.7727E-01   0.7730E-01   0.7734E-01   0.7737E-01   0.7740E-01   0.7743E-01   0.7746E-01   0.7748E-01   0.7751E-01   0.7753E-01   0.7756E-01   0.7758E-01   0.7764E-01   0.7765E-01   0.7767E-01   0.7769E-01   0.7773E-01   0.7775E-01   0.7776E-01   0.7777E-01   0.7790E-01
0.1430E+06   0.2296E+01   0.1215E-01   0.1830E-01   0.2417E-01   0.2959E-01   0.3448E-01   0.3881E-01   0.4261E-01   0.4593E-01   0.4883E-01   0.5137E-01   0.5360E-01   0.5558E-01   0.5734E-01   0.5892E-01   0.6035E-01   0.6164E-01   0.6282E-01   0.6390E-01   0.6488E-01   0.6579E-01   0.6664E-01   0.6742E-01   0.6815E-01   0.6883E-01   0.6946E-01   0.7006E-01   0.7062E-01   0.7115E-01   0.7164E-01   0.7212E-01   0.7256E-01   0.7298E-01   0.7338E-01   0.7376E-01   0.7411E-01   0.7445E-01   0.7478E-01   0.7508E-01   0.7537E-01   0.7565E-01   0.7591E-01   0.7617E-01   0.7640E-01   0.7663E-01   0.7685E-01   0.7706E-01   0.7726E-01   0.7746E-01   0.7764E-01   0.7782E-01   0.7799E-01   0.7815E-01   0.7830E-01   0.7845E-01   0.7859E-01   0.7873E-01   0.7886E-01   0.7898E-01   0.7910E-01   0.7922E-01   0.7933E-01   0.7943E-01   0.7953E-01   0.7963E-01   0.7972E-01   0.7981E-01   0.7989E-01   0.7997E-01   0.8005E-01   0.8012E-01   0.8019E-01   0.8026E-01   0.8032E-01   0.8038E-01   0.8044E-01   0.8050E-01   0.8055E-01   0.8060E-01   0.8065E-01   0.8070E-01   0.8074E-01   0.8078E-01   0.8082E-01   0.8086E-01   0.8090E-01   0.8093E-01   0.8097E-01   0.8100E-01   0.8103E-01   0.8106E-01   0.8108E-01   0.8111E-01   0.8113E-01   0.8116E-01   0.8122E-01   0.8124E-01   0.8126E-01   0.8128E-01   0.8133E-01   0.8134E-01   0.8136E-01   0.8137E-01   0.8150E-01
0.3042E+05   0.2296E+01   0.1228E-01   0.1854E-01   0.2448E-01   0.2993E-01   0.3481E-01   0.3912E-01   0.4288E-01   0.4616E-01   0.4903E-01   0.5154E-01   0.5375E-01   0.5571E-01   0.5746E-01   0.5902E-01   0.6044E-01   0.6172E-01   0.6289E-01   0.6396E-01   0.6494E-01   0.6584E-01   0.6668E-01   0.6746E-01   0.6818E-01   0.6886E-01   0.6950E-01   0.7009E-01   0.7065E-01   0.7118E-01   0.7167E-01   0.7214E-01   0.7258E-01   0.7300E-01   0.7340E-01   0.7378E-01   0.7413E-01   0.7447E-01   0.7480E-01   0.7510E-01   0.7539E-01   0.7567E-01   0.7593E-01   0.7618E-01   0.7642E-01   0.7665E-01   0.7687E-01   0.7708E-01   0.7728E-01   0.7747E-01   0.7765E-01   0.7783E-01   0.7800E-01   0.7816E-01   0.7831E-01   0.7846E-01   0.7860E-01   0.7874E-01   0.7887E-01   0.7900E-01   0.7911E-01   0.7923E-01   0.7934E-01   0.7944E-01   0.7954E-01   0.7964E-01   0.7973E-01   0.7982E-01   0.7990E-01   0.7998E-01   0.8006E-01   0.8013E-01   0.8020E-01   0.8027E-01   0.8033E-01   0.8039E-01   0.8045E-01   0.8051E-01   0.8056E-01   0.8061E-01   0.8066E-01   0.8071E-01   0.8075E-01   0.8079E-01   0.8083E-01   0.8087E-01   0.8091E-01   0.8094E-01   0.8097E-01   0.8101E-01   0.8103E-01   0.8106E-01   0.8109E-01   0.8112E-01   0.8114E-01   0.8116E-01   0.8123E-01   0.8125E-01   0.8127E-01   0.8128E-01   0.8133E-01   0.8135E-01   0.8136E-01   0.8138E-01   0.8151E-01
0.3041E+05   0.2432E+01   0.1324E-01   0.1981E-01   0.2598E-01   0.3162E-01   0.3664E-01   0.4106E-01   0.4491E-01   0.4826E-01   0.5119E-01   0.5375E-01   0.5601E-01   0.5801E-01   0.5979E-01   0.6140E-01   0.6285E-01   0.6417E-01   0.6537E-01   0.6647E-01   0.6748E-01   0.6841E-01   0.6928E-01   0.7008E-01   0.7083E-01   0.7153E-01   0.7219E-01   0.7280E-01   0.7338E-01   0.7393E-01   0.7444E-01   0.7493E-01   0.7539E-01   0.7582E-01   0.7624E-01   0.7663E-01   0.7700E-01   0.7735E-01   0.7769E-01   0.7801E-01   0.7831E-01   0.7860E-01   0.7887E-01   0.7913E-01   0.7938E-01   0.7962E-01   0.7985E-01   0.8007E-01   0.8028E-01   0.8048E-01   0.8067E-01   0.8085E-01   0.8103E-01   0.8120E-01   0.8136E-01   0.8151E-01   0.8166E-01   0.8180E-01   0.8194E-01   0.8207E-01   0.8219E-01   0.8231E-01   0.8243E-01   0.8254E-01   0.8264E-01   0.8274E-01   0.8284E-01   0.8293E-01   0.8302E-01   0.8310E-01   0.8318E-01   0.8326E-01   0.8333E-01   0.8340E-01   0.8347E-01   0.8354E-01   0.8360E-01   0.8366E-01   0.8371E-01   0.8377E-01   0.8382E-01   0.8386E-01   0.8391E-01   0.8396E-01   0.8400E-01   0.8404E-01   0.8408E-01   0.8411E-01   0.8415E-01   0.8418E-01   0.8421E-01   0.8424E-01   0.8427E-01   0.8430E-01   0.8433E-01   0.8435E-01   0.8442E-01   0.8444E-01   0.8446E-01   0.8448E-01   0.8453E-01   0.8455E-01   0.8457E-01   0.8458E-01   0.8472E-01
0.1430E+06   0.2432E+01   0.1307E-01   0.1953E-01   0.2564E-01   0.3125E-01   0.3629E-01   0.4073E-01   0.4462E-01   0.4801E-01   0.5097E-01   0.5357E-01   0.5585E-01   0.5787E-01   0.5968E-01   0.6130E-01   0.6276E-01   0.6409E-01   0.6530E-01   0.6640E-01   0.6742E-01   0.6836E-01   0.6923E-01   0.7004E-01   0.7079E-01   0.7149E-01   0.7215E-01   0.7277E-01   0.7335E-01   0.7390E-01   0.7441E-01   0.7490E-01   0.7536E-01   0.7580E-01   0.7621E-01   0.7661E-01   0.7698E-01   0.7733E-01   0.7767E-01   0.7799E-01   0.7829E-01   0.7858E-01   0.7885E-01   0.7912E-01   0.7937E-01   0.7961E-01   0.7983E-01   0.8005E-01   0.8026E-01   0.8046E-01   0.8066E-01   0.8084E-01   0.8102E-01   0.8118E-01   0.8135E-01   0.8150E-01   0.8165E-01   0.8179E-01   0.8193E-01   0.8206E-01   0.8218E-01   0.8230E-01   0.8242E-01   0.8253E-01   0.8263E-01   0.8273E-01   0.8283E-01   0.8292E-01   0.8301E-01   0.8309E-01   0.8317E-01   0.8325E-01   0.8333E-01   0.8340E-01   0.8346E-01   0.8353E-01   0.8359E-01   0.8365E-01   0.8370E-01   0.8376E-01   0.8381E-01   0.8386E-01   0.8390E-01   0.8395E-01   0.8399E-01   0.8403E-01   0.8407E-01   0.8411E-01   0.8414E-01   0.8418E-01   0.8421E-01   0.8424E-01   0.8427E-01   0.8429E-01   0.8432E-01   0.8435E-01   0.8441E-01   0.8443E-01   0.8445E-01   0.8447E-01   0.8453E-01   0.8454E-01   0.8456E-01   0.8457E-01   0.8472E-01
0.1430E+06   0.2573E+01   0.1383E-01   0.2055E-01   0.2687E-01   0.3265E-01   0.3782E-01   0.4237E-01   0.4634E-01   0.4979E-01   0.5281E-01   0.5545E-01   0.5777E-01   0.5983E-01   0.6167E-01   0.6333E-01   0.6482E-01   0.6618E-01   0.6742E-01   0.6855E-01   0.6960E-01   0.7056E-01   0.7146E-01   0.7229E-01   0.7306E-01   0.7379E-01   0.7447E-01   0.7510E-01   0.7570E-01   0.7627E-01   0.7680E-01   0.7731E-01   0.7778E-01   0.7823E-01   0.7866E-01   0.7907E-01   0.7945E-01   0.7982E-01   0.8017E-01   0.8050E-01   0.8081E-01   0.8111E-01   0.8140E-01   0.8167E-01   0.8193E-01   0.8218E-01   0.8242E-01   0.8264E-01   0.8286E-01   0.8307E-01   0.8327E-01   0.8346E-01   0.8364E-01   0.8382E-01   0.8399E-01   0.8415E-01   0.8430E-01   0.8445E-01   0.8459E-01   0.8473E-01   0.8486E-01   0.8498E-01   0.8510E-01   0.8521E-01   0.8532E-01   0.8543E-01   0.8553E-01   0.8562E-01   0.8572E-01   0.8580E-01   0.8589E-01   0.8597E-01   0.8605E-01   0.8612E-01   0.8619E-01   0.8626E-01   0.8632E-01   0.8638E-01   0.8644E-01   0.8650E-01   0.8655E-01   0.8660E-01   0.8665E-01   0.8670E-01   0.8674E-01   0.8678E-01   0.8683E-01   0.8686E-01   0.8690E-01   0.8694E-01   0.8697E-01   0.8700E-01   0.8703E-01   0.8706E-01   0.8709E-01   0.8712E-01   0.8719E-01   0.8721E-01   0.8723E-01   0.8725E-01   0.8731E-01   0.8733E-01   0.8734E-01   0.8736E-01   0.8751E-01
0.3039E+05   0.2573E+01   0.1403E-01   0.2086E-01   0.2725E-01   0.3305E-01   0.3820E-01   0.4271E-01   0.4664E-01   0.5005E-01   0.5303E-01   0.5564E-01   0.5794E-01   0.5997E-01   0.6180E-01   0.6343E-01   0.6491E-01   0.6626E-01   0.6749E-01   0.6862E-01   0.6966E-01   0.7062E-01   0.7151E-01   0.7233E-01   0.7310E-01   0.7383E-01   0.7450E-01   0.7514E-01   0.7574E-01   0.7630E-01   0.7683E-01   0.7733E-01   0.7781E-01   0.7826E-01   0.7869E-01   0.7909E-01   0.7947E-01   0.7984E-01   0.8019E-01   0.8052E-01   0.8083E-01   0.8113E-01   0.8141E-01   0.8169E-01   0.8195E-01   0.8219E-01   0.8243E-01   0.8266E-01   0.8287E-01   0.8308E-01   0.8328E-01   0.8347E-01   0.8365E-01   0.8383E-01   0.8400E-01   0.8416E-01   0.8431E-01   0.8446E-01   0.8460E-01   0.8474E-01   0.8487E-01   0.8499E-01   0.8511E-01   0.8522E-01   0.8533E-01   0.8544E-01   0.8554E-01   0.8563E-01   0.8573E-01   0.8581E-01   0.8590E-01   0.8598E-01   0.8605E-01   0.8613E-01   0.8620E-01   0.8627E-01   0.8633E-01   0.8639E-01   0.8645E-01   0.8651E-01   0.8656E-01   0.8661E-01   0.8666E-01   0.8670E-01   0.8675E-01   0.8679E-01   0.8683E-01   0.8687E-01   0.8691E-01   0.8694E-01   0.8698E-01   0.8701E-01   0.8704E-01   0.8707E-01   0.8710E-01   0.8712E-01   0.8719E-01   0.8722E-01   0.8724E-01   0.8726E-01   0.8732E-01   0.8733E-01   0.8735E-01   0.8737E-01   0.8752E-01
0.3037E+05   0.2719E+01   0.1466E-01   0.2171E-01   0.2827E-01   0.3421E-01   0.3946E-01   0.4406E-01   0.4805E-01   0.5151E-01   0.5453E-01   0.5718E-01   0.5951E-01   0.6158E-01   0.6343E-01   0.6510E-01   0.6661E-01   0.6798E-01   0.6924E-01   0.7039E-01   0.7145E-01   0.7243E-01   0.7334E-01   0.7419E-01   0.7498E-01   0.7572E-01   0.7641E-01   0.7706E-01   0.7768E-01   0.7826E-01   0.7880E-01   0.7932E-01   0.7981E-01   0.8027E-01   0.8071E-01   0.8113E-01   0.8152E-01   0.8190E-01   0.8226E-01   0.8260E-01   0.8292E-01   0.8323E-01   0.8352E-01   0.8381E-01   0.8407E-01   0.8433E-01   0.8457E-01   0.8481E-01   0.8503E-01   0.8525E-01   0.8545E-01   0.8565E-01   0.8584E-01   0.8602E-01   0.8619E-01   0.8636E-01   0.8652E-01   0.8667E-01   0.8682E-01   0.8696E-01   0.8709E-01   0.8722E-01   0.8734E-01   0.8746E-01   0.8757E-01   0.8768E-01   0.8779E-01   0.8789E-01   0.8798E-01   0.8807E-01   0.8816E-01   0.8824E-01   0.8832E-01   0.8840E-01   0.8847E-01   0.8854E-01   0.8861E-01   0.8867E-01   0.8873E-01   0.8879E-01   0.8885E-01   0.8890E-01   0.8895E-01   0.8900E-01   0.8905E-01   0.8909E-01   0.8913E-01   0.8917E-01   0.8921E-01   0.8925E-01   0.8928E-01   0.8932E-01   0.8935E-01   0.8938E-01   0.8941E-01   0.8944E-01   0.8951E-01   0.8954E-01   0.8956E-01   0.8958E-01   0.8964E-01   0.8966E-01   0.8967E-01   0.8969E-01   0.8985E-01
0.1430E+06   0.2719E+01   0.1442E-01   0.2136E-01   0.2786E-01   0.3379E-01   0.3907E-01   0.4370E-01   0.4773E-01   0.5124E-01   0.5430E-01   0.5698E-01   0.5934E-01   0.6144E-01   0.6331E-01   0.6499E-01   0.6651E-01   0.6789E-01   0.6916E-01   0.7032E-01   0.7139E-01   0.7237E-01   0.7329E-01   0.7414E-01   0.7493E-01   0.7568E-01   0.7637E-01   0.7703E-01   0.7764E-01   0.7822E-01   0.7877E-01   0.7929E-01   0.7978E-01   0.8025E-01   0.8069E-01   0.8111E-01   0.8150E-01   0.8188E-01   0.8224E-01   0.8258E-01   0.8290E-01   0.8321E-01   0.8351E-01   0.8379E-01   0.8406E-01   0.8431E-01   0.8456E-01   0.8479E-01   0.8502E-01   0.8523E-01   0.8544E-01   0.8564E-01   0.8583E-01   0.8601E-01   0.8618E-01   0.8635E-01   0.8651E-01   0.8666E-01   0.8681E-01   0.8695E-01   0.8708E-01   0.8721E-01   0.8733E-01   0.8745E-01   0.8757E-01   0.8767E-01   0.8778E-01   0.8788E-01   0.8797E-01   0.8806E-01   0.8815E-01   0.8823E-01   0.8831E-01   0.8839E-01   0.8846E-01   0.8853E-01   0.8860E-01   0.8866E-01   0.8873E-01   0.8878E-01   0.8884E-01   0.8889E-01   0.8894E-01   0.8899E-01   0.8904E-01   0.8908E-01   0.8913E-01   0.8917E-01   0.8920E-01   0.8924E-01   0.8928E-01   0.8931E-01   0.8934E-01   0.8937E-01   0.8940E-01   0.8943E-01   0.8951E-01   0.8953E-01   0.8955E-01   0.8957E-01   0.8963E-01   0.8965E-01   0.8967E-01   0.8968E-01   0.8984E-01
0.3036E+05   0.2871E+01   0.1511E-01   0.2232E-01   0.2903E-01   0.3507E-01   0.4041E-01   0.4507E-01   0.4911E-01   0.5261E-01   0.5566E-01   0.5834E-01   0.6070E-01   0.6279E-01   0.6467E-01   0.6636E-01   0.6789E-01   0.6928E-01   0.7056E-01   0.7173E-01   0.7281E-01   0.7381E-01   0.7474E-01   0.7560E-01   0.7641E-01   0.7716E-01   0.7787E-01   0.7854E-01   0.7916E-01   0.7976E-01   0.8032E-01   0.8084E-01   0.8134E-01   0.8182E-01   0.8227E-01   0.8270E-01   0.8310E-01   0.8349E-01   0.8386E-01   0.8420E-01   0.8454E-01   0.8485E-01   0.8516E-01   0.8544E-01   0.8572E-01   0.8598E-01   0.8623E-01   0.8647E-01   0.8671E-01   0.8693E-01   0.8714E-01   0.8734E-01   0.8753E-01   0.8772E-01   0.8790E-01   0.8807E-01   0.8823E-01   0.8839E-01   0.8854E-01   0.8868E-01   0.8882E-01   0.8895E-01   0.8908E-01   0.8920E-01   0.8932E-01   0.8943E-01   0.8954E-01   0.8964E-01   0.8974E-01   0.8983E-01   0.8992E-01   0.9001E-01   0.9009E-01   0.9017E-01   0.9024E-01   0.9031E-01   0.9038E-01   0.9045E-01   0.9051E-01   0.9057E-01   0.9063E-01   0.9068E-01   0.9074E-01   0.9079E-01   0.9083E-01   0.9088E-01   0.9092E-01   0.9097E-01   0.9101E-01   0.9104E-01   0.9108E-01   0.9112E-01   0.9115E-01   0.9118E-01   0.9121E-01   0.9124E-01   0.9132E-01   0.9134E-01   0.9137E-01   0.9139E-01   0.9145E-01   0.9147E-01   0.9149E-01   0.9150E-01   0.9167E-01
0.1430E+06   0.2871E+01   0.1485E-01   0.2195E-01   0.2860E-01   0.3463E-01   0.4000E-01   0.4470E-01   0.4878E-01   0.5234E-01   0.5543E-01   0.5814E-01   0.6053E-01   0.6265E-01   0.6454E-01   0.6625E-01   0.6779E-01   0.6919E-01   0.7048E-01   0.7166E-01   0.7274E-01   0.7375E-01   0.7468E-01   0.7555E-01   0.7636E-01   0.7712E-01   0.7783E-01   0.7850E-01   0.7913E-01   0.7972E-01   0.8028E-01   0.8081E-01   0.8132E-01   0.8179E-01   0.8224E-01   0.8267E-01   0.8308E-01   0.8347E-01   0.8383E-01   0.8418E-01   0.8452E-01   0.8484E-01   0.8514E-01   0.8543E-01   0.8570E-01   0.8597E-01   0.8622E-01   0.8646E-01   0.8669E-01   0.8691E-01   0.8712E-01   0.8733E-01   0.8752E-01   0.8771E-01   0.8788E-01   0.8806E-01   0.8822E-01   0.8838E-01   0.8853E-01   0.8867E-01   0.8881E-01   0.8894E-01   0.8907E-01   0.8919E-01   0.8931E-01   0.8942E-01   0.8953E-01   0.8963E-01   0.8973E-01   0.8982E-01   0.8991E-01   0.9000E-01   0.9008E-01   0.9016E-01   0.9023E-01   0.9031E-01   0.9037E-01   0.9044E-01   0.9050E-01   0.9056E-01   0.9062E-01   0.9068E-01   0.9073E-01   0.9078E-01   0.9083E-01   0.9087E-01   0.9092E-01   0.9096E-01   0.9100E-01   0.9104E-01   0.9107E-01   0.9111E-01   0.9114E-01   0.9117E-01   0.9120E-01   0.9123E-01   0.9131E-01   0.9134E-01   0.9136E-01   0.9138E-01   0.9144E-01   0.9146E-01   0.9148E-01   0.9150E-01   0.9166E-01
0.1429E+06   0.3028E+01   0.1510E-01   0.2231E-01   0.2905E-01   0.3517E-01   0.4059E-01   0.4533E-01   0.4946E-01   0.5303E-01   0.5615E-01   0.5888E-01   0.6129E-01   0.6342E-01   0.6534E-01   0.6706E-01   0.6862E-01   0.7004E-01   0.7134E-01   0.7253E-01   0.7363E-01   0.7465E-01   0.7559E-01   0.7648E-01   0.7730E-01   0.7807E-01   0.7879E-01   0.7947E-01   0.8011E-01   0.8071E-01   0.8129E-01   0.8182E-01   0.8234E-01   0.8282E-01   0.8328E-01   0.8372E-01   0.8413E-01   0.8453E-01   0.8490E-01   0.8526E-01   0.8560E-01   0.8592E-01   0.8623E-01   0.8653E-01   0.8681E-01   0.8708E-01   0.8734E-01   0.8758E-01   0.8782E-01   0.8804E-01   0.8826E-01   0.8847E-01   0.8866E-01   0.8885E-01   0.8904E-01   0.8921E-01   0.8938E-01   0.8954E-01   0.8969E-01   0.8984E-01   0.8998E-01   0.9012E-01   0.9025E-01   0.9037E-01   0.9049E-01   0.9060E-01   0.9071E-01   0.9082E-01   0.9092E-01   0.9101E-01   0.9111E-01   0.9119E-01   0.9128E-01   0.9136E-01   0.9144E-01   0.9151E-01   0.9158E-01   0.9165E-01   0.9171E-01   0.9178E-01   0.9183E-01   0.9189E-01   0.9194E-01   0.9200E-01   0.9205E-01   0.9209E-01   0.9214E-01   0.9218E-01   0.9222E-01   0.9226E-01   0.9230E-01   0.9233E-01   0.9237E-01   0.9240E-01   0.9243E-01   0.9246E-01   0.9254E-01   0.9257E-01   0.9259E-01   0.9262E-01   0.9268E-01   0.9270E-01   0.9272E-01   0.9274E-01   0.9291E-01
0.3034E+05   0.3028E+01   0.1537E-01   0.2270E-01   0.2950E-01   0.3562E-01   0.4101E-01   0.4571E-01   0.4978E-01   0.5331E-01   0.5639E-01   0.5908E-01   0.6146E-01   0.6357E-01   0.6547E-01   0.6717E-01   0.6872E-01   0.7013E-01   0.7142E-01   0.7260E-01   0.7370E-01   0.7471E-01   0.7565E-01   0.7653E-01   0.7735E-01   0.7811E-01   0.7883E-01   0.7951E-01   0.8015E-01   0.8075E-01   0.8132E-01   0.8185E-01   0.8236E-01   0.8285E-01   0.8331E-01   0.8374E-01   0.8416E-01   0.8455E-01   0.8492E-01   0.8528E-01   0.8562E-01   0.8594E-01   0.8625E-01   0.8655E-01   0.8683E-01   0.8709E-01   0.8735E-01   0.8760E-01   0.8783E-01   0.8806E-01   0.8827E-01   0.8848E-01   0.8868E-01   0.8887E-01   0.8905E-01   0.8922E-01   0.8939E-01   0.8955E-01   0.8970E-01   0.8985E-01   0.8999E-01   0.9013E-01   0.9026E-01   0.9038E-01   0.9050E-01   0.9061E-01   0.9072E-01   0.9083E-01   0.9093E-01   0.9102E-01   0.9112E-01   0.9120E-01   0.9129E-01   0.9137E-01   0.9144E-01   0.9152E-01   0.9159E-01   0.9166E-01   0.9172E-01   0.9178E-01   0.9184E-01   0.9190E-01   0.9195E-01   0.9200E-01   0.9205E-01   0.9210E-01   0.9214E-01   0.9219E-01   0.9223E-01   0.9227E-01   0.9231E-01   0.9234E-01   0.9238E-01   0.9241E-01   0.9244E-01   0.9247E-01   0.9255E-01   0.9257E-01   0.9260E-01   0.9262E-01   0.9269E-01   0.9270E-01   0.9272E-01   0.9274E-01   0.9291E-01
0.3032E+05   0.3191E+01   0.1545E-01   0.2283E-01   0.2967E-01   0.3582E-01   0.4124E-01   0.4596E-01   0.5005E-01   0.5359E-01   0.5667E-01   0.5938E-01   0.6176E-01   0.6388E-01   0.6578E-01   0.6749E-01   0.6905E-01   0.7047E-01   0.7176E-01   0.7296E-01   0.7406E-01   0.7508E-01   0.7603E-01   0.7692E-01   0.7774E-01   0.7852E-01   0.7924E-01   0.7993E-01   0.8057E-01   0.8118E-01   0.8175E-01   0.8230E-01   0.8281E-01   0.8330E-01   0.8377E-01   0.8421E-01   0.8463E-01   0.8503E-01   0.8540E-01   0.8577E-01   0.8611E-01   0.8644E-01   0.8675E-01   0.8705E-01   0.8733E-01   0.8761E-01   0.8787E-01   0.8812E-01   0.8835E-01   0.8858E-01   0.8880E-01   0.8901E-01   0.8921E-01   0.8940E-01   0.8959E-01   0.8976E-01   0.8993E-01   0.9010E-01   0.9025E-01   0.9040E-01   0.9054E-01   0.9068E-01   0.9081E-01   0.9094E-01   0.9106E-01   0.9118E-01   0.9129E-01   0.9139E-01   0.9149E-01   0.9159E-01   0.9168E-01   0.9177E-01   0.9186E-01   0.9194E-01   0.9202E-01   0.9209E-01   0.9216E-01   0.9223E-01   0.9230E-01   0.9236E-01   0.9242E-01   0.9248E-01   0.9253E-01   0.9258E-01   0.9263E-01   0.9268E-01   0.9273E-01   0.9277E-01   0.9281E-01   0.9285E-01   0.9289E-01   0.9293E-01   0.9296E-01   0.9300E-01   0.9303E-01   0.9306E-01   0.9314E-01   0.9317E-01   0.9319E-01   0.9321E-01   0.9328E-01   0.9330E-01   0.9332E-01   0.9334E-01   0.9351E-01
0.1429E+06   0.3191E+01   0.1517E-01   0.2243E-01   0.2921E-01   0.3536E-01   0.4082E-01   0.4558E-01   0.4971E-01   0.5331E-01   0.5643E-01   0.5917E-01   0.6159E-01   0.6373E-01   0.6565E-01   0.6738E-01   0.6895E-01   0.7037E-01   0.7168E-01   0.7288E-01   0.7399E-01   0.7502E-01   0.7597E-01   0.7686E-01   0.7769E-01   0.7847E-01   0.7920E-01   0.7989E-01   0.8053E-01   0.8115E-01   0.8172E-01   0.8227E-01   0.8278E-01   0.8327E-01   0.8374E-01   0.8418E-01   0.8460E-01   0.8500E-01   0.8538E-01   0.8574E-01   0.8609E-01   0.8642E-01   0.8673E-01   0.8703E-01   0.8732E-01   0.8759E-01   0.8785E-01   0.8810E-01   0.8834E-01   0.8857E-01   0.8879E-01   0.8900E-01   0.8920E-01   0.8939E-01   0.8958E-01   0.8975E-01   0.8992E-01   0.9009E-01   0.9024E-01   0.9039E-01   0.9053E-01   0.9067E-01   0.9080E-01   0.9093E-01   0.9105E-01   0.9117E-01   0.9128E-01   0.9138E-01   0.9148E-01   0.9158E-01   0.9167E-01   0.9176E-01   0.9185E-01   0.9193E-01   0.9201E-01   0.9208E-01   0.9216E-01   0.9222E-01   0.9229E-01   0.9235E-01   0.9241E-01   0.9247E-01   0.9253E-01   0.9258E-01   0.9263E-01   0.9268E-01   0.9272E-01   0.9277E-01   0.9281E-01   0.9285E-01   0.9289E-01   0.9292E-01   0.9296E-01   0.9299E-01   0.9302E-01   0.9305E-01   0.9313E-01   0.9316E-01   0.9318E-01   0.9321E-01   0.9327E-01   0.9329E-01   0.9331E-01   0.9333E-01   0.9351E-01
0.1429E+06   0.3360E+01   0.1505E-01   0.2229E-01   0.2906E-01   0.3520E-01   0.4065E-01   0.4540E-01   0.4953E-01   0.5312E-01   0.5624E-01   0.5897E-01   0.6139E-01   0.6353E-01   0.6545E-01   0.6718E-01   0.6874E-01   0.7017E-01   0.7148E-01   0.7268E-01   0.7379E-01   0.7482E-01   0.7578E-01   0.7667E-01   0.7750E-01   0.7828E-01   0.7902E-01   0.7971E-01   0.8035E-01   0.8097E-01   0.8155E-01   0.8209E-01   0.8261E-01   0.8310E-01   0.8357E-01   0.8402E-01   0.8444E-01   0.8484E-01   0.8522E-01   0.8559E-01   0.8593E-01   0.8627E-01   0.8658E-01   0.8688E-01   0.8717E-01   0.8744E-01   0.8771E-01   0.8796E-01   0.8820E-01   0.8843E-01   0.8865E-01   0.8886E-01   0.8906E-01   0.8926E-01   0.8944E-01   0.8962E-01   0.8979E-01   0.8995E-01   0.9011E-01   0.9026E-01   0.9041E-01   0.9054E-01   0.9068E-01   0.9080E-01   0.9092E-01   0.9104E-01   0.9115E-01   0.9126E-01   0.9136E-01   0.9146E-01   0.9155E-01   0.9164E-01   0.9173E-01   0.9181E-01   0.9189E-01   0.9196E-01   0.9204E-01   0.9210E-01   0.9217E-01   0.9223E-01   0.9229E-01   0.9235E-01   0.9241E-01   0.9246E-01   0.9251E-01   0.9256E-01   0.9260E-01   0.9265E-01   0.9269E-01   0.9273E-01   0.9277E-01   0.9281E-01   0.9284E-01   0.9287E-01   0.9291E-01   0.9294E-01   0.9302E-01   0.9305E-01   0.9307E-01   0.9309E-01   0.9316E-01   0.9318E-01   0.9320E-01   0.9322E-01   0.9340E-01
0.3031E+05   0.3360E+01   0.1534E-01   0.2269E-01   0.2952E-01   0.3567E-01   0.4108E-01   0.4579E-01   0.4987E-01   0.5340E-01   0.5648E-01   0.5918E-01   0.6156E-01   0.6368E-01   0.6558E-01   0.6729E-01   0.6884E-01   0.7026E-01   0.7156E-01   0.7276E-01   0.7386E-01   0.7488E-01   0.7584E-01   0.7672E-01   0.7755E-01   0.7833E-01   0.7906E-01   0.7974E-01   0.8039E-01   0.8100E-01   0.8158E-01   0.8212E-01   0.8264E-01   0.8313E-01   0.8360E-01   0.8404E-01   0.8446E-01   0.8486E-01   0.8525E-01   0.8561E-01   0.8596E-01   0.8629E-01   0.8660E-01   0.8690E-01   0.8719E-01   0.8746E-01   0.8772E-01   0.8797E-01   0.8821E-01   0.8844E-01   0.8866E-01   0.8887E-01   0.8908E-01   0.8927E-01   0.8945E-01   0.8963E-01   0.8980E-01   0.8997E-01   0.9012E-01   0.9027E-01   0.9042E-01   0.9055E-01   0.9069E-01   0.9081E-01   0.9093E-01   0.9105E-01   0.9116E-01   0.9127E-01   0.9137E-01   0.9147E-01   0.9156E-01   0.9165E-01   0.9174E-01   0.9182E-01   0.9190E-01   0.9197E-01   0.9204E-01   0.9211E-01   0.9218E-01   0.9224E-01   0.9230E-01   0.9236E-01   0.9241E-01   0.9247E-01   0.9252E-01   0.9257E-01   0.9261E-01   0.9266E-01   0.9270E-01   0.9274E-01   0.9278E-01   0.9281E-01   0.9285E-01   0.9288E-01   0.9291E-01   0.9294E-01   0.9303E-01   0.9305E-01   0.9308E-01   0.9310E-01   0.9317E-01   0.9319E-01   0.9321E-01   0.9322E-01   0.9340E-01
0.4637E+05   0.3536E+01   0.1475E-01   0.2189E-01   0.2859E-01   0.3467E-01   0.4008E-01   0.4480E-01   0.4890E-01   0.5246E-01   0.5556E-01   0.5827E-01   0.6067E-01   0.6280E-01   0.6470E-01   0.6642E-01   0.6798E-01   0.6940E-01   0.7070E-01   0.7190E-01   0.7300E-01   0.7403E-01   0.7498E-01   0.7587E-01   0.7670E-01   0.7747E-01   0.7820E-01   0.7889E-01   0.7954E-01   0.8015E-01   0.8072E-01   0.8127E-01   0.8179E-01   0.8228E-01   0.8274E-01   0.8319E-01   0.8361E-01   0.8401E-01   0.8439E-01   0.8475E-01   0.8510E-01   0.8543E-01   0.8574E-01   0.8604E-01   0.8633E-01   0.8660E-01   0.8687E-01   0.8712E-01   0.8736E-01   0.8759E-01   0.8781E-01   0.8802E-01   0.8822E-01   0.8841E-01   0.8860E-01   0.8877E-01   0.8894E-01   0.8911E-01   0.8926E-01   0.8941E-01   0.8956E-01   0.8969E-01   0.8983E-01   0.8995E-01   0.9007E-01   0.9019E-01   0.9030E-01   0.9041E-01   0.9051E-01   0.9060E-01   0.9070E-01   0.9079E-01   0.9087E-01   0.9095E-01   0.9103E-01   0.9111E-01   0.9118E-01   0.9125E-01   0.9131E-01   0.9138E-01   0.9144E-01   0.9149E-01   0.9155E-01   0.9160E-01   0.9165E-01   0.9170E-01   0.9174E-01   0.9179E-01   0.9183E-01   0.9187E-01   0.9191E-01   0.9194E-01   0.9198E-01   0.9201E-01   0.9204E-01   0.9207E-01   0.9216E-01   0.9218E-01   0.9221E-01   0.9223E-01   0.9230E-01   0.9232E-01   0.9233E-01   0.9235E-01   0.9253E-01
0.4100E+05   0.3536E+01   0.1502E-01   0.2228E-01   0.2904E-01   0.3513E-01   0.4050E-01   0.4518E-01   0.4923E-01   0.5274E-01   0.5580E-01   0.5848E-01   0.6084E-01   0.6295E-01   0.6484E-01   0.6654E-01   0.6808E-01   0.6949E-01   0.7078E-01   0.7197E-01   0.7307E-01   0.7409E-01   0.7504E-01   0.7592E-01   0.7675E-01   0.7752E-01   0.7825E-01   0.7893E-01   0.7957E-01   0.8018E-01   0.8076E-01   0.8130E-01   0.8182E-01   0.8231E-01   0.8277E-01   0.8321E-01   0.8363E-01   0.8403E-01   0.8441E-01   0.8477E-01   0.8512E-01   0.8545E-01   0.8576E-01   0.8606E-01   0.8635E-01   0.8662E-01   0.8688E-01   0.8713E-01   0.8737E-01   0.8760E-01   0.8782E-01   0.8803E-01   0.8823E-01   0.8842E-01   0.8861E-01   0.8879E-01   0.8896E-01   0.8912E-01   0.8927E-01   0.8942E-01   0.8957E-01   0.8970E-01   0.8984E-01   0.8996E-01   0.9008E-01   0.9020E-01   0.9031E-01   0.9041E-01   0.9052E-01   0.9061E-01   0.9071E-01   0.9080E-01   0.9088E-01   0.9096E-01   0.9104E-01   0.9111E-01   0.9119E-01   0.9125E-01   0.9132E-01   0.9138E-01   0.9144E-01   0.9150E-01   0.9155E-01   0.9161E-01   0.9166E-01   0.9170E-01   0.9175E-01   0.9179E-01   0.9184E-01   0.9188E-01   0.9191E-01   0.9195E-01   0.9198E-01   0.9202E-01   0.9205E-01   0.9208E-01   0.9216E-01   0.9219E-01   0.9221E-01   0.9224E-01   0.9230E-01   0.9232E-01   0.9234E-01   0.9236E-01   0.9254E-01
