0.6875E+04   0.9000E+00   0.1551E+00   0.1848E+00   0.2062E+00   0.2253E+00   0.2417E+00   0.2568E+00   0.2706E+00   0.2836E+00   0.2958E+00   0.3073E+00   0.3183E+00   0.3287E+00   0.3386E+00   0.3480E+00   0.3571E+00   0.3657E+00   0.3739E+00   0.3818E+00   0.3894E+00   0.3966E+00   0.4036E+00   0.4103E+00   0.4166E+00   0.4228E+00   0.4287E+00   0.4343E+00   0.4398E+00   0.4450E+00   0.4500E+00   0.4548E+00   0.4594E+00   0.4639E+00   0.4682E+00   0.4723E+00   0.4762E+00   0.4801E+00   0.4837E+00   0.4873E+00   0.4907E+00   0.4940E+00   0.4972E+00   0.5003E+00   0.5033E+00   0.5061E+00   0.5089E+00   0.5116E+00   0.5141E+00   0.5166E+00   0.5190E+00   0.5214E+00   0.5236E+00   0.5258E+00   0.5279E+00   0.5299E+00   0.5318E+00   0.5337E+00   0.5355E+00   0.5373E+00   0.5390E+00   0.5406E+00   0.5422E+00   0.5437E+00   0.5452E+00   0.5466E+00   0.5480E+00   0.5494E+00   0.5506E+00   0.5519E+00   0.5531E+00   0.5543E+00   0.5554E+00   0.5565E+00   0.5575E+00   0.5585E+00   0.5595E+00   0.5605E+00   0.5614E+00   0.5623E+00   0.5632E+00   0.5640E+00   0.5648E+00   0.5656E+00   0.5663E+00   0.5671E+00   0.5678E+00   0.5685E+00   0.5691E+00   0.5698E+00   0.5704E+00   0.5710E+00   0.5716E+00   0.5721E+00   0.5727E+00   0.5732E+00   0.5745E+00   0.5749E+00   0.5754E+00   0.5758E+00   0.5769E+00   0.5772E+00   0.5776E+00   0.5780E+00   0.5807E+00
0.8490E+04   0.9000E+00   0.1596E+00   0.1855E+00   0.2078E+00   0.2263E+00   0.2429E+00   0.2580E+00   0.2719E+00   0.2848E+00   0.2970E+00   0.3085E+00   0.3194E+00   0.3297E+00   0.3395E+00   0.3489E+00   0.3579E+00   0.3664E+00   0.3746E+00   0.3825E+00   0.3900E+00   0.3972E+00   0.4042E+00   0.4108E+00   0.4171E+00   0.4233E+00   0.4291E+00   0.4347E+00   0.4402E+00   0.4454E+00   0.4503E+00   0.4551E+00   0.4597E+00   0.4642E+00   0.4684E+00   0.4725E+00   0.4765E+00   0.4803E+00   0.4840E+00   0.4875E+00   0.4909E+00   0.4942E+00   0.4974E+00   0.5005E+00   0.5034E+00   0.5063E+00   0.5090E+00   0.5117E+00   0.5143E+00   0.5168E+00   0.5192E+00   0.5215E+00   0.5237E+00   0.5259E+00   0.5279E+00   0.5300E+00   0.5319E+00   0.5338E+00   0.5356E+00   0.5373E+00   0.5390E+00   0.5407E+00   0.5422E+00   0.5438E+00   0.5453E+00   0.5467E+00   0.5481E+00   0.5494E+00   0.5507E+00   0.5519E+00   0.5531E+00   0.5543E+00   0.5554E+00   0.5565E+00   0.5575E+00   0.5586E+00   0.5595E+00   0.5605E+00   0.5614E+00   0.5623E+00   0.5632E+00   0.5640E+00   0.5648E+00   0.5656E+00   0.5663E+00   0.5671E+00   0.5678E+00   0.5685E+00   0.5691E+00   0.5698E+00   0.5704E+00   0.5710E+00   0.5716E+00   0.5721E+00   0.5727E+00   0.5732E+00   0.5745E+00   0.5749E+00   0.5754E+00   0.5758E+00   0.5769E+00   0.5772E+00   0.5776E+00   0.5780E+00   0.5807E+00
0.8507E+04   0.9500E+00   0.1714E+00   0.1995E+00   0.2248E+00   0.2448E+00   0.2631E+00   0.2794E+00   0.2945E+00   0.3084E+00   0.3215E+00   0.3338E+00   0.3455E+00   0.3565E+00   0.3670E+00   0.3770E+00   0.3866E+00   0.3957E+00   0.4044E+00   0.4128E+00   0.4208E+00   0.4284E+00   0.4358E+00   0.4428E+00   0.4496E+00   0.4561E+00   0.4623E+00   0.4683E+00   0.4740E+00   0.4795E+00   0.4848E+00   0.4899E+00   0.4948E+00   0.4995E+00   0.5040E+00   0.5084E+00   0.5126E+00   0.5166E+00   0.5205E+00   0.5242E+00   0.5279E+00   0.5314E+00   0.5347E+00   0.5380E+00   0.5411E+00   0.5442E+00   0.5471E+00   0.5499E+00   0.5526E+00   0.5553E+00   0.5578E+00   0.5603E+00   0.5627E+00   0.5649E+00   0.5672E+00   0.5693E+00   0.5713E+00   0.5733E+00   0.5753E+00   0.5771E+00   0.5789E+00   0.5807E+00   0.5823E+00   0.5840E+00   0.5855E+00   0.5870E+00   0.5885E+00   0.5899E+00   0.5913E+00   0.5926E+00   0.5939E+00   0.5951E+00   0.5963E+00   0.5975E+00   0.5986E+00   0.5996E+00   0.6007E+00   0.6017E+00   0.6027E+00   0.6036E+00   0.6045E+00   0.6054E+00   0.6063E+00   0.6071E+00   0.6079E+00   0.6087E+00   0.6094E+00   0.6101E+00   0.6108E+00   0.6115E+00   0.6122E+00   0.6128E+00   0.6134E+00   0.6140E+00   0.6146E+00   0.6151E+00   0.6165E+00   0.6170E+00   0.6175E+00   0.6179E+00   0.6190E+00   0.6195E+00   0.6198E+00   0.6202E+00   0.6232E+00
0.1100E+05   0.9500E+00   0.1673E+00   0.2005E+00   0.2234E+00   0.2448E+00   0.2626E+00   0.2791E+00   0.2940E+00   0.3080E+00   0.3211E+00   0.3335E+00   0.3452E+00   0.3563E+00   0.3669E+00   0.3770E+00   0.3866E+00   0.3958E+00   0.4046E+00   0.4130E+00   0.4211E+00   0.4288E+00   0.4362E+00   0.4433E+00   0.4501E+00   0.4566E+00   0.4628E+00   0.4689E+00   0.4746E+00   0.4802E+00   0.4855E+00   0.4906E+00   0.4955E+00   0.5002E+00   0.5048E+00   0.5091E+00   0.5133E+00   0.5174E+00   0.5213E+00   0.5251E+00   0.5287E+00   0.5322E+00   0.5356E+00   0.5389E+00   0.5420E+00   0.5451E+00   0.5480E+00   0.5509E+00   0.5536E+00   0.5562E+00   0.5588E+00   0.5613E+00   0.5636E+00   0.5659E+00   0.5681E+00   0.5703E+00   0.5724E+00   0.5744E+00   0.5763E+00   0.5782E+00   0.5800E+00   0.5817E+00   0.5834E+00   0.5850E+00   0.5866E+00   0.5881E+00   0.5896E+00   0.5910E+00   0.5923E+00   0.5937E+00   0.5950E+00   0.5962E+00   0.5974E+00   0.5985E+00   0.5996E+00   0.6007E+00   0.6018E+00   0.6028E+00   0.6038E+00   0.6047E+00   0.6056E+00   0.6065E+00   0.6074E+00   0.6082E+00   0.6090E+00   0.6098E+00   0.6105E+00   0.6112E+00   0.6120E+00   0.6126E+00   0.6133E+00   0.6139E+00   0.6145E+00   0.6151E+00   0.6157E+00   0.6163E+00   0.6176E+00   0.6181E+00   0.6186E+00   0.6190E+00   0.6202E+00   0.6206E+00   0.6210E+00   0.6213E+00   0.6243E+00
0.8543E+04   0.1000E+01   0.1794E+00   0.2160E+00   0.2405E+00   0.2644E+00   0.2835E+00   0.3015E+00   0.3176E+00   0.3327E+00   0.3467E+00   0.3600E+00   0.3725E+00   0.3844E+00   0.3956E+00   0.4064E+00   0.4166E+00   0.4264E+00   0.4357E+00   0.4447E+00   0.4532E+00   0.4614E+00   0.4693E+00   0.4768E+00   0.4840E+00   0.4909E+00   0.4975E+00   0.5039E+00   0.5100E+00   0.5159E+00   0.5215E+00   0.5270E+00   0.5322E+00   0.5372E+00   0.5420E+00   0.5466E+00   0.5510E+00   0.5554E+00   0.5595E+00   0.5635E+00   0.5673E+00   0.5711E+00   0.5747E+00   0.5781E+00   0.5814E+00   0.5847E+00   0.5878E+00   0.5908E+00   0.5937E+00   0.5965E+00   0.5992E+00   0.6018E+00   0.6043E+00   0.6068E+00   0.6091E+00   0.6114E+00   0.6136E+00   0.6157E+00   0.6177E+00   0.6197E+00   0.6216E+00   0.6235E+00   0.6252E+00   0.6270E+00   0.6286E+00   0.6302E+00   0.6318E+00   0.6333E+00   0.6347E+00   0.6361E+00   0.6375E+00   0.6388E+00   0.6401E+00   0.6413E+00   0.6425E+00   0.6436E+00   0.6447E+00   0.6458E+00   0.6468E+00   0.6478E+00   0.6488E+00   0.6497E+00   0.6506E+00   0.6515E+00   0.6524E+00   0.6532E+00   0.6540E+00   0.6547E+00   0.6555E+00   0.6562E+00   0.6569E+00   0.6576E+00   0.6582E+00   0.6589E+00   0.6595E+00   0.6601E+00   0.6615E+00   0.6620E+00   0.6625E+00   0.6630E+00   0.6642E+00   0.6646E+00   0.6650E+00   0.6654E+00   0.6686E+00
0.8525E+04   0.1000E+01   0.1841E+00   0.2149E+00   0.2431E+00   0.2647E+00   0.2848E+00   0.3024E+00   0.3187E+00   0.3336E+00   0.3477E+00   0.3608E+00   0.3733E+00   0.3850E+00   0.3962E+00   0.4068E+00   0.4170E+00   0.4267E+00   0.4359E+00   0.4448E+00   0.4533E+00   0.4615E+00   0.4692E+00   0.4767E+00   0.4838E+00   0.4907E+00   0.4973E+00   0.5036E+00   0.5097E+00   0.5156E+00   0.5212E+00   0.5265E+00   0.5317E+00   0.5367E+00   0.5415E+00   0.5461E+00   0.5505E+00   0.5548E+00   0.5589E+00   0.5629E+00   0.5667E+00   0.5704E+00   0.5740E+00   0.5774E+00   0.5808E+00   0.5840E+00   0.5871E+00   0.5901E+00   0.5930E+00   0.5958E+00   0.5984E+00   0.6010E+00   0.6036E+00   0.6060E+00   0.6083E+00   0.6106E+00   0.6128E+00   0.6149E+00   0.6169E+00   0.6189E+00   0.6208E+00   0.6226E+00   0.6244E+00   0.6261E+00   0.6278E+00   0.6294E+00   0.6309E+00   0.6324E+00   0.6339E+00   0.6352E+00   0.6366E+00   0.6379E+00   0.6392E+00   0.6404E+00   0.6416E+00   0.6427E+00   0.6438E+00   0.6449E+00   0.6459E+00   0.6469E+00   0.6479E+00   0.6488E+00   0.6497E+00   0.6506E+00   0.6514E+00   0.6522E+00   0.6530E+00   0.6538E+00   0.6545E+00   0.6553E+00   0.6560E+00   0.6566E+00   0.6573E+00   0.6579E+00   0.6585E+00   0.6591E+00   0.6605E+00   0.6611E+00   0.6616E+00   0.6620E+00   0.6632E+00   0.6636E+00   0.6641E+00   0.6645E+00   0.6676E+00
0.1432E+06   0.1088E+01   0.1472E+00   0.1713E+00   0.1934E+00   0.2090E+00   0.2232E+00   0.2353E+00   0.2465E+00   0.2568E+00   0.2665E+00   0.2756E+00   0.2842E+00   0.2923E+00   0.3000E+00   0.3074E+00   0.3145E+00   0.3212E+00   0.3276E+00   0.3338E+00   0.3396E+00   0.3453E+00   0.3507E+00   0.3558E+00   0.3608E+00   0.3655E+00   0.3701E+00   0.3745E+00   0.3787E+00   0.3827E+00   0.3866E+00   0.3903E+00   0.3939E+00   0.3973E+00   0.4006E+00   0.4037E+00   0.4068E+00   0.4097E+00   0.4126E+00   0.4153E+00   0.4179E+00   0.4205E+00   0.4229E+00   0.4253E+00   0.4276E+00   0.4298E+00   0.4319E+00   0.4340E+00   0.4360E+00   0.4379E+00   0.4397E+00   0.4415E+00   0.4432E+00   0.4449E+00   0.4465E+00   0.4480E+00   0.4495E+00   0.4510E+00   0.4524E+00   0.4537E+00   0.4550E+00   0.4563E+00   0.4575E+00   0.4587E+00   0.4598E+00   0.4609E+00   0.4620E+00   0.4630E+00   0.4640E+00   0.4649E+00   0.4658E+00   0.4667E+00   0.4676E+00   0.4684E+00   0.4692E+00   0.4700E+00   0.4707E+00   0.4715E+00   0.4722E+00   0.4728E+00   0.4735E+00   0.4741E+00   0.4747E+00   0.4753E+00   0.4759E+00   0.4765E+00   0.4770E+00   0.4775E+00   0.4780E+00   0.4785E+00   0.4790E+00   0.4794E+00   0.4799E+00   0.4803E+00   0.4807E+00   0.4811E+00   0.4821E+00   0.4824E+00   0.4828E+00   0.4831E+00   0.4839E+00   0.4842E+00   0.4845E+00   0.4847E+00   0.4868E+00
0.3061E+05   0.1088E+01   0.1500E+00   0.1764E+00   0.1939E+00   0.2103E+00   0.2235E+00   0.2358E+00   0.2468E+00   0.2571E+00   0.2666E+00   0.2757E+00   0.2843E+00   0.2924E+00   0.3002E+00   0.3076E+00   0.3146E+00   0.3213E+00   0.3277E+00   0.3339E+00   0.3397E+00   0.3453E+00   0.3507E+00   0.3558E+00   0.3607E+00   0.3654E+00   0.3700E+00   0.3743E+00   0.3785E+00   0.3825E+00   0.3863E+00   0.3900E+00   0.3935E+00   0.3969E+00   0.4002E+00   0.4033E+00   0.4063E+00   0.4093E+00   0.4121E+00   0.4148E+00   0.4174E+00   0.4199E+00   0.4224E+00   0.4247E+00   0.4270E+00   0.4292E+00   0.4313E+00   0.4334E+00   0.4353E+00   0.4373E+00   0.4391E+00   0.4409E+00   0.4426E+00   0.4442E+00   0.4458E+00   0.4474E+00   0.4489E+00   0.4503E+00   0.4517E+00   0.4530E+00   0.4543E+00   0.4556E+00   0.4568E+00   0.4580E+00   0.4591E+00   0.4602E+00   0.4612E+00   0.4622E+00   0.4632E+00   0.4642E+00   0.4651E+00   0.4660E+00   0.4668E+00   0.4677E+00   0.4685E+00   0.4692E+00   0.4700E+00   0.4707E+00   0.4714E+00   0.4721E+00   0.4727E+00   0.4734E+00   0.4740E+00   0.4746E+00   0.4751E+00   0.4757E+00   0.4762E+00   0.4767E+00   0.4772E+00   0.4777E+00   0.4782E+00   0.4787E+00   0.4791E+00   0.4795E+00   0.4799E+00   0.4803E+00   0.4813E+00   0.4816E+00   0.4820E+00   0.4823E+00   0.4831E+00   0.4834E+00   0.4837E+00   0.4839E+00   0.4860E+00
0.3060E+05   0.1179E+01   0.1302E+00   0.1490E+00   0.1622E+00   0.1731E+00   0.1822E+00   0.1902E+00   0.1975E+00   0.2043E+00   0.2107E+00   0.2167E+00   0.2225E+00   0.2280E+00   0.2332E+00   0.2382E+00   0.2430E+00   0.2476E+00   0.2520E+00   0.2562E+00   0.2603E+00   0.2641E+00   0.2678E+00   0.2713E+00   0.2747E+00   0.2780E+00   0.2811E+00   0.2841E+00   0.2870E+00   0.2897E+00   0.2923E+00   0.2949E+00   0.2973E+00   0.2996E+00   0.3018E+00   0.3040E+00   0.3060E+00   0.3080E+00   0.3099E+00   0.3117E+00   0.3134E+00   0.3151E+00   0.3168E+00   0.3184E+00   0.3199E+00   0.3213E+00   0.3228E+00   0.3241E+00   0.3254E+00   0.3267E+00   0.3279E+00   0.3291E+00   0.3303E+00   0.3314E+00   0.3324E+00   0.3334E+00   0.3344E+00   0.3354E+00   0.3363E+00   0.3372E+00   0.3380E+00   0.3389E+00   0.3397E+00   0.3404E+00   0.3412E+00   0.3419E+00   0.3426E+00   0.3433E+00   0.3439E+00   0.3445E+00   0.3451E+00   0.3457E+00   0.3463E+00   0.3468E+00   0.3473E+00   0.3478E+00   0.3483E+00   0.3488E+00   0.3493E+00   0.3497E+00   0.3501E+00   0.3505E+00   0.3509E+00   0.3513E+00   0.3517E+00   0.3521E+00   0.3524E+00   0.3527E+00   0.3531E+00   0.3534E+00   0.3537E+00   0.3540E+00   0.3543E+00   0.3545E+00   0.3548E+00   0.3550E+00   0.3557E+00   0.3559E+00   0.3561E+00   0.3563E+00   0.3568E+00   0.3570E+00   0.3572E+00   0.3574E+00   0.3587E+00
0.1432E+06   0.1179E+01   0.1240E+00   0.1445E+00   0.1607E+00   0.1720E+00   0.1814E+00   0.1896E+00   0.1970E+00   0.2038E+00   0.2102E+00   0.2163E+00   0.2221E+00   0.2276E+00   0.2328E+00   0.2378E+00   0.2426E+00   0.2472E+00   0.2516E+00   0.2558E+00   0.2599E+00   0.2638E+00   0.2675E+00   0.2710E+00   0.2745E+00   0.2777E+00   0.2809E+00   0.2839E+00   0.2868E+00   0.2895E+00   0.2922E+00   0.2947E+00   0.2972E+00   0.2995E+00   0.3017E+00   0.3039E+00   0.3059E+00   0.3079E+00   0.3098E+00   0.3117E+00   0.3134E+00   0.3151E+00   0.3168E+00   0.3184E+00   0.3199E+00   0.3214E+00   0.3228E+00   0.3242E+00   0.3255E+00   0.3268E+00   0.3280E+00   0.3292E+00   0.3303E+00   0.3314E+00   0.3325E+00   0.3335E+00   0.3345E+00   0.3355E+00   0.3364E+00   0.3373E+00   0.3381E+00   0.3390E+00   0.3398E+00   0.3405E+00   0.3413E+00   0.3420E+00   0.3427E+00   0.3434E+00   0.3440E+00   0.3446E+00   0.3453E+00   0.3458E+00   0.3464E+00   0.3469E+00   0.3475E+00   0.3480E+00   0.3485E+00   0.3489E+00   0.3494E+00   0.3498E+00   0.3503E+00   0.3507E+00   0.3511E+00   0.3515E+00   0.3518E+00   0.3522E+00   0.3525E+00   0.3529E+00   0.3532E+00   0.3535E+00   0.3538E+00   0.3541E+00   0.3544E+00   0.3547E+00   0.3549E+00   0.3552E+00   0.3558E+00   0.3560E+00   0.3563E+00   0.3565E+00   0.3570E+00   0.3572E+00   0.3573E+00   0.3575E+00   0.3589E+00
0.1432E+06   0.1273E+01   0.1083E+00   0.1281E+00   0.1404E+00   0.1491E+00   0.1558E+00   0.1614E+00   0.1663E+00   0.1708E+00   0.1750E+00   0.1790E+00   0.1828E+00   0.1864E+00   0.1898E+00   0.1932E+00   0.1964E+00   0.1994E+00   0.2024E+00   0.2052E+00   0.2080E+00   0.2106E+00   0.2132E+00   0.2156E+00   0.2180E+00   0.2202E+00   0.2224E+00   0.2245E+00   0.2265E+00   0.2284E+00   0.2302E+00   0.2319E+00   0.2336E+00   0.2352E+00   0.2367E+00   0.2382E+00   0.2396E+00   0.2410E+00   0.2422E+00   0.2435E+00   0.2447E+00   0.2459E+00   0.2470E+00   0.2481E+00   0.2491E+00   0.2501E+00   0.2511E+00   0.2520E+00   0.2529E+00   0.2537E+00   0.2546E+00   0.2554E+00   0.2561E+00   0.2569E+00   0.2576E+00   0.2583E+00   0.2589E+00   0.2596E+00   0.2602E+00   0.2608E+00   0.2613E+00   0.2619E+00   0.2624E+00   0.2629E+00   0.2634E+00   0.2639E+00   0.2643E+00   0.2648E+00   0.2652E+00   0.2656E+00   0.2660E+00   0.2664E+00   0.2668E+00   0.2671E+00   0.2675E+00   0.2678E+00   0.2681E+00   0.2684E+00   0.2687E+00   0.2690E+00   0.2693E+00   0.2695E+00   0.2698E+00   0.2701E+00   0.2703E+00   0.2705E+00   0.2708E+00   0.2710E+00   0.2712E+00   0.2714E+00   0.2716E+00   0.2718E+00   0.2720E+00   0.2721E+00   0.2723E+00   0.2725E+00   0.2729E+00   0.2730E+00   0.2731E+00   0.2733E+00   0.2736E+00   0.2737E+00   0.2738E+00   0.2740E+00   0.2748E+00
0.3058E+05   0.1273E+01   0.1151E+00   0.1307E+00   0.1424E+00   0.1503E+00   0.1565E+00   0.1619E+00   0.1667E+00   0.1711E+00   0.1753E+00   0.1793E+00   0.1830E+00   0.1866E+00   0.1901E+00   0.1934E+00   0.1966E+00   0.1997E+00   0.2026E+00   0.2055E+00   0.2082E+00   0.2108E+00   0.2134E+00   0.2158E+00   0.2181E+00   0.2204E+00   0.2225E+00   0.2246E+00   0.2266E+00   0.2285E+00   0.2303E+00   0.2320E+00   0.2337E+00   0.2353E+00   0.2368E+00   0.2382E+00   0.2396E+00   0.2410E+00   0.2423E+00   0.2435E+00   0.2447E+00   0.2459E+00   0.2470E+00   0.2480E+00   0.2491E+00   0.2501E+00   0.2510E+00   0.2520E+00   0.2528E+00   0.2537E+00   0.2545E+00   0.2553E+00   0.2561E+00   0.2568E+00   0.2575E+00   0.2582E+00   0.2589E+00   0.2595E+00   0.2601E+00   0.2607E+00   0.2613E+00   0.2618E+00   0.2623E+00   0.2628E+00   0.2633E+00   0.2638E+00   0.2643E+00   0.2647E+00   0.2651E+00   0.2655E+00   0.2659E+00   0.2663E+00   0.2667E+00   0.2670E+00   0.2674E+00   0.2677E+00   0.2680E+00   0.2683E+00   0.2686E+00   0.2689E+00   0.2692E+00   0.2695E+00   0.2697E+00   0.2700E+00   0.2702E+00   0.2704E+00   0.2707E+00   0.2709E+00   0.2711E+00   0.2713E+00   0.2715E+00   0.2717E+00   0.2719E+00   0.2720E+00   0.2722E+00   0.2724E+00   0.2728E+00   0.2729E+00   0.2731E+00   0.2732E+00   0.2735E+00   0.2736E+00   0.2738E+00   0.2739E+00   0.2747E+00
0.3056E+05   0.1371E+01   0.1018E+00   0.1176E+00   0.1290E+00   0.1367E+00   0.1424E+00   0.1469E+00   0.1505E+00   0.1537E+00   0.1566E+00   0.1592E+00   0.1616E+00   0.1639E+00   0.1660E+00   0.1681E+00   0.1700E+00   0.1719E+00   0.1738E+00   0.1756E+00   0.1774E+00   0.1792E+00   0.1809E+00   0.1826E+00   0.1842E+00   0.1858E+00   0.1873E+00   0.1887E+00   0.1901E+00   0.1914E+00   0.1926E+00   0.1938E+00   0.1950E+00   0.1961E+00   0.1971E+00   0.1981E+00   0.1991E+00   0.2000E+00   0.2009E+00   0.2017E+00   0.2026E+00   0.2033E+00   0.2041E+00   0.2048E+00   0.2055E+00   0.2062E+00   0.2069E+00   0.2075E+00   0.2081E+00   0.2087E+00   0.2092E+00   0.2098E+00   0.2103E+00   0.2108E+00   0.2112E+00   0.2117E+00   0.2121E+00   0.2125E+00   0.2130E+00   0.2133E+00   0.2137E+00   0.2141E+00   0.2144E+00   0.2148E+00   0.2151E+00   0.2154E+00   0.2157E+00   0.2160E+00   0.2163E+00   0.2166E+00   0.2168E+00   0.2171E+00   0.2173E+00   0.2176E+00   0.2178E+00   0.2180E+00   0.2182E+00   0.2184E+00   0.2186E+00   0.2188E+00   0.2190E+00   0.2192E+00   0.2194E+00   0.2195E+00   0.2197E+00   0.2198E+00   0.2200E+00   0.2201E+00   0.2203E+00   0.2204E+00   0.2205E+00   0.2207E+00   0.2208E+00   0.2209E+00   0.2210E+00   0.2211E+00   0.2214E+00   0.2215E+00   0.2216E+00   0.2217E+00   0.2219E+00   0.2220E+00   0.2220E+00   0.2221E+00   0.2227E+00
0.1432E+06   0.1371E+01   0.9486E-01   0.1150E+00   0.1270E+00   0.1355E+00   0.1415E+00   0.1462E+00   0.1501E+00   0.1534E+00   0.1563E+00   0.1589E+00   0.1614E+00   0.1637E+00   0.1658E+00   0.1678E+00   0.1698E+00   0.1717E+00   0.1736E+00   0.1754E+00   0.1772E+00   0.1790E+00   0.1808E+00   0.1824E+00   0.1841E+00   0.1856E+00   0.1871E+00   0.1886E+00   0.1899E+00   0.1913E+00   0.1925E+00   0.1937E+00   0.1949E+00   0.1960E+00   0.1970E+00   0.1980E+00   0.1990E+00   0.1999E+00   0.2008E+00   0.2017E+00   0.2025E+00   0.2033E+00   0.2040E+00   0.2048E+00   0.2055E+00   0.2062E+00   0.2068E+00   0.2074E+00   0.2080E+00   0.2086E+00   0.2092E+00   0.2097E+00   0.2102E+00   0.2107E+00   0.2112E+00   0.2116E+00   0.2121E+00   0.2125E+00   0.2129E+00   0.2133E+00   0.2137E+00   0.2141E+00   0.2144E+00   0.2147E+00   0.2151E+00   0.2154E+00   0.2157E+00   0.2160E+00   0.2163E+00   0.2165E+00   0.2168E+00   0.2171E+00   0.2173E+00   0.2175E+00   0.2178E+00   0.2180E+00   0.2182E+00   0.2184E+00   0.2186E+00   0.2188E+00   0.2190E+00   0.2192E+00   0.2193E+00   0.2195E+00   0.2197E+00   0.2198E+00   0.2200E+00   0.2201E+00   0.2202E+00   0.2204E+00   0.2205E+00   0.2206E+00   0.2208E+00   0.2209E+00   0.2210E+00   0.2211E+00   0.2214E+00   0.2215E+00   0.2215E+00   0.2216E+00   0.2219E+00   0.2219E+00   0.2220E+00   0.2221E+00   0.2226E+00
0.3054E+05   0.1472E+01   0.8949E-01   0.1056E+00   0.1167E+00   0.1242E+00   0.1297E+00   0.1340E+00   0.1376E+00   0.1407E+00   0.1435E+00   0.1461E+00   0.1484E+00   0.1507E+00   0.1528E+00   0.1547E+00   0.1566E+00   0.1583E+00   0.1599E+00   0.1613E+00   0.1627E+00   0.1640E+00   0.1652E+00   0.1664E+00   0.1675E+00   0.1685E+00   0.1695E+00   0.1705E+00   0.1714E+00   0.1722E+00   0.1731E+00   0.1738E+00   0.1746E+00   0.1753E+00   0.1760E+00   0.1766E+00   0.1773E+00   0.1779E+00   0.1784E+00   0.1790E+00   0.1795E+00   0.1800E+00   0.1805E+00   0.1810E+00   0.1814E+00   0.1819E+00   0.1823E+00   0.1827E+00   0.1831E+00   0.1835E+00   0.1838E+00   0.1842E+00   0.1845E+00   0.1848E+00   0.1852E+00   0.1855E+00   0.1857E+00   0.1860E+00   0.1863E+00   0.1866E+00   0.1868E+00   0.1870E+00   0.1873E+00   0.1875E+00   0.1877E+00   0.1880E+00   0.1882E+00   0.1884E+00   0.1886E+00   0.1887E+00   0.1889E+00   0.1891E+00   0.1893E+00   0.1894E+00   0.1896E+00   0.1897E+00   0.1899E+00   0.1900E+00   0.1901E+00   0.1903E+00   0.1904E+00   0.1905E+00   0.1906E+00   0.1907E+00   0.1909E+00   0.1910E+00   0.1911E+00   0.1912E+00   0.1913E+00   0.1914E+00   0.1915E+00   0.1915E+00   0.1916E+00   0.1917E+00   0.1918E+00   0.1919E+00   0.1920E+00   0.1921E+00   0.1922E+00   0.1922E+00   0.1924E+00   0.1924E+00   0.1925E+00   0.1925E+00   0.1929E+00
0.1431E+06   0.1472E+01   0.8288E-01   0.1026E+00   0.1146E+00   0.1229E+00   0.1289E+00   0.1334E+00   0.1372E+00   0.1404E+00   0.1432E+00   0.1458E+00   0.1482E+00   0.1504E+00   0.1526E+00   0.1545E+00   0.1564E+00   0.1581E+00   0.1597E+00   0.1612E+00   0.1626E+00   0.1639E+00   0.1651E+00   0.1663E+00   0.1674E+00   0.1684E+00   0.1694E+00   0.1704E+00   0.1713E+00   0.1721E+00   0.1730E+00   0.1738E+00   0.1745E+00   0.1752E+00   0.1759E+00   0.1766E+00   0.1772E+00   0.1778E+00   0.1784E+00   0.1789E+00   0.1795E+00   0.1800E+00   0.1805E+00   0.1809E+00   0.1814E+00   0.1818E+00   0.1822E+00   0.1826E+00   0.1830E+00   0.1834E+00   0.1838E+00   0.1841E+00   0.1845E+00   0.1848E+00   0.1851E+00   0.1854E+00   0.1857E+00   0.1860E+00   0.1863E+00   0.1865E+00   0.1868E+00   0.1870E+00   0.1873E+00   0.1875E+00   0.1877E+00   0.1879E+00   0.1881E+00   0.1883E+00   0.1885E+00   0.1887E+00   0.1889E+00   0.1891E+00   0.1892E+00   0.1894E+00   0.1895E+00   0.1897E+00   0.1898E+00   0.1900E+00   0.1901E+00   0.1902E+00   0.1904E+00   0.1905E+00   0.1906E+00   0.1907E+00   0.1908E+00   0.1909E+00   0.1910E+00   0.1911E+00   0.1912E+00   0.1913E+00   0.1914E+00   0.1915E+00   0.1916E+00   0.1917E+00   0.1918E+00   0.1918E+00   0.1920E+00   0.1921E+00   0.1921E+00   0.1922E+00   0.1924E+00   0.1924E+00   0.1925E+00   0.1925E+00   0.1929E+00
0.1431E+06   0.1578E+01   0.7234E-01   0.9128E-01   0.1033E+00   0.1115E+00   0.1173E+00   0.1218E+00   0.1254E+00   0.1285E+00   0.1313E+00   0.1338E+00   0.1361E+00   0.1382E+00   0.1402E+00   0.1421E+00   0.1438E+00   0.1454E+00   0.1470E+00   0.1484E+00   0.1497E+00   0.1510E+00   0.1522E+00   0.1533E+00   0.1544E+00   0.1554E+00   0.1564E+00   0.1573E+00   0.1582E+00   0.1590E+00   0.1598E+00   0.1606E+00   0.1614E+00   0.1621E+00   0.1627E+00   0.1634E+00   0.1640E+00   0.1646E+00   0.1652E+00   0.1657E+00   0.1663E+00   0.1668E+00   0.1673E+00   0.1678E+00   0.1682E+00   0.1687E+00   0.1691E+00   0.1695E+00   0.1699E+00   0.1702E+00   0.1706E+00   0.1709E+00   0.1713E+00   0.1716E+00   0.1719E+00   0.1722E+00   0.1725E+00   0.1727E+00   0.1730E+00   0.1732E+00   0.1735E+00   0.1737E+00   0.1739E+00   0.1742E+00   0.1744E+00   0.1746E+00   0.1748E+00   0.1749E+00   0.1751E+00   0.1753E+00   0.1755E+00   0.1756E+00   0.1758E+00   0.1759E+00   0.1761E+00   0.1762E+00   0.1763E+00   0.1765E+00   0.1766E+00   0.1767E+00   0.1768E+00   0.1769E+00   0.1770E+00   0.1771E+00   0.1772E+00   0.1773E+00   0.1774E+00   0.1775E+00   0.1776E+00   0.1776E+00   0.1777E+00   0.1778E+00   0.1779E+00   0.1779E+00   0.1780E+00   0.1781E+00   0.1782E+00   0.1783E+00   0.1783E+00   0.1784E+00   0.1785E+00   0.1786E+00   0.1786E+00   0.1787E+00   0.1790E+00
0.3053E+05   0.1578E+01   0.7827E-01   0.9452E-01   0.1053E+00   0.1127E+00   0.1182E+00   0.1224E+00   0.1259E+00   0.1289E+00   0.1316E+00   0.1340E+00   0.1363E+00   0.1384E+00   0.1404E+00   0.1422E+00   0.1440E+00   0.1456E+00   0.1471E+00   0.1485E+00   0.1498E+00   0.1511E+00   0.1523E+00   0.1534E+00   0.1545E+00   0.1555E+00   0.1564E+00   0.1574E+00   0.1583E+00   0.1591E+00   0.1599E+00   0.1607E+00   0.1614E+00   0.1621E+00   0.1628E+00   0.1635E+00   0.1641E+00   0.1647E+00   0.1653E+00   0.1658E+00   0.1663E+00   0.1669E+00   0.1673E+00   0.1678E+00   0.1683E+00   0.1687E+00   0.1691E+00   0.1695E+00   0.1699E+00   0.1703E+00   0.1706E+00   0.1710E+00   0.1713E+00   0.1716E+00   0.1719E+00   0.1722E+00   0.1725E+00   0.1728E+00   0.1730E+00   0.1733E+00   0.1735E+00   0.1738E+00   0.1740E+00   0.1742E+00   0.1744E+00   0.1746E+00   0.1748E+00   0.1750E+00   0.1752E+00   0.1753E+00   0.1755E+00   0.1756E+00   0.1758E+00   0.1759E+00   0.1761E+00   0.1762E+00   0.1764E+00   0.1765E+00   0.1766E+00   0.1767E+00   0.1768E+00   0.1769E+00   0.1771E+00   0.1772E+00   0.1772E+00   0.1773E+00   0.1774E+00   0.1775E+00   0.1776E+00   0.1777E+00   0.1778E+00   0.1778E+00   0.1779E+00   0.1780E+00   0.1780E+00   0.1781E+00   0.1783E+00   0.1783E+00   0.1784E+00   0.1784E+00   0.1786E+00   0.1786E+00   0.1786E+00   0.1787E+00   0.1790E+00
0.3051E+05   0.1687E+01   0.6821E-01   0.8428E-01   0.9495E-01   0.1023E+00   0.1077E+00   0.1118E+00   0.1152E+00   0.1182E+00   0.1208E+00   0.1231E+00   0.1253E+00   0.1273E+00   0.1291E+00   0.1309E+00   0.1325E+00   0.1341E+00   0.1355E+00   0.1369E+00   0.1382E+00   0.1394E+00   0.1405E+00   0.1416E+00   0.1426E+00   0.1436E+00   0.1445E+00   0.1454E+00   0.1462E+00   0.1471E+00   0.1478E+00   0.1486E+00   0.1493E+00   0.1499E+00   0.1506E+00   0.1512E+00   0.1518E+00   0.1524E+00   0.1529E+00   0.1534E+00   0.1539E+00   0.1544E+00   0.1549E+00   0.1553E+00   0.1557E+00   0.1562E+00   0.1565E+00   0.1569E+00   0.1573E+00   0.1576E+00   0.1580E+00   0.1583E+00   0.1586E+00   0.1589E+00   0.1592E+00   0.1595E+00   0.1597E+00   0.1600E+00   0.1602E+00   0.1605E+00   0.1607E+00   0.1609E+00   0.1611E+00   0.1613E+00   0.1615E+00   0.1617E+00   0.1619E+00   0.1621E+00   0.1622E+00   0.1624E+00   0.1625E+00   0.1627E+00   0.1628E+00   0.1630E+00   0.1631E+00   0.1632E+00   0.1634E+00   0.1635E+00   0.1636E+00   0.1637E+00   0.1638E+00   0.1639E+00   0.1640E+00   0.1641E+00   0.1642E+00   0.1643E+00   0.1644E+00   0.1645E+00   0.1645E+00   0.1646E+00   0.1647E+00   0.1647E+00   0.1648E+00   0.1649E+00   0.1649E+00   0.1650E+00   0.1652E+00   0.1652E+00   0.1653E+00   0.1653E+00   0.1654E+00   0.1655E+00   0.1655E+00   0.1656E+00   0.1659E+00
0.1431E+06   0.1687E+01   0.6312E-01   0.8109E-01   0.9298E-01   0.1010E+00   0.1068E+00   0.1112E+00   0.1148E+00   0.1178E+00   0.1205E+00   0.1229E+00   0.1250E+00   0.1271E+00   0.1290E+00   0.1307E+00   0.1324E+00   0.1339E+00   0.1354E+00   0.1367E+00   0.1380E+00   0.1392E+00   0.1404E+00   0.1415E+00   0.1425E+00   0.1435E+00   0.1444E+00   0.1453E+00   0.1462E+00   0.1470E+00   0.1477E+00   0.1485E+00   0.1492E+00   0.1499E+00   0.1505E+00   0.1511E+00   0.1517E+00   0.1523E+00   0.1529E+00   0.1534E+00   0.1539E+00   0.1544E+00   0.1548E+00   0.1553E+00   0.1557E+00   0.1561E+00   0.1565E+00   0.1569E+00   0.1572E+00   0.1576E+00   0.1579E+00   0.1582E+00   0.1585E+00   0.1588E+00   0.1591E+00   0.1594E+00   0.1597E+00   0.1599E+00   0.1602E+00   0.1604E+00   0.1606E+00   0.1609E+00   0.1611E+00   0.1613E+00   0.1615E+00   0.1617E+00   0.1618E+00   0.1620E+00   0.1622E+00   0.1623E+00   0.1625E+00   0.1627E+00   0.1628E+00   0.1629E+00   0.1631E+00   0.1632E+00   0.1633E+00   0.1634E+00   0.1636E+00   0.1637E+00   0.1638E+00   0.1639E+00   0.1640E+00   0.1641E+00   0.1642E+00   0.1643E+00   0.1643E+00   0.1644E+00   0.1645E+00   0.1646E+00   0.1646E+00   0.1647E+00   0.1648E+00   0.1648E+00   0.1649E+00   0.1650E+00   0.1651E+00   0.1652E+00   0.1652E+00   0.1653E+00   0.1654E+00   0.1654E+00   0.1655E+00   0.1655E+00   0.1659E+00
0.1431E+06   0.1800E+01   0.5508E-01   0.7196E-01   0.8359E-01   0.9157E-01   0.9732E-01   0.1017E+00   0.1052E+00   0.1081E+00   0.1107E+00   0.1130E+00   0.1151E+00   0.1171E+00   0.1189E+00   0.1205E+00   0.1221E+00   0.1236E+00   0.1250E+00   0.1263E+00   0.1275E+00   0.1287E+00   0.1298E+00   0.1308E+00   0.1318E+00   0.1327E+00   0.1336E+00   0.1344E+00   0.1352E+00   0.1360E+00   0.1367E+00   0.1374E+00   0.1381E+00   0.1388E+00   0.1394E+00   0.1400E+00   0.1405E+00   0.1411E+00   0.1416E+00   0.1421E+00   0.1425E+00   0.1430E+00   0.1434E+00   0.1438E+00   0.1442E+00   0.1446E+00   0.1450E+00   0.1453E+00   0.1457E+00   0.1460E+00   0.1463E+00   0.1466E+00   0.1469E+00   0.1472E+00   0.1475E+00   0.1477E+00   0.1480E+00   0.1482E+00   0.1485E+00   0.1487E+00   0.1489E+00   0.1491E+00   0.1493E+00   0.1495E+00   0.1497E+00   0.1499E+00   0.1500E+00   0.1502E+00   0.1504E+00   0.1505E+00   0.1507E+00   0.1508E+00   0.1510E+00   0.1511E+00   0.1512E+00   0.1513E+00   0.1515E+00   0.1516E+00   0.1517E+00   0.1518E+00   0.1519E+00   0.1520E+00   0.1521E+00   0.1522E+00   0.1522E+00   0.1523E+00   0.1524E+00   0.1525E+00   0.1526E+00   0.1526E+00   0.1527E+00   0.1528E+00   0.1528E+00   0.1529E+00   0.1530E+00   0.1530E+00   0.1532E+00   0.1532E+00   0.1533E+00   0.1533E+00   0.1534E+00   0.1535E+00   0.1535E+00   0.1535E+00   0.1539E+00
0.3049E+05   0.1800E+01   0.5933E-01   0.7494E-01   0.8550E-01   0.9281E-01   0.9815E-01   0.1023E+00   0.1056E+00   0.1085E+00   0.1110E+00   0.1133E+00   0.1153E+00   0.1173E+00   0.1190E+00   0.1207E+00   0.1223E+00   0.1237E+00   0.1251E+00   0.1264E+00   0.1276E+00   0.1288E+00   0.1299E+00   0.1309E+00   0.1319E+00   0.1328E+00   0.1337E+00   0.1345E+00   0.1353E+00   0.1361E+00   0.1368E+00   0.1375E+00   0.1382E+00   0.1388E+00   0.1394E+00   0.1400E+00   0.1406E+00   0.1411E+00   0.1416E+00   0.1421E+00   0.1426E+00   0.1430E+00   0.1435E+00   0.1439E+00   0.1443E+00   0.1447E+00   0.1450E+00   0.1454E+00   0.1457E+00   0.1461E+00   0.1464E+00   0.1467E+00   0.1470E+00   0.1473E+00   0.1475E+00   0.1478E+00   0.1480E+00   0.1483E+00   0.1485E+00   0.1487E+00   0.1490E+00   0.1492E+00   0.1494E+00   0.1496E+00   0.1497E+00   0.1499E+00   0.1501E+00   0.1503E+00   0.1504E+00   0.1506E+00   0.1507E+00   0.1509E+00   0.1510E+00   0.1511E+00   0.1512E+00   0.1514E+00   0.1515E+00   0.1516E+00   0.1517E+00   0.1518E+00   0.1519E+00   0.1520E+00   0.1521E+00   0.1522E+00   0.1523E+00   0.1524E+00   0.1524E+00   0.1525E+00   0.1526E+00   0.1527E+00   0.1527E+00   0.1528E+00   0.1529E+00   0.1529E+00   0.1530E+00   0.1531E+00   0.1532E+00   0.1532E+00   0.1533E+00   0.1533E+00   0.1535E+00   0.1535E+00   0.1535E+00   0.1536E+00   0.1539E+00
0.3048E+05   0.1917E+01   0.5156E-01   0.6651E-01   0.7690E-01   0.8418E-01   0.8951E-01   0.9362E-01   0.9695E-01   0.9977E-01   0.1022E+00   0.1044E+00   0.1064E+00   0.1083E+00   0.1100E+00   0.1116E+00   0.1131E+00   0.1145E+00   0.1158E+00   0.1171E+00   0.1182E+00   0.1193E+00   0.1204E+00   0.1213E+00   0.1223E+00   0.1231E+00   0.1240E+00   0.1248E+00   0.1255E+00   0.1263E+00   0.1270E+00   0.1276E+00   0.1283E+00   0.1289E+00   0.1294E+00   0.1300E+00   0.1305E+00   0.1310E+00   0.1315E+00   0.1320E+00   0.1324E+00   0.1328E+00   0.1333E+00   0.1336E+00   0.1340E+00   0.1344E+00   0.1347E+00   0.1351E+00   0.1354E+00   0.1357E+00   0.1360E+00   0.1363E+00   0.1366E+00   0.1368E+00   0.1371E+00   0.1373E+00   0.1376E+00   0.1378E+00   0.1380E+00   0.1382E+00   0.1384E+00   0.1386E+00   0.1388E+00   0.1390E+00   0.1392E+00   0.1393E+00   0.1395E+00   0.1396E+00   0.1398E+00   0.1399E+00   0.1401E+00   0.1402E+00   0.1403E+00   0.1405E+00   0.1406E+00   0.1407E+00   0.1408E+00   0.1409E+00   0.1410E+00   0.1411E+00   0.1412E+00   0.1413E+00   0.1414E+00   0.1415E+00   0.1416E+00   0.1416E+00   0.1417E+00   0.1418E+00   0.1418E+00   0.1419E+00   0.1420E+00   0.1420E+00   0.1421E+00   0.1422E+00   0.1422E+00   0.1423E+00   0.1424E+00   0.1425E+00   0.1425E+00   0.1425E+00   0.1427E+00   0.1427E+00   0.1427E+00   0.1428E+00   0.1431E+00
0.1431E+06   0.1917E+01   0.4809E-01   0.6382E-01   0.7509E-01   0.8298E-01   0.8870E-01   0.9305E-01   0.9653E-01   0.9944E-01   0.1020E+00   0.1042E+00   0.1062E+00   0.1081E+00   0.1098E+00   0.1115E+00   0.1130E+00   0.1144E+00   0.1157E+00   0.1169E+00   0.1181E+00   0.1192E+00   0.1203E+00   0.1212E+00   0.1222E+00   0.1231E+00   0.1239E+00   0.1247E+00   0.1255E+00   0.1262E+00   0.1269E+00   0.1275E+00   0.1282E+00   0.1288E+00   0.1294E+00   0.1299E+00   0.1305E+00   0.1310E+00   0.1315E+00   0.1319E+00   0.1324E+00   0.1328E+00   0.1332E+00   0.1336E+00   0.1340E+00   0.1343E+00   0.1347E+00   0.1350E+00   0.1353E+00   0.1357E+00   0.1360E+00   0.1362E+00   0.1365E+00   0.1368E+00   0.1370E+00   0.1373E+00   0.1375E+00   0.1377E+00   0.1380E+00   0.1382E+00   0.1384E+00   0.1386E+00   0.1388E+00   0.1389E+00   0.1391E+00   0.1393E+00   0.1394E+00   0.1396E+00   0.1398E+00   0.1399E+00   0.1400E+00   0.1402E+00   0.1403E+00   0.1404E+00   0.1405E+00   0.1407E+00   0.1408E+00   0.1409E+00   0.1410E+00   0.1411E+00   0.1412E+00   0.1413E+00   0.1414E+00   0.1414E+00   0.1415E+00   0.1416E+00   0.1417E+00   0.1417E+00   0.1418E+00   0.1419E+00   0.1420E+00   0.1420E+00   0.1421E+00   0.1421E+00   0.1422E+00   0.1422E+00   0.1424E+00   0.1424E+00   0.1425E+00   0.1425E+00   0.1426E+00   0.1427E+00   0.1427E+00   0.1427E+00   0.1430E+00
0.1431E+06   0.2039E+01   0.4204E-01   0.5661E-01   0.6743E-01   0.7521E-01   0.8092E-01   0.8527E-01   0.8875E-01   0.9164E-01   0.9413E-01   0.9634E-01   0.9833E-01   0.1001E+00   0.1018E+00   0.1034E+00   0.1048E+00   0.1062E+00   0.1075E+00   0.1086E+00   0.1098E+00   0.1108E+00   0.1118E+00   0.1128E+00   0.1136E+00   0.1145E+00   0.1153E+00   0.1161E+00   0.1168E+00   0.1175E+00   0.1181E+00   0.1188E+00   0.1194E+00   0.1199E+00   0.1205E+00   0.1210E+00   0.1215E+00   0.1220E+00   0.1225E+00   0.1229E+00   0.1233E+00   0.1237E+00   0.1241E+00   0.1245E+00   0.1248E+00   0.1252E+00   0.1255E+00   0.1258E+00   0.1261E+00   0.1264E+00   0.1267E+00   0.1270E+00   0.1272E+00   0.1275E+00   0.1277E+00   0.1280E+00   0.1282E+00   0.1284E+00   0.1286E+00   0.1288E+00   0.1290E+00   0.1292E+00   0.1294E+00   0.1295E+00   0.1297E+00   0.1299E+00   0.1300E+00   0.1301E+00   0.1303E+00   0.1304E+00   0.1306E+00   0.1307E+00   0.1308E+00   0.1309E+00   0.1310E+00   0.1311E+00   0.1312E+00   0.1313E+00   0.1314E+00   0.1315E+00   0.1316E+00   0.1317E+00   0.1318E+00   0.1319E+00   0.1319E+00   0.1320E+00   0.1321E+00   0.1322E+00   0.1322E+00   0.1323E+00   0.1324E+00   0.1324E+00   0.1325E+00   0.1325E+00   0.1326E+00   0.1326E+00   0.1328E+00   0.1328E+00   0.1328E+00   0.1329E+00   0.1330E+00   0.1330E+00   0.1331E+00   0.1331E+00   0.1334E+00
0.3046E+05   0.2039E+01   0.4483E-01   0.5898E-01   0.6912E-01   0.7636E-01   0.8171E-01   0.8583E-01   0.8916E-01   0.9196E-01   0.9440E-01   0.9656E-01   0.9852E-01   0.1003E+00   0.1020E+00   0.1035E+00   0.1050E+00   0.1063E+00   0.1076E+00   0.1088E+00   0.1099E+00   0.1109E+00   0.1119E+00   0.1128E+00   0.1137E+00   0.1146E+00   0.1154E+00   0.1161E+00   0.1169E+00   0.1175E+00   0.1182E+00   0.1188E+00   0.1194E+00   0.1200E+00   0.1205E+00   0.1211E+00   0.1216E+00   0.1221E+00   0.1225E+00   0.1230E+00   0.1234E+00   0.1238E+00   0.1242E+00   0.1245E+00   0.1249E+00   0.1252E+00   0.1256E+00   0.1259E+00   0.1262E+00   0.1265E+00   0.1267E+00   0.1270E+00   0.1273E+00   0.1275E+00   0.1278E+00   0.1280E+00   0.1282E+00   0.1284E+00   0.1286E+00   0.1288E+00   0.1290E+00   0.1292E+00   0.1294E+00   0.1296E+00   0.1297E+00   0.1299E+00   0.1300E+00   0.1302E+00   0.1303E+00   0.1305E+00   0.1306E+00   0.1307E+00   0.1308E+00   0.1309E+00   0.1311E+00   0.1312E+00   0.1313E+00   0.1314E+00   0.1315E+00   0.1316E+00   0.1317E+00   0.1317E+00   0.1318E+00   0.1319E+00   0.1320E+00   0.1320E+00   0.1321E+00   0.1322E+00   0.1323E+00   0.1323E+00   0.1324E+00   0.1324E+00   0.1325E+00   0.1325E+00   0.1326E+00   0.1327E+00   0.1328E+00   0.1328E+00   0.1329E+00   0.1329E+00   0.1330E+00   0.1330E+00   0.1331E+00   0.1331E+00   0.1334E+00
0.3044E+05   0.2165E+01   0.3904E-01   0.5230E-01   0.6214E-01   0.6932E-01   0.7468E-01   0.7884E-01   0.8220E-01   0.8500E-01   0.8743E-01   0.8958E-01   0.9151E-01   0.9327E-01   0.9490E-01   0.9640E-01   0.9779E-01   0.9909E-01   0.1003E+00   0.1015E+00   0.1025E+00   0.1035E+00   0.1045E+00   0.1054E+00   0.1062E+00   0.1070E+00   0.1078E+00   0.1085E+00   0.1092E+00   0.1099E+00   0.1105E+00   0.1111E+00   0.1117E+00   0.1122E+00   0.1127E+00   0.1132E+00   0.1137E+00   0.1142E+00   0.1146E+00   0.1150E+00   0.1154E+00   0.1158E+00   0.1162E+00   0.1165E+00   0.1169E+00   0.1172E+00   0.1175E+00   0.1178E+00   0.1181E+00   0.1184E+00   0.1186E+00   0.1189E+00   0.1191E+00   0.1194E+00   0.1196E+00   0.1198E+00   0.1200E+00   0.1202E+00   0.1204E+00   0.1206E+00   0.1208E+00   0.1209E+00   0.1211E+00   0.1213E+00   0.1214E+00   0.1216E+00   0.1217E+00   0.1219E+00   0.1220E+00   0.1221E+00   0.1222E+00   0.1224E+00   0.1225E+00   0.1226E+00   0.1227E+00   0.1228E+00   0.1229E+00   0.1230E+00   0.1231E+00   0.1232E+00   0.1232E+00   0.1233E+00   0.1234E+00   0.1235E+00   0.1235E+00   0.1236E+00   0.1237E+00   0.1237E+00   0.1238E+00   0.1239E+00   0.1239E+00   0.1240E+00   0.1240E+00   0.1241E+00   0.1241E+00   0.1242E+00   0.1243E+00   0.1243E+00   0.1244E+00   0.1244E+00   0.1245E+00   0.1245E+00   0.1246E+00   0.1246E+00   0.1249E+00
0.1430E+06   0.2165E+01   0.3682E-01   0.5026E-01   0.6059E-01   0.6822E-01   0.7392E-01   0.7829E-01   0.8179E-01   0.8469E-01   0.8717E-01   0.8936E-01   0.9132E-01   0.9311E-01   0.9475E-01   0.9626E-01   0.9766E-01   0.9897E-01   0.1002E+00   0.1013E+00   0.1024E+00   0.1034E+00   0.1044E+00   0.1053E+00   0.1062E+00   0.1070E+00   0.1077E+00   0.1085E+00   0.1092E+00   0.1098E+00   0.1104E+00   0.1110E+00   0.1116E+00   0.1122E+00   0.1127E+00   0.1132E+00   0.1137E+00   0.1141E+00   0.1146E+00   0.1150E+00   0.1154E+00   0.1158E+00   0.1161E+00   0.1165E+00   0.1168E+00   0.1171E+00   0.1175E+00   0.1178E+00   0.1180E+00   0.1183E+00   0.1186E+00   0.1188E+00   0.1191E+00   0.1193E+00   0.1195E+00   0.1198E+00   0.1200E+00   0.1202E+00   0.1204E+00   0.1206E+00   0.1207E+00   0.1209E+00   0.1211E+00   0.1212E+00   0.1214E+00   0.1215E+00   0.1217E+00   0.1218E+00   0.1220E+00   0.1221E+00   0.1222E+00   0.1223E+00   0.1224E+00   0.1225E+00   0.1227E+00   0.1228E+00   0.1229E+00   0.1229E+00   0.1230E+00   0.1231E+00   0.1232E+00   0.1233E+00   0.1234E+00   0.1234E+00   0.1235E+00   0.1236E+00   0.1236E+00   0.1237E+00   0.1238E+00   0.1238E+00   0.1239E+00   0.1239E+00   0.1240E+00   0.1240E+00   0.1241E+00   0.1241E+00   0.1243E+00   0.1243E+00   0.1243E+00   0.1244E+00   0.1245E+00   0.1245E+00   0.1245E+00   0.1246E+00   0.1248E+00
0.1430E+06   0.2296E+01   0.3234E-01   0.4471E-01   0.5453E-01   0.6199E-01   0.6766E-01   0.7206E-01   0.7560E-01   0.7853E-01   0.8103E-01   0.8322E-01   0.8517E-01   0.8693E-01   0.8855E-01   0.9004E-01   0.9141E-01   0.9269E-01   0.9388E-01   0.9500E-01   0.9604E-01   0.9703E-01   0.9795E-01   0.9882E-01   0.9965E-01   0.1004E+00   0.1012E+00   0.1019E+00   0.1025E+00   0.1032E+00   0.1038E+00   0.1043E+00   0.1049E+00   0.1054E+00   0.1059E+00   0.1064E+00   0.1068E+00   0.1073E+00   0.1077E+00   0.1081E+00   0.1085E+00   0.1088E+00   0.1092E+00   0.1095E+00   0.1099E+00   0.1102E+00   0.1105E+00   0.1107E+00   0.1110E+00   0.1113E+00   0.1115E+00   0.1118E+00   0.1120E+00   0.1122E+00   0.1124E+00   0.1126E+00   0.1128E+00   0.1130E+00   0.1132E+00   0.1134E+00   0.1136E+00   0.1137E+00   0.1139E+00   0.1140E+00   0.1142E+00   0.1143E+00   0.1145E+00   0.1146E+00   0.1147E+00   0.1148E+00   0.1150E+00   0.1151E+00   0.1152E+00   0.1153E+00   0.1154E+00   0.1155E+00   0.1156E+00   0.1157E+00   0.1157E+00   0.1158E+00   0.1159E+00   0.1160E+00   0.1160E+00   0.1161E+00   0.1162E+00   0.1162E+00   0.1163E+00   0.1164E+00   0.1164E+00   0.1165E+00   0.1165E+00   0.1166E+00   0.1166E+00   0.1167E+00   0.1167E+00   0.1168E+00   0.1169E+00   0.1169E+00   0.1170E+00   0.1170E+00   0.1171E+00   0.1171E+00   0.1171E+00   0.1172E+00   0.1174E+00
0.3042E+05   0.2296E+01   0.3409E-01   0.4643E-01   0.5592E-01   0.6301E-01   0.6840E-01   0.7260E-01   0.7600E-01   0.7884E-01   0.8128E-01   0.8343E-01   0.8535E-01   0.8709E-01   0.8869E-01   0.9017E-01   0.9153E-01   0.9280E-01   0.9399E-01   0.9510E-01   0.9613E-01   0.9711E-01   0.9803E-01   0.9890E-01   0.9972E-01   0.1005E+00   0.1012E+00   0.1019E+00   0.1026E+00   0.1032E+00   0.1038E+00   0.1044E+00   0.1049E+00   0.1055E+00   0.1060E+00   0.1064E+00   0.1069E+00   0.1073E+00   0.1077E+00   0.1081E+00   0.1085E+00   0.1089E+00   0.1092E+00   0.1096E+00   0.1099E+00   0.1102E+00   0.1105E+00   0.1108E+00   0.1110E+00   0.1113E+00   0.1116E+00   0.1118E+00   0.1120E+00   0.1123E+00   0.1125E+00   0.1127E+00   0.1129E+00   0.1131E+00   0.1133E+00   0.1134E+00   0.1136E+00   0.1138E+00   0.1139E+00   0.1141E+00   0.1142E+00   0.1144E+00   0.1145E+00   0.1146E+00   0.1147E+00   0.1149E+00   0.1150E+00   0.1151E+00   0.1152E+00   0.1153E+00   0.1154E+00   0.1155E+00   0.1156E+00   0.1157E+00   0.1158E+00   0.1158E+00   0.1159E+00   0.1160E+00   0.1161E+00   0.1161E+00   0.1162E+00   0.1163E+00   0.1163E+00   0.1164E+00   0.1164E+00   0.1165E+00   0.1166E+00   0.1166E+00   0.1167E+00   0.1167E+00   0.1167E+00   0.1168E+00   0.1169E+00   0.1169E+00   0.1170E+00   0.1170E+00   0.1171E+00   0.1171E+00   0.1172E+00   0.1172E+00   0.1174E+00
0.3041E+05   0.2432E+01   0.2989E-01   0.4134E-01   0.5043E-01   0.5741E-01   0.6281E-01   0.6707E-01   0.7053E-01   0.7342E-01   0.7589E-01   0.7806E-01   0.7999E-01   0.8174E-01   0.8333E-01   0.8478E-01   0.8613E-01   0.8738E-01   0.8854E-01   0.8963E-01   0.9065E-01   0.9160E-01   0.9250E-01   0.9334E-01   0.9414E-01   0.9489E-01   0.9560E-01   0.9627E-01   0.9691E-01   0.9752E-01   0.9810E-01   0.9865E-01   0.9918E-01   0.9968E-01   0.1002E+00   0.1006E+00   0.1011E+00   0.1015E+00   0.1019E+00   0.1023E+00   0.1026E+00   0.1030E+00   0.1033E+00   0.1036E+00   0.1039E+00   0.1042E+00   0.1045E+00   0.1048E+00   0.1050E+00   0.1053E+00   0.1055E+00   0.1058E+00   0.1060E+00   0.1062E+00   0.1064E+00   0.1066E+00   0.1068E+00   0.1070E+00   0.1071E+00   0.1073E+00   0.1075E+00   0.1076E+00   0.1078E+00   0.1079E+00   0.1081E+00   0.1082E+00   0.1083E+00   0.1084E+00   0.1086E+00   0.1087E+00   0.1088E+00   0.1089E+00   0.1090E+00   0.1091E+00   0.1092E+00   0.1093E+00   0.1094E+00   0.1094E+00   0.1095E+00   0.1096E+00   0.1097E+00   0.1097E+00   0.1098E+00   0.1099E+00   0.1099E+00   0.1100E+00   0.1101E+00   0.1101E+00   0.1102E+00   0.1102E+00   0.1103E+00   0.1103E+00   0.1104E+00   0.1104E+00   0.1104E+00   0.1105E+00   0.1106E+00   0.1106E+00   0.1107E+00   0.1107E+00   0.1108E+00   0.1108E+00   0.1108E+00   0.1109E+00   0.1111E+00
0.1430E+06   0.2432E+01   0.2852E-01   0.3990E-01   0.4920E-01   0.5647E-01   0.6211E-01   0.6655E-01   0.7014E-01   0.7311E-01   0.7565E-01   0.7785E-01   0.7982E-01   0.8158E-01   0.8319E-01   0.8466E-01   0.8602E-01   0.8728E-01   0.8845E-01   0.8954E-01   0.9056E-01   0.9152E-01   0.9242E-01   0.9327E-01   0.9407E-01   0.9482E-01   0.9554E-01   0.9622E-01   0.9686E-01   0.9747E-01   0.9805E-01   0.9860E-01   0.9913E-01   0.9964E-01   0.1001E+00   0.1006E+00   0.1010E+00   0.1014E+00   0.1018E+00   0.1022E+00   0.1026E+00   0.1029E+00   0.1033E+00   0.1036E+00   0.1039E+00   0.1042E+00   0.1045E+00   0.1048E+00   0.1050E+00   0.1053E+00   0.1055E+00   0.1057E+00   0.1060E+00   0.1062E+00   0.1064E+00   0.1066E+00   0.1068E+00   0.1069E+00   0.1071E+00   0.1073E+00   0.1074E+00   0.1076E+00   0.1078E+00   0.1079E+00   0.1080E+00   0.1082E+00   0.1083E+00   0.1084E+00   0.1085E+00   0.1087E+00   0.1088E+00   0.1089E+00   0.1090E+00   0.1091E+00   0.1092E+00   0.1092E+00   0.1093E+00   0.1094E+00   0.1095E+00   0.1096E+00   0.1097E+00   0.1097E+00   0.1098E+00   0.1099E+00   0.1099E+00   0.1100E+00   0.1100E+00   0.1101E+00   0.1101E+00   0.1102E+00   0.1102E+00   0.1103E+00   0.1103E+00   0.1104E+00   0.1104E+00   0.1105E+00   0.1106E+00   0.1106E+00   0.1106E+00   0.1107E+00   0.1108E+00   0.1108E+00   0.1108E+00   0.1108E+00   0.1111E+00
0.1430E+06   0.2573E+01   0.2528E-01   0.3576E-01   0.4456E-01   0.5163E-01   0.5724E-01   0.6172E-01   0.6537E-01   0.6840E-01   0.7099E-01   0.7323E-01   0.7522E-01   0.7700E-01   0.7861E-01   0.8008E-01   0.8143E-01   0.8268E-01   0.8384E-01   0.8492E-01   0.8593E-01   0.8687E-01   0.8776E-01   0.8859E-01   0.8937E-01   0.9011E-01   0.9081E-01   0.9147E-01   0.9210E-01   0.9269E-01   0.9326E-01   0.9380E-01   0.9431E-01   0.9480E-01   0.9527E-01   0.9571E-01   0.9614E-01   0.9654E-01   0.9693E-01   0.9730E-01   0.9765E-01   0.9799E-01   0.9832E-01   0.9862E-01   0.9892E-01   0.9920E-01   0.9948E-01   0.9974E-01   0.9999E-01   0.1002E+00   0.1005E+00   0.1007E+00   0.1009E+00   0.1011E+00   0.1013E+00   0.1015E+00   0.1017E+00   0.1018E+00   0.1020E+00   0.1022E+00   0.1023E+00   0.1025E+00   0.1026E+00   0.1028E+00   0.1029E+00   0.1030E+00   0.1031E+00   0.1033E+00   0.1034E+00   0.1035E+00   0.1036E+00   0.1037E+00   0.1038E+00   0.1039E+00   0.1040E+00   0.1040E+00   0.1041E+00   0.1042E+00   0.1043E+00   0.1044E+00   0.1044E+00   0.1045E+00   0.1046E+00   0.1046E+00   0.1047E+00   0.1047E+00   0.1048E+00   0.1048E+00   0.1049E+00   0.1049E+00   0.1050E+00   0.1050E+00   0.1051E+00   0.1051E+00   0.1052E+00   0.1052E+00   0.1053E+00   0.1053E+00   0.1054E+00   0.1054E+00   0.1055E+00   0.1055E+00   0.1055E+00   0.1055E+00   0.1058E+00
0.3039E+05   0.2573E+01   0.2635E-01   0.3696E-01   0.4564E-01   0.5250E-01   0.5790E-01   0.6222E-01   0.6575E-01   0.6870E-01   0.7123E-01   0.7343E-01   0.7539E-01   0.7715E-01   0.7874E-01   0.8020E-01   0.8154E-01   0.8278E-01   0.8394E-01   0.8501E-01   0.8601E-01   0.8695E-01   0.8783E-01   0.8866E-01   0.8944E-01   0.9017E-01   0.9087E-01   0.9153E-01   0.9215E-01   0.9274E-01   0.9331E-01   0.9384E-01   0.9435E-01   0.9484E-01   0.9531E-01   0.9575E-01   0.9617E-01   0.9658E-01   0.9696E-01   0.9733E-01   0.9769E-01   0.9802E-01   0.9835E-01   0.9865E-01   0.9895E-01   0.9923E-01   0.9950E-01   0.9976E-01   0.1000E+00   0.1003E+00   0.1005E+00   0.1007E+00   0.1009E+00   0.1011E+00   0.1013E+00   0.1015E+00   0.1017E+00   0.1019E+00   0.1020E+00   0.1022E+00   0.1023E+00   0.1025E+00   0.1026E+00   0.1028E+00   0.1029E+00   0.1030E+00   0.1032E+00   0.1033E+00   0.1034E+00   0.1035E+00   0.1036E+00   0.1037E+00   0.1038E+00   0.1039E+00   0.1040E+00   0.1041E+00   0.1041E+00   0.1042E+00   0.1043E+00   0.1044E+00   0.1044E+00   0.1045E+00   0.1046E+00   0.1046E+00   0.1047E+00   0.1047E+00   0.1048E+00   0.1049E+00   0.1049E+00   0.1050E+00   0.1050E+00   0.1050E+00   0.1051E+00   0.1051E+00   0.1052E+00   0.1052E+00   0.1053E+00   0.1053E+00   0.1054E+00   0.1054E+00   0.1055E+00   0.1055E+00   0.1055E+00   0.1056E+00   0.1058E+00
0.3037E+05   0.2719E+01   0.2340E-01   0.3323E-01   0.4151E-01   0.4823E-01   0.5363E-01   0.5802E-01   0.6163E-01   0.6465E-01   0.6725E-01   0.6950E-01   0.7150E-01   0.7328E-01   0.7490E-01   0.7637E-01   0.7772E-01   0.7896E-01   0.8011E-01   0.8118E-01   0.8218E-01   0.8311E-01   0.8399E-01   0.8480E-01   0.8557E-01   0.8630E-01   0.8698E-01   0.8763E-01   0.8825E-01   0.8883E-01   0.8938E-01   0.8991E-01   0.9041E-01   0.9089E-01   0.9134E-01   0.9177E-01   0.9219E-01   0.9258E-01   0.9296E-01   0.9332E-01   0.9366E-01   0.9399E-01   0.9430E-01   0.9460E-01   0.9489E-01   0.9516E-01   0.9543E-01   0.9568E-01   0.9592E-01   0.9616E-01   0.9638E-01   0.9659E-01   0.9680E-01   0.9700E-01   0.9719E-01   0.9737E-01   0.9754E-01   0.9771E-01   0.9788E-01   0.9803E-01   0.9818E-01   0.9832E-01   0.9846E-01   0.9859E-01   0.9872E-01   0.9884E-01   0.9896E-01   0.9907E-01   0.9918E-01   0.9928E-01   0.9938E-01   0.9948E-01   0.9957E-01   0.9966E-01   0.9974E-01   0.9982E-01   0.9990E-01   0.9998E-01   0.1000E+00   0.1001E+00   0.1002E+00   0.1002E+00   0.1003E+00   0.1004E+00   0.1004E+00   0.1005E+00   0.1005E+00   0.1006E+00   0.1006E+00   0.1007E+00   0.1007E+00   0.1008E+00   0.1008E+00   0.1008E+00   0.1009E+00   0.1009E+00   0.1010E+00   0.1010E+00   0.1011E+00   0.1011E+00   0.1012E+00   0.1012E+00   0.1012E+00   0.1012E+00   0.1014E+00
0.1430E+06   0.2719E+01   0.2256E-01   0.3224E-01   0.4057E-01   0.4744E-01   0.5301E-01   0.5753E-01   0.6125E-01   0.6435E-01   0.6700E-01   0.6930E-01   0.7133E-01   0.7314E-01   0.7477E-01   0.7625E-01   0.7761E-01   0.7887E-01   0.8003E-01   0.8110E-01   0.8211E-01   0.8304E-01   0.8392E-01   0.8474E-01   0.8552E-01   0.8625E-01   0.8693E-01   0.8758E-01   0.8820E-01   0.8878E-01   0.8934E-01   0.8987E-01   0.9037E-01   0.9085E-01   0.9130E-01   0.9174E-01   0.9215E-01   0.9255E-01   0.9293E-01   0.9329E-01   0.9363E-01   0.9396E-01   0.9428E-01   0.9458E-01   0.9486E-01   0.9514E-01   0.9540E-01   0.9566E-01   0.9590E-01   0.9613E-01   0.9636E-01   0.9657E-01   0.9678E-01   0.9698E-01   0.9717E-01   0.9735E-01   0.9753E-01   0.9769E-01   0.9786E-01   0.9801E-01   0.9816E-01   0.9831E-01   0.9844E-01   0.9858E-01   0.9870E-01   0.9882E-01   0.9894E-01   0.9905E-01   0.9916E-01   0.9927E-01   0.9937E-01   0.9946E-01   0.9955E-01   0.9964E-01   0.9973E-01   0.9981E-01   0.9989E-01   0.9996E-01   0.1000E+00   0.1001E+00   0.1002E+00   0.1002E+00   0.1003E+00   0.1004E+00   0.1004E+00   0.1005E+00   0.1005E+00   0.1006E+00   0.1006E+00   0.1007E+00   0.1007E+00   0.1007E+00   0.1008E+00   0.1008E+00   0.1009E+00   0.1009E+00   0.1010E+00   0.1010E+00   0.1011E+00   0.1011E+00   0.1012E+00   0.1012E+00   0.1012E+00   0.1012E+00   0.1014E+00
0.3036E+05   0.2871E+01   0.2096E-01   0.3009E-01   0.3799E-01   0.4457E-01   0.4997E-01   0.5442E-01   0.5811E-01   0.6123E-01   0.6390E-01   0.6622E-01   0.6827E-01   0.7010E-01   0.7174E-01   0.7324E-01   0.7461E-01   0.7587E-01   0.7703E-01   0.7810E-01   0.7910E-01   0.8004E-01   0.8091E-01   0.8173E-01   0.8250E-01   0.8322E-01   0.8390E-01   0.8454E-01   0.8515E-01   0.8573E-01   0.8628E-01   0.8680E-01   0.8729E-01   0.8776E-01   0.8821E-01   0.8864E-01   0.8905E-01   0.8943E-01   0.8981E-01   0.9016E-01   0.9050E-01   0.9082E-01   0.9113E-01   0.9142E-01   0.9170E-01   0.9197E-01   0.9223E-01   0.9248E-01   0.9271E-01   0.9294E-01   0.9316E-01   0.9337E-01   0.9357E-01   0.9376E-01   0.9395E-01   0.9413E-01   0.9430E-01   0.9446E-01   0.9462E-01   0.9477E-01   0.9492E-01   0.9506E-01   0.9519E-01   0.9532E-01   0.9544E-01   0.9556E-01   0.9567E-01   0.9578E-01   0.9589E-01   0.9599E-01   0.9608E-01   0.9618E-01   0.9626E-01   0.9635E-01   0.9643E-01   0.9651E-01   0.9659E-01   0.9666E-01   0.9673E-01   0.9679E-01   0.9686E-01   0.9692E-01   0.9698E-01   0.9703E-01   0.9709E-01   0.9714E-01   0.9719E-01   0.9724E-01   0.9728E-01   0.9733E-01   0.9737E-01   0.9741E-01   0.9745E-01   0.9748E-01   0.9752E-01   0.9755E-01   0.9764E-01   0.9767E-01   0.9770E-01   0.9773E-01   0.9780E-01   0.9782E-01   0.9784E-01   0.9787E-01   0.9806E-01
0.1430E+06   0.2871E+01   0.2030E-01   0.2928E-01   0.3719E-01   0.4386E-01   0.4939E-01   0.5395E-01   0.5774E-01   0.6093E-01   0.6365E-01   0.6602E-01   0.6810E-01   0.6995E-01   0.7162E-01   0.7313E-01   0.7451E-01   0.7577E-01   0.7694E-01   0.7802E-01   0.7903E-01   0.7997E-01   0.8085E-01   0.8167E-01   0.8244E-01   0.8317E-01   0.8385E-01   0.8450E-01   0.8511E-01   0.8569E-01   0.8624E-01   0.8676E-01   0.8726E-01   0.8773E-01   0.8818E-01   0.8861E-01   0.8902E-01   0.8940E-01   0.8978E-01   0.9013E-01   0.9047E-01   0.9079E-01   0.9110E-01   0.9140E-01   0.9168E-01   0.9195E-01   0.9221E-01   0.9246E-01   0.9269E-01   0.9292E-01   0.9314E-01   0.9335E-01   0.9355E-01   0.9375E-01   0.9393E-01   0.9411E-01   0.9428E-01   0.9445E-01   0.9460E-01   0.9475E-01   0.9490E-01   0.9504E-01   0.9517E-01   0.9530E-01   0.9543E-01   0.9554E-01   0.9566E-01   0.9577E-01   0.9587E-01   0.9597E-01   0.9607E-01   0.9616E-01   0.9625E-01   0.9634E-01   0.9642E-01   0.9650E-01   0.9657E-01   0.9664E-01   0.9671E-01   0.9678E-01   0.9684E-01   0.9691E-01   0.9696E-01   0.9702E-01   0.9708E-01   0.9713E-01   0.9718E-01   0.9722E-01   0.9727E-01   0.9731E-01   0.9736E-01   0.9740E-01   0.9744E-01   0.9747E-01   0.9751E-01   0.9754E-01   0.9763E-01   0.9766E-01   0.9769E-01   0.9772E-01   0.9779E-01   0.9781E-01   0.9783E-01   0.9786E-01   0.9805E-01
0.1429E+06   0.3028E+01   0.1844E-01   0.2683E-01   0.3436E-01   0.4085E-01   0.4634E-01   0.5094E-01   0.5481E-01   0.5808E-01   0.6089E-01   0.6333E-01   0.6548E-01   0.6738E-01   0.6910E-01   0.7064E-01   0.7205E-01   0.7335E-01   0.7454E-01   0.7563E-01   0.7665E-01   0.7760E-01   0.7849E-01   0.7932E-01   0.8009E-01   0.8082E-01   0.8151E-01   0.8216E-01   0.8277E-01   0.8335E-01   0.8390E-01   0.8442E-01   0.8491E-01   0.8538E-01   0.8583E-01   0.8626E-01   0.8667E-01   0.8705E-01   0.8742E-01   0.8777E-01   0.8811E-01   0.8843E-01   0.8874E-01   0.8903E-01   0.8931E-01   0.8958E-01   0.8983E-01   0.9008E-01   0.9031E-01   0.9054E-01   0.9075E-01   0.9096E-01   0.9116E-01   0.9135E-01   0.9153E-01   0.9171E-01   0.9188E-01   0.9204E-01   0.9219E-01   0.9234E-01   0.9249E-01   0.9262E-01   0.9275E-01   0.9288E-01   0.9300E-01   0.9312E-01   0.9323E-01   0.9334E-01   0.9344E-01   0.9354E-01   0.9363E-01   0.9372E-01   0.9381E-01   0.9389E-01   0.9397E-01   0.9405E-01   0.9412E-01   0.9419E-01   0.9426E-01   0.9432E-01   0.9438E-01   0.9444E-01   0.9450E-01   0.9456E-01   0.9461E-01   0.9466E-01   0.9471E-01   0.9475E-01   0.9480E-01   0.9484E-01   0.9488E-01   0.9492E-01   0.9495E-01   0.9499E-01   0.9502E-01   0.9506E-01   0.9514E-01   0.9517E-01   0.9520E-01   0.9522E-01   0.9529E-01   0.9532E-01   0.9534E-01   0.9536E-01   0.9554E-01
0.3034E+05   0.3028E+01   0.1896E-01   0.2750E-01   0.3505E-01   0.4148E-01   0.4688E-01   0.5138E-01   0.5517E-01   0.5838E-01   0.6113E-01   0.6353E-01   0.6565E-01   0.6753E-01   0.6922E-01   0.7076E-01   0.7216E-01   0.7344E-01   0.7462E-01   0.7571E-01   0.7672E-01   0.7767E-01   0.7855E-01   0.7937E-01   0.8015E-01   0.8087E-01   0.8156E-01   0.8220E-01   0.8281E-01   0.8339E-01   0.8394E-01   0.8445E-01   0.8495E-01   0.8542E-01   0.8586E-01   0.8629E-01   0.8669E-01   0.8708E-01   0.8745E-01   0.8780E-01   0.8813E-01   0.8845E-01   0.8876E-01   0.8905E-01   0.8933E-01   0.8960E-01   0.8985E-01   0.9010E-01   0.9033E-01   0.9056E-01   0.9077E-01   0.9098E-01   0.9118E-01   0.9137E-01   0.9155E-01   0.9172E-01   0.9189E-01   0.9205E-01   0.9221E-01   0.9236E-01   0.9250E-01   0.9264E-01   0.9277E-01   0.9289E-01   0.9301E-01   0.9313E-01   0.9324E-01   0.9335E-01   0.9345E-01   0.9355E-01   0.9364E-01   0.9373E-01   0.9382E-01   0.9390E-01   0.9398E-01   0.9406E-01   0.9413E-01   0.9420E-01   0.9427E-01   0.9433E-01   0.9440E-01   0.9445E-01   0.9451E-01   0.9457E-01   0.9462E-01   0.9467E-01   0.9472E-01   0.9476E-01   0.9481E-01   0.9485E-01   0.9489E-01   0.9493E-01   0.9496E-01   0.9500E-01   0.9503E-01   0.9507E-01   0.9515E-01   0.9518E-01   0.9521E-01   0.9523E-01   0.9530E-01   0.9532E-01   0.9534E-01   0.9537E-01   0.9555E-01
0.3032E+05   0.3191E+01   0.1734E-01   0.2537E-01   0.3262E-01   0.3892E-01   0.4431E-01   0.4887E-01   0.5274E-01   0.5605E-01   0.5891E-01   0.6139E-01   0.6358E-01   0.6553E-01   0.6728E-01   0.6886E-01   0.7030E-01   0.7161E-01   0.7282E-01   0.7394E-01   0.7498E-01   0.7594E-01   0.7683E-01   0.7767E-01   0.7846E-01   0.7919E-01   0.7988E-01   0.8054E-01   0.8115E-01   0.8174E-01   0.8229E-01   0.8281E-01   0.8331E-01   0.8378E-01   0.8423E-01   0.8466E-01   0.8506E-01   0.8545E-01   0.8582E-01   0.8617E-01   0.8651E-01   0.8683E-01   0.8713E-01   0.8742E-01   0.8770E-01   0.8797E-01   0.8822E-01   0.8847E-01   0.8870E-01   0.8893E-01   0.8914E-01   0.8935E-01   0.8954E-01   0.8973E-01   0.8991E-01   0.9009E-01   0.9026E-01   0.9042E-01   0.9057E-01   0.9072E-01   0.9086E-01   0.9100E-01   0.9113E-01   0.9125E-01   0.9137E-01   0.9148E-01   0.9159E-01   0.9170E-01   0.9180E-01   0.9190E-01   0.9199E-01   0.9208E-01   0.9216E-01   0.9225E-01   0.9232E-01   0.9240E-01   0.9247E-01   0.9254E-01   0.9261E-01   0.9267E-01   0.9273E-01   0.9279E-01   0.9284E-01   0.9290E-01   0.9295E-01   0.9300E-01   0.9304E-01   0.9309E-01   0.9313E-01   0.9317E-01   0.9321E-01   0.9325E-01   0.9328E-01   0.9332E-01   0.9335E-01   0.9338E-01   0.9347E-01   0.9349E-01   0.9352E-01   0.9354E-01   0.9361E-01   0.9363E-01   0.9365E-01   0.9367E-01   0.9385E-01
0.1429E+06   0.3191E+01   0.1693E-01   0.2482E-01   0.3202E-01   0.3836E-01   0.4381E-01   0.4845E-01   0.5239E-01   0.5576E-01   0.5866E-01   0.6119E-01   0.6341E-01   0.6538E-01   0.6715E-01   0.6875E-01   0.7020E-01   0.7152E-01   0.7274E-01   0.7387E-01   0.7491E-01   0.7587E-01   0.7678E-01   0.7762E-01   0.7840E-01   0.7914E-01   0.7984E-01   0.8050E-01   0.8111E-01   0.8170E-01   0.8225E-01   0.8278E-01   0.8328E-01   0.8375E-01   0.8420E-01   0.8463E-01   0.8504E-01   0.8542E-01   0.8579E-01   0.8615E-01   0.8648E-01   0.8680E-01   0.8711E-01   0.8740E-01   0.8768E-01   0.8795E-01   0.8820E-01   0.8845E-01   0.8868E-01   0.8891E-01   0.8912E-01   0.8933E-01   0.8953E-01   0.8972E-01   0.8990E-01   0.9007E-01   0.9024E-01   0.9040E-01   0.9056E-01   0.9070E-01   0.9085E-01   0.9098E-01   0.9111E-01   0.9124E-01   0.9136E-01   0.9147E-01   0.9158E-01   0.9169E-01   0.9179E-01   0.9189E-01   0.9198E-01   0.9207E-01   0.9215E-01   0.9224E-01   0.9231E-01   0.9239E-01   0.9246E-01   0.9253E-01   0.9260E-01   0.9266E-01   0.9272E-01   0.9278E-01   0.9283E-01   0.9289E-01   0.9294E-01   0.9299E-01   0.9303E-01   0.9308E-01   0.9312E-01   0.9316E-01   0.9320E-01   0.9324E-01   0.9328E-01   0.9331E-01   0.9334E-01   0.9337E-01   0.9346E-01   0.9349E-01   0.9351E-01   0.9354E-01   0.9360E-01   0.9362E-01   0.9365E-01   0.9366E-01   0.9385E-01
0.1429E+06   0.3360E+01   0.1571E-01   0.2319E-01   0.3012E-01   0.3632E-01   0.4174E-01   0.4642E-01   0.5044E-01   0.5391E-01   0.5691E-01   0.5953E-01   0.6183E-01   0.6388E-01   0.6571E-01   0.6737E-01   0.6887E-01   0.7024E-01   0.7149E-01   0.7265E-01   0.7372E-01   0.7471E-01   0.7563E-01   0.7650E-01   0.7730E-01   0.7806E-01   0.7877E-01   0.7944E-01   0.8006E-01   0.8066E-01   0.8122E-01   0.8176E-01   0.8226E-01   0.8274E-01   0.8320E-01   0.8363E-01   0.8405E-01   0.8444E-01   0.8481E-01   0.8517E-01   0.8551E-01   0.8583E-01   0.8614E-01   0.8644E-01   0.8672E-01   0.8699E-01   0.8725E-01   0.8749E-01   0.8773E-01   0.8796E-01   0.8817E-01   0.8838E-01   0.8858E-01   0.8877E-01   0.8895E-01   0.8913E-01   0.8930E-01   0.8946E-01   0.8961E-01   0.8976E-01   0.8990E-01   0.9004E-01   0.9017E-01   0.9029E-01   0.9041E-01   0.9053E-01   0.9064E-01   0.9074E-01   0.9084E-01   0.9094E-01   0.9103E-01   0.9112E-01   0.9121E-01   0.9129E-01   0.9137E-01   0.9144E-01   0.9151E-01   0.9158E-01   0.9165E-01   0.9171E-01   0.9177E-01   0.9183E-01   0.9188E-01   0.9193E-01   0.9198E-01   0.9203E-01   0.9208E-01   0.9212E-01   0.9217E-01   0.9221E-01   0.9224E-01   0.9228E-01   0.9232E-01   0.9235E-01   0.9238E-01   0.9241E-01   0.9250E-01   0.9252E-01   0.9255E-01   0.9257E-01   0.9264E-01   0.9266E-01   0.9268E-01   0.9270E-01   0.9287E-01
0.3031E+05   0.3360E+01   0.1605E-01   0.2366E-01   0.3064E-01   0.3683E-01   0.4221E-01   0.4682E-01   0.5079E-01   0.5420E-01   0.5715E-01   0.5973E-01   0.6201E-01   0.6403E-01   0.6584E-01   0.6748E-01   0.6897E-01   0.7033E-01   0.7157E-01   0.7272E-01   0.7379E-01   0.7477E-01   0.7569E-01   0.7655E-01   0.7735E-01   0.7810E-01   0.7881E-01   0.7948E-01   0.8010E-01   0.8070E-01   0.8126E-01   0.8179E-01   0.8229E-01   0.8277E-01   0.8323E-01   0.8366E-01   0.8407E-01   0.8446E-01   0.8484E-01   0.8519E-01   0.8553E-01   0.8585E-01   0.8616E-01   0.8646E-01   0.8674E-01   0.8701E-01   0.8726E-01   0.8751E-01   0.8775E-01   0.8797E-01   0.8819E-01   0.8839E-01   0.8859E-01   0.8878E-01   0.8897E-01   0.8914E-01   0.8931E-01   0.8947E-01   0.8962E-01   0.8977E-01   0.8991E-01   0.9005E-01   0.9018E-01   0.9030E-01   0.9042E-01   0.9054E-01   0.9065E-01   0.9075E-01   0.9085E-01   0.9095E-01   0.9104E-01   0.9113E-01   0.9122E-01   0.9130E-01   0.9138E-01   0.9145E-01   0.9152E-01   0.9159E-01   0.9166E-01   0.9172E-01   0.9178E-01   0.9184E-01   0.9189E-01   0.9194E-01   0.9199E-01   0.9204E-01   0.9209E-01   0.9213E-01   0.9217E-01   0.9221E-01   0.9225E-01   0.9229E-01   0.9232E-01   0.9236E-01   0.9239E-01   0.9242E-01   0.9250E-01   0.9253E-01   0.9255E-01   0.9258E-01   0.9264E-01   0.9266E-01   0.9268E-01   0.9270E-01   0.9288E-01
0.4637E+05   0.3536E+01   0.1475E-01   0.2189E-01   0.2859E-01   0.3467E-01   0.4008E-01   0.4480E-01   0.4890E-01   0.5246E-01   0.5556E-01   0.5827E-01   0.6067E-01   0.6280E-01   0.6470E-01   0.6642E-01   0.6798E-01   0.6940E-01   0.7070E-01   0.7190E-01   0.7300E-01   0.7403E-01   0.7498E-01   0.7587E-01   0.7670E-01   0.7747E-01   0.7820E-01   0.7889E-01   0.7954E-01   0.8015E-01   0.8072E-01   0.8127E-01   0.8179E-01   0.8228E-01   0.8274E-01   0.8319E-01   0.8361E-01   0.8401E-01   0.8439E-01   0.8475E-01   0.8510E-01   0.8543E-01   0.8574E-01   0.8604E-01   0.8633E-01   0.8660E-01   0.8687E-01   0.8712E-01   0.8736E-01   0.8759E-01   0.8781E-01   0.8802E-01   0.8822E-01   0.8841E-01   0.8860E-01   0.8877E-01   0.8894E-01   0.8911E-01   0.8926E-01   0.8941E-01   0.8956E-01   0.8969E-01   0.8983E-01   0.8995E-01   0.9007E-01   0.9019E-01   0.9030E-01   0.9041E-01   0.9051E-01   0.9060E-01   0.9070E-01   0.9079E-01   0.9087E-01   0.9095E-01   0.9103E-01   0.9111E-01   0.9118E-01   0.9125E-01   0.9131E-01   0.9138E-01   0.9144E-01   0.9149E-01   0.9155E-01   0.9160E-01   0.9165E-01   0.9170E-01   0.9174E-01   0.9179E-01   0.9183E-01   0.9187E-01   0.9191E-01   0.9194E-01   0.9198E-01   0.9201E-01   0.9204E-01   0.9207E-01   0.9216E-01   0.9218E-01   0.9221E-01   0.9223E-01   0.9230E-01   0.9232E-01   0.9233E-01   0.9235E-01   0.9253E-01
0.4100E+05   0.3536E+01   0.1502E-01   0.2228E-01   0.2904E-01   0.3513E-01   0.4050E-01   0.4518E-01   0.4923E-01   0.5274E-01   0.5580E-01   0.5848E-01   0.6084E-01   0.6295E-01   0.6484E-01   0.6654E-01   0.6808E-01   0.6949E-01   0.7078E-01   0.7197E-01   0.7307E-01   0.7409E-01   0.7504E-01   0.7592E-01   0.7675E-01   0.7752E-01   0.7825E-01   0.7893E-01   0.7957E-01   0.8018E-01   0.8076E-01   0.8130E-01   0.8182E-01   0.8231E-01   0.8277E-01   0.8321E-01   0.8363E-01   0.8403E-01   0.8441E-01   0.8477E-01   0.8512E-01   0.8545E-01   0.8576E-01   0.8606E-01   0.8635E-01   0.8662E-01   0.8688E-01   0.8713E-01   0.8737E-01   0.8760E-01   0.8782E-01   0.8803E-01   0.8823E-01   0.8842E-01   0.8861E-01   0.8879E-01   0.8896E-01   0.8912E-01   0.8927E-01   0.8942E-01   0.8957E-01   0.8970E-01   0.8984E-01   0.8996E-01   0.9008E-01   0.9020E-01   0.9031E-01   0.9041E-01   0.9052E-01   0.9061E-01   0.9071E-01   0.9080E-01   0.9088E-01   0.9096E-01   0.9104E-01   0.9111E-01   0.9119E-01   0.9125E-01   0.9132E-01   0.9138E-01   0.9144E-01   0.9150E-01   0.9155E-01   0.9161E-01   0.9166E-01   0.9170E-01   0.9175E-01   0.9179E-01   0.9184E-01   0.9188E-01   0.9191E-01   0.9195E-01   0.9198E-01   0.9202E-01   0.9205E-01   0.9208E-01   0.9216E-01   0.9219E-01   0.9221E-01   0.9224E-01   0.9230E-01   0.9232E-01   0.9234E-01   0.9236E-01   0.9254E-01
