0.6875E+04   0.9000E+00   0.0000E+00   0.0000E+00   0.0000E+00   0.0000E+00   0.0000E+00   0.0000E+00   0.0000E+00   0.0000E+00   0.0000E+00   0.0000E+00   0.0000E+00   0.0000E+00   0.0000E+00   0.0000E+00   0.0000E+00   0.0000E+00   0.0000E+00   0.0000E+00   0.0000E+00   0.0000E+00   0.0000E+00   0.0000E+00   0.0000E+00   0.0000E+00   0.0000E+00   0.0000E+00   0.0000E+00   0.0000E+00   0.0000E+00   0.0000E+00   0.0000E+00   0.0000E+00   0.0000E+00   0.0000E+00   0.0000E+00   0.0000E+00   0.0000E+00   0.0000E+00   0.0000E+00   0.0000E+00   0.0000E+00   0.0000E+00   0.0000E+00   0.0000E+00   0.0000E+00   0.0000E+00   0.0000E+00   0.0000E+00   0.0000E+00   0.0000E+00   0.0000E+00   0.0000E+00   0.0000E+00   0.0000E+00   0.0000E+00   0.0000E+00   0.0000E+00   0.0000E+00   0.0000E+00   0.0000E+00   0.0000E+00   0.0000E+00   0.0000E+00   0.0000E+00   0.0000E+00   0.0000E+00   0.0000E+00   0.0000E+00   0.0000E+00   0.0000E+00   0.0000E+00   0.0000E+00   0.0000E+00   0.0000E+00   0.0000E+00   0.0000E+00   0.0000E+00   0.0000E+00   0.0000E+00   0.0000E+00   0.0000E+00   0.0000E+00   0.0000E+00   0.0000E+00   0.0000E+00   0.0000E+00   0.0000E+00   0.0000E+00   0.0000E+00   0.0000E+00   0.0000E+00   0.0000E+00   0.0000E+00   0.0000E+00   0.0000E+00   0.0000E+00   0.0000E+00   0.0000E+00   0.0000E+00   0.0000E+00   0.0000E+00   0.0000E+00   0.0000E+00
0.8490E+04   0.9000E+00   0.0000E+00   0.0000E+00   0.0000E+00   0.0000E+00   0.0000E+00   0.0000E+00   0.0000E+00   0.0000E+00   0.0000E+00   0.0000E+00   0.0000E+00   0.0000E+00   0.0000E+00   0.0000E+00   0.0000E+00   0.0000E+00   0.0000E+00   0.0000E+00   0.0000E+00   0.0000E+00   0.0000E+00   0.0000E+00   0.0000E+00   0.0000E+00   0.0000E+00   0.0000E+00   0.0000E+00   0.0000E+00   0.0000E+00   0.0000E+00   0.0000E+00   0.0000E+00   0.0000E+00   0.0000E+00   0.0000E+00   0.0000E+00   0.0000E+00   0.0000E+00   0.0000E+00   0.0000E+00   0.0000E+00   0.0000E+00   0.0000E+00   0.0000E+00   0.0000E+00   0.0000E+00   0.0000E+00   0.0000E+00   0.0000E+00   0.0000E+00   0.0000E+00   0.0000E+00   0.0000E+00   0.0000E+00   0.0000E+00   0.0000E+00   0.0000E+00   0.0000E+00   0.0000E+00   0.0000E+00   0.0000E+00   0.0000E+00   0.0000E+00   0.0000E+00   0.0000E+00   0.0000E+00   0.0000E+00   0.0000E+00   0.0000E+00   0.0000E+00   0.0000E+00   0.0000E+00   0.0000E+00   0.0000E+00   0.0000E+00   0.0000E+00   0.0000E+00   0.0000E+00   0.0000E+00   0.0000E+00   0.0000E+00   0.0000E+00   0.0000E+00   0.0000E+00   0.0000E+00   0.0000E+00   0.0000E+00   0.0000E+00   0.0000E+00   0.0000E+00   0.0000E+00   0.0000E+00   0.0000E+00   0.0000E+00   0.0000E+00   0.0000E+00   0.0000E+00   0.0000E+00   0.0000E+00   0.0000E+00   0.0000E+00   0.0000E+00   0.0000E+00
0.8507E+04   0.9500E+00   0.0000E+00   0.0000E+00   0.0000E+00   0.0000E+00   0.0000E+00   0.0000E+00   0.0000E+00   0.0000E+00   0.0000E+00   0.0000E+00   0.0000E+00   0.0000E+00   0.0000E+00   0.0000E+00   0.0000E+00   0.0000E+00   0.0000E+00   0.0000E+00   0.0000E+00   0.0000E+00   0.0000E+00   0.0000E+00   0.0000E+00   0.0000E+00   0.0000E+00   0.0000E+00   0.0000E+00   0.0000E+00   0.0000E+00   0.0000E+00   0.0000E+00   0.0000E+00   0.0000E+00   0.0000E+00   0.0000E+00   0.0000E+00   0.0000E+00   0.0000E+00   0.0000E+00   0.0000E+00   0.0000E+00   0.0000E+00   0.0000E+00   0.0000E+00   0.0000E+00   0.0000E+00   0.0000E+00   0.0000E+00   0.0000E+00   0.0000E+00   0.0000E+00   0.0000E+00   0.0000E+00   0.0000E+00   0.0000E+00   0.0000E+00   0.0000E+00   0.0000E+00   0.0000E+00   0.0000E+00   0.0000E+00   0.0000E+00   0.0000E+00   0.0000E+00   0.0000E+00   0.0000E+00   0.0000E+00   0.0000E+00   0.0000E+00   0.0000E+00   0.0000E+00   0.0000E+00   0.0000E+00   0.0000E+00   0.0000E+00   0.0000E+00   0.0000E+00   0.0000E+00   0.0000E+00   0.0000E+00   0.0000E+00   0.0000E+00   0.0000E+00   0.0000E+00   0.0000E+00   0.0000E+00   0.0000E+00   0.0000E+00   0.0000E+00   0.0000E+00   0.0000E+00   0.0000E+00   0.0000E+00   0.0000E+00   0.0000E+00   0.0000E+00   0.0000E+00   0.0000E+00   0.0000E+00   0.0000E+00   0.0000E+00   0.0000E+00   0.0000E+00
0.1100E+05   0.9500E+00   0.0000E+00   0.0000E+00   0.0000E+00   0.0000E+00   0.0000E+00   0.0000E+00   0.0000E+00   0.0000E+00   0.0000E+00   0.0000E+00   0.0000E+00   0.0000E+00   0.0000E+00   0.0000E+00   0.0000E+00   0.0000E+00   0.0000E+00   0.0000E+00   0.0000E+00   0.0000E+00   0.0000E+00   0.0000E+00   0.0000E+00   0.0000E+00   0.0000E+00   0.0000E+00   0.0000E+00   0.0000E+00   0.0000E+00   0.0000E+00   0.0000E+00   0.0000E+00   0.0000E+00   0.0000E+00   0.0000E+00   0.0000E+00   0.0000E+00   0.0000E+00   0.0000E+00   0.0000E+00   0.0000E+00   0.0000E+00   0.0000E+00   0.0000E+00   0.0000E+00   0.0000E+00   0.0000E+00   0.0000E+00   0.0000E+00   0.0000E+00   0.0000E+00   0.0000E+00   0.0000E+00   0.0000E+00   0.0000E+00   0.0000E+00   0.0000E+00   0.0000E+00   0.0000E+00   0.0000E+00   0.0000E+00   0.0000E+00   0.0000E+00   0.0000E+00   0.0000E+00   0.0000E+00   0.0000E+00   0.0000E+00   0.0000E+00   0.0000E+00   0.0000E+00   0.0000E+00   0.0000E+00   0.0000E+00   0.0000E+00   0.0000E+00   0.0000E+00   0.0000E+00   0.0000E+00   0.0000E+00   0.0000E+00   0.0000E+00   0.0000E+00   0.0000E+00   0.0000E+00   0.0000E+00   0.0000E+00   0.0000E+00   0.0000E+00   0.0000E+00   0.0000E+00   0.0000E+00   0.0000E+00   0.0000E+00   0.0000E+00   0.0000E+00   0.0000E+00   0.0000E+00   0.0000E+00   0.0000E+00   0.0000E+00   0.0000E+00   0.0000E+00
0.8543E+04   0.1000E+01   -.6195E+01   -.7723E+01   -.6725E+01   -.6889E+01   -.6375E+01   -.6159E+01   -.5819E+01   -.5577E+01   -.5332E+01   -.5126E+01   -.4936E+01   -.4767E+01   -.4615E+01   -.4466E+01   -.4333E+01   -.4208E+01   -.4085E+01   -.3970E+01   -.3860E+01   -.3750E+01   -.3657E+01   -.3561E+01   -.3470E+01   -.3381E+01   -.3300E+01   -.3225E+01   -.3150E+01   -.3082E+01   -.3018E+01   -.2954E+01   -.2896E+01   -.2841E+01   -.2786E+01   -.2731E+01   -.2685E+01   -.2636E+01   -.2591E+01   -.2546E+01   -.2502E+01   -.2463E+01   -.2424E+01   -.2382E+01   -.2347E+01   -.2312E+01   -.2275E+01   -.2244E+01   -.2213E+01   -.2180E+01   -.2152E+01   -.2124E+01   -.2095E+01   -.2071E+01   -.2045E+01   -.2021E+01   -.1998E+01   -.1975E+01   -.1955E+01   -.1934E+01   -.1913E+01   -.1895E+01   -.1875E+01   -.1856E+01   -.1840E+01   -.1822E+01   -.1806E+01   -.1790E+01   -.1773E+01   -.1759E+01   -.1745E+01   -.1731E+01   -.1717E+01   -.1705E+01   -.1692E+01   -.1680E+01   -.1668E+01   -.1658E+01   -.1647E+01   -.1637E+01   -.1627E+01   -.1617E+01   -.1608E+01   -.1599E+01   -.1589E+01   -.1581E+01   -.1573E+01   -.1565E+01   -.1557E+01   -.1549E+01   -.1542E+01   -.1535E+01   -.1528E+01   -.1521E+01   -.1515E+01   -.1509E+01   -.1494E+01   -.1487E+01   -.1481E+01   -.1477E+01   -.1464E+01   -.1459E+01   -.1454E+01   -.1449E+01   -.1449E+01
0.8525E+04   0.1000E+01   -.8571E+01   -.7738E+01   -.8243E+01   -.7588E+01   -.7397E+01   -.6978E+01   -.6706E+01   -.6417E+01   -.6183E+01   -.5971E+01   -.5778E+01   -.5599E+01   -.5441E+01   -.5287E+01   -.5144E+01   -.5014E+01   -.4876E+01   -.4758E+01   -.4640E+01   -.4520E+01   -.4428E+01   -.4319E+01   -.4224E+01   -.4130E+01   -.4049E+01   -.3974E+01   -.3895E+01   -.3818E+01   -.3752E+01   -.3684E+01   -.3622E+01   -.3564E+01   -.3507E+01   -.3450E+01   -.3401E+01   -.3350E+01   -.3301E+01   -.3258E+01   -.3210E+01   -.3167E+01   -.3131E+01   -.3089E+01   -.3053E+01   -.3018E+01   -.2980E+01   -.2949E+01   -.2916E+01   -.2883E+01   -.2857E+01   -.2827E+01   -.2797E+01   -.2775E+01   -.2749E+01   -.2724E+01   -.2700E+01   -.2679E+01   -.2657E+01   -.2635E+01   -.2612E+01   -.2596E+01   -.2577E+01   -.2556E+01   -.2539E+01   -.2524E+01   -.2506E+01   -.2489E+01   -.2476E+01   -.2460E+01   -.2445E+01   -.2432E+01   -.2418E+01   -.2406E+01   -.2394E+01   -.2380E+01   -.2371E+01   -.2360E+01   -.2348E+01   -.2337E+01   -.2328E+01   -.2318E+01   -.2308E+01   -.2299E+01   -.2290E+01   -.2282E+01   -.2272E+01   -.2265E+01   -.2257E+01   -.2249E+01   -.2243E+01   -.2235E+01   -.2229E+01   -.2222E+01   -.2214E+01   -.2209E+01   -.2193E+01   -.2188E+01   -.2182E+01   -.2177E+01   -.2164E+01   -.2159E+01   -.2155E+01   -.2149E+01   -.2149E+01
0.1432E+06   0.1088E+01   -.7551E+01   -.8172E+01   -.7461E+01   -.7258E+01   -.6743E+01   -.6359E+01   -.5953E+01   -.5607E+01   -.5289E+01   -.5015E+01   -.4788E+01   -.4583E+01   -.4417E+01   -.4223E+01   -.4079E+01   -.3918E+01   -.3822E+01   -.3706E+01   -.3587E+01   -.3489E+01   -.3394E+01   -.3301E+01   -.3227E+01   -.3119E+01   -.3063E+01   -.2971E+01   -.2907E+01   -.2847E+01   -.2776E+01   -.2724E+01   -.2646E+01   -.2607E+01   -.2551E+01   -.2486E+01   -.2453E+01   -.2402E+01   -.2347E+01   -.2307E+01   -.2260E+01   -.2220E+01   -.2179E+01   -.2134E+01   -.2099E+01   -.2066E+01   -.2026E+01   -.1999E+01   -.1968E+01   -.1930E+01   -.1908E+01   -.1874E+01   -.1847E+01   -.1819E+01   -.1796E+01   -.1769E+01   -.1744E+01   -.1725E+01   -.1702E+01   -.1680E+01   -.1661E+01   -.1640E+01   -.1620E+01   -.1603E+01   -.1583E+01   -.1567E+01   -.1553E+01   -.1530E+01   -.1519E+01   -.1505E+01   -.1486E+01   -.1476E+01   -.1457E+01   -.1446E+01   -.1436E+01   -.1420E+01   -.1410E+01   -.1400E+01   -.1386E+01   -.1378E+01   -.1368E+01   -.1356E+01   -.1349E+01   -.1339E+01   -.1328E+01   -.1323E+01   -.1313E+01   -.1304E+01   -.1299E+01   -.1289E+01   -.1282E+01   -.1277E+01   -.1266E+01   -.1262E+01   -.1256E+01   -.1248E+01   -.1238E+01   -.1228E+01   -.1222E+01   -.1217E+01   -.1207E+01   -.1200E+01   -.1195E+01   -.1190E+01   -.1190E+01
0.3061E+05   0.1088E+01   -.8649E+01   -.8213E+01   -.8158E+01   -.7576E+01   -.7174E+01   -.6706E+01   -.6314E+01   -.5948E+01   -.5629E+01   -.5344E+01   -.5087E+01   -.4852E+01   -.4643E+01   -.4447E+01   -.4278E+01   -.4143E+01   -.4036E+01   -.3909E+01   -.3788E+01   -.3667E+01   -.3608E+01   -.3470E+01   -.3402E+01   -.3315E+01   -.3225E+01   -.3177E+01   -.3097E+01   -.3021E+01   -.2963E+01   -.2887E+01   -.2843E+01   -.2783E+01   -.2721E+01   -.2686E+01   -.2614E+01   -.2573E+01   -.2527E+01   -.2471E+01   -.2437E+01   -.2390E+01   -.2344E+01   -.2318E+01   -.2262E+01   -.2232E+01   -.2210E+01   -.2157E+01   -.2135E+01   -.2103E+01   -.2066E+01   -.2046E+01   -.2006E+01   -.1986E+01   -.1968E+01   -.1929E+01   -.1911E+01   -.1897E+01   -.1861E+01   -.1846E+01   -.1823E+01   -.1799E+01   -.1787E+01   -.1760E+01   -.1743E+01   -.1733E+01   -.1707E+01   -.1693E+01   -.1683E+01   -.1660E+01   -.1648E+01   -.1638E+01   -.1618E+01   -.1609E+01   -.1596E+01   -.1579E+01   -.1573E+01   -.1560E+01   -.1546E+01   -.1539E+01   -.1528E+01   -.1517E+01   -.1508E+01   -.1496E+01   -.1489E+01   -.1481E+01   -.1469E+01   -.1464E+01   -.1456E+01   -.1446E+01   -.1442E+01   -.1434E+01   -.1426E+01   -.1422E+01   -.1411E+01   -.1407E+01   -.1394E+01   -.1385E+01   -.1379E+01   -.1374E+01   -.1364E+01   -.1356E+01   -.1353E+01   -.1346E+01   -.1346E+01
0.3060E+05   0.1179E+01   -.9529E+01   -.9754E+01   -.9378E+01   -.9058E+01   -.8636E+01   -.8257E+01   -.7875E+01   -.7530E+01   -.7212E+01   -.6929E+01   -.6671E+01   -.6437E+01   -.6228E+01   -.6036E+01   -.5860E+01   -.5698E+01   -.5544E+01   -.5406E+01   -.5275E+01   -.5150E+01   -.5040E+01   -.4930E+01   -.4833E+01   -.4732E+01   -.4645E+01   -.4560E+01   -.4481E+01   -.4401E+01   -.4330E+01   -.4260E+01   -.4196E+01   -.4131E+01   -.4071E+01   -.4018E+01   -.3983E+01   -.3937E+01   -.3893E+01   -.3854E+01   -.3824E+01   -.3788E+01   -.3748E+01   -.3718E+01   -.3684E+01   -.3653E+01   -.3626E+01   -.3593E+01   -.3577E+01   -.3550E+01   -.3524E+01   -.3499E+01   -.3474E+01   -.3455E+01   -.3429E+01   -.3414E+01   -.3392E+01   -.3374E+01   -.3355E+01   -.3335E+01   -.3323E+01   -.3299E+01   -.3289E+01   -.3271E+01   -.3256E+01   -.3246E+01   -.3226E+01   -.3217E+01   -.3197E+01   -.3189E+01   -.3172E+01   -.3162E+01   -.3155E+01   -.3139E+01   -.3132E+01   -.3116E+01   -.3110E+01   -.3097E+01   -.3090E+01   -.3083E+01   -.3071E+01   -.3066E+01   -.3054E+01   -.3049E+01   -.3039E+01   -.3033E+01   -.3025E+01   -.3019E+01   -.3012E+01   -.3005E+01   -.3001E+01   -.2992E+01   -.2989E+01   -.2980E+01   -.2977E+01   -.2970E+01   -.2961E+01   -.2953E+01   -.2947E+01   -.2944E+01   -.2934E+01   -.2928E+01   -.2924E+01   -.2921E+01   -.2921E+01
0.1432E+06   0.1179E+01   -.9822E+01   -.9519E+01   -.9429E+01   -.9059E+01   -.8705E+01   -.8303E+01   -.7941E+01   -.7593E+01   -.7281E+01   -.6997E+01   -.6743E+01   -.6508E+01   -.6298E+01   -.6105E+01   -.5929E+01   -.5767E+01   -.5615E+01   -.5474E+01   -.5343E+01   -.5219E+01   -.5106E+01   -.4999E+01   -.4898E+01   -.4801E+01   -.4712E+01   -.4627E+01   -.4545E+01   -.4466E+01   -.4394E+01   -.4325E+01   -.4258E+01   -.4197E+01   -.4137E+01   -.4093E+01   -.4057E+01   -.4002E+01   -.3972E+01   -.3936E+01   -.3894E+01   -.3860E+01   -.3821E+01   -.3790E+01   -.3759E+01   -.3730E+01   -.3706E+01   -.3671E+01   -.3650E+01   -.3617E+01   -.3600E+01   -.3576E+01   -.3551E+01   -.3533E+01   -.3506E+01   -.3489E+01   -.3468E+01   -.3447E+01   -.3435E+01   -.3413E+01   -.3398E+01   -.3378E+01   -.3365E+01   -.3350E+01   -.3334E+01   -.3322E+01   -.3304E+01   -.3293E+01   -.3276E+01   -.3265E+01   -.3253E+01   -.3242E+01   -.3230E+01   -.3219E+01   -.3207E+01   -.3197E+01   -.3187E+01   -.3176E+01   -.3170E+01   -.3160E+01   -.3152E+01   -.3143E+01   -.3134E+01   -.3128E+01   -.3118E+01   -.3113E+01   -.3104E+01   -.3099E+01   -.3091E+01   -.3085E+01   -.3078E+01   -.3072E+01   -.3066E+01   -.3062E+01   -.3056E+01   -.3051E+01   -.3039E+01   -.3032E+01   -.3028E+01   -.3023E+01   -.3014E+01   -.3008E+01   -.3005E+01   -.3000E+01   -.3000E+01
0.1432E+06   0.1273E+01   -.1089E+02   -.1012E+02   -.1023E+02   -.1023E+02   -.1016E+02   -.9997E+01   -.9791E+01   -.9558E+01   -.9315E+01   -.9072E+01   -.8831E+01   -.8599E+01   -.8381E+01   -.8177E+01   -.7987E+01   -.7808E+01   -.7642E+01   -.7486E+01   -.7342E+01   -.7208E+01   -.7083E+01   -.6968E+01   -.6860E+01   -.6758E+01   -.6664E+01   -.6576E+01   -.6492E+01   -.6412E+01   -.6337E+01   -.6266E+01   -.6199E+01   -.6134E+01   -.6074E+01   -.6016E+01   -.5962E+01   -.5908E+01   -.5859E+01   -.5812E+01   -.5768E+01   -.5725E+01   -.5686E+01   -.5647E+01   -.5610E+01   -.5575E+01   -.5542E+01   -.5508E+01   -.5478E+01   -.5448E+01   -.5419E+01   -.5392E+01   -.5366E+01   -.5341E+01   -.5316E+01   -.5293E+01   -.5270E+01   -.5249E+01   -.5228E+01   -.5208E+01   -.5189E+01   -.5170E+01   -.5152E+01   -.5134E+01   -.5118E+01   -.5101E+01   -.5085E+01   -.5070E+01   -.5055E+01   -.5040E+01   -.5026E+01   -.5013E+01   -.5000E+01   -.4987E+01   -.4975E+01   -.4964E+01   -.4952E+01   -.4941E+01   -.4931E+01   -.4921E+01   -.4911E+01   -.4902E+01   -.4892E+01   -.4884E+01   -.4875E+01   -.4867E+01   -.4859E+01   -.4851E+01   -.4844E+01   -.4837E+01   -.4830E+01   -.4823E+01   -.4817E+01   -.4811E+01   -.4805E+01   -.4799E+01   -.4785E+01   -.4779E+01   -.4774E+01   -.4769E+01   -.4757E+01   -.4753E+01   -.4749E+01   -.4745E+01   -.4745E+01
0.3058E+05   0.1273E+01   -.1025E+02   -.1062E+02   -.1033E+02   -.1032E+02   -.1020E+02   -.1002E+02   -.9799E+01   -.9558E+01   -.9310E+01   -.9062E+01   -.8820E+01   -.8587E+01   -.8368E+01   -.8165E+01   -.7974E+01   -.7796E+01   -.7630E+01   -.7475E+01   -.7330E+01   -.7195E+01   -.7072E+01   -.6956E+01   -.6849E+01   -.6746E+01   -.6653E+01   -.6564E+01   -.6481E+01   -.6401E+01   -.6326E+01   -.6254E+01   -.6187E+01   -.6123E+01   -.6062E+01   -.6004E+01   -.5950E+01   -.5897E+01   -.5846E+01   -.5800E+01   -.5756E+01   -.5713E+01   -.5673E+01   -.5635E+01   -.5598E+01   -.5563E+01   -.5529E+01   -.5496E+01   -.5466E+01   -.5436E+01   -.5407E+01   -.5380E+01   -.5353E+01   -.5328E+01   -.5303E+01   -.5280E+01   -.5256E+01   -.5236E+01   -.5213E+01   -.5194E+01   -.5174E+01   -.5156E+01   -.5138E+01   -.5121E+01   -.5103E+01   -.5087E+01   -.5071E+01   -.5056E+01   -.5040E+01   -.5025E+01   -.5011E+01   -.4997E+01   -.4985E+01   -.4972E+01   -.4960E+01   -.4948E+01   -.4937E+01   -.4926E+01   -.4916E+01   -.4905E+01   -.4896E+01   -.4886E+01   -.4877E+01   -.4868E+01   -.4859E+01   -.4852E+01   -.4843E+01   -.4836E+01   -.4828E+01   -.4821E+01   -.4814E+01   -.4808E+01   -.4801E+01   -.4794E+01   -.4789E+01   -.4782E+01   -.4768E+01   -.4762E+01   -.4757E+01   -.4753E+01   -.4741E+01   -.4736E+01   -.4732E+01   -.4728E+01   -.4728E+01
0.3056E+05   0.1371E+01   -.1247E+02   -.1273E+02   -.1224E+02   -.1205E+02   -.1194E+02   -.1188E+02   -.1177E+02   -.1162E+02   -.1144E+02   -.1123E+02   -.1101E+02   -.1076E+02   -.1058E+02   -.1038E+02   -.1020E+02   -.1009E+02   -.9974E+01   -.9858E+01   -.9742E+01   -.9625E+01   -.9510E+01   -.9398E+01   -.9290E+01   -.9184E+01   -.9084E+01   -.8987E+01   -.8894E+01   -.8805E+01   -.8719E+01   -.8636E+01   -.8559E+01   -.8484E+01   -.8414E+01   -.8347E+01   -.8283E+01   -.8223E+01   -.8166E+01   -.8112E+01   -.8062E+01   -.8013E+01   -.7967E+01   -.7923E+01   -.7881E+01   -.7840E+01   -.7802E+01   -.7764E+01   -.7730E+01   -.7696E+01   -.7663E+01   -.7632E+01   -.7602E+01   -.7574E+01   -.7546E+01   -.7520E+01   -.7495E+01   -.7471E+01   -.7447E+01   -.7425E+01   -.7404E+01   -.7384E+01   -.7364E+01   -.7345E+01   -.7327E+01   -.7310E+01   -.7293E+01   -.7277E+01   -.7261E+01   -.7246E+01   -.7231E+01   -.7217E+01   -.7204E+01   -.7191E+01   -.7178E+01   -.7166E+01   -.7155E+01   -.7143E+01   -.7133E+01   -.7122E+01   -.7112E+01   -.7103E+01   -.7093E+01   -.7085E+01   -.7076E+01   -.7068E+01   -.7060E+01   -.7053E+01   -.7045E+01   -.7038E+01   -.7031E+01   -.7025E+01   -.7018E+01   -.7012E+01   -.7006E+01   -.7000E+01   -.6986E+01   -.6980E+01   -.6975E+01   -.6971E+01   -.6959E+01   -.6955E+01   -.6951E+01   -.6947E+01   -.6947E+01
0.1432E+06   0.1371E+01   -.1376E+02   -.1212E+02   -.1209E+02   -.1196E+02   -.1193E+02   -.1188E+02   -.1177E+02   -.1163E+02   -.1145E+02   -.1125E+02   -.1103E+02   -.1078E+02   -.1059E+02   -.1040E+02   -.1021E+02   -.1010E+02   -.9986E+01   -.9871E+01   -.9756E+01   -.9640E+01   -.9525E+01   -.9414E+01   -.9305E+01   -.9200E+01   -.9100E+01   -.9003E+01   -.8910E+01   -.8820E+01   -.8734E+01   -.8652E+01   -.8574E+01   -.8499E+01   -.8429E+01   -.8362E+01   -.8298E+01   -.8237E+01   -.8180E+01   -.8127E+01   -.8076E+01   -.8027E+01   -.7980E+01   -.7936E+01   -.7894E+01   -.7854E+01   -.7815E+01   -.7778E+01   -.7743E+01   -.7709E+01   -.7676E+01   -.7645E+01   -.7615E+01   -.7587E+01   -.7560E+01   -.7533E+01   -.7508E+01   -.7484E+01   -.7460E+01   -.7438E+01   -.7417E+01   -.7397E+01   -.7377E+01   -.7358E+01   -.7340E+01   -.7323E+01   -.7306E+01   -.7290E+01   -.7274E+01   -.7259E+01   -.7244E+01   -.7231E+01   -.7217E+01   -.7204E+01   -.7192E+01   -.7180E+01   -.7168E+01   -.7157E+01   -.7146E+01   -.7136E+01   -.7126E+01   -.7116E+01   -.7107E+01   -.7098E+01   -.7090E+01   -.7082E+01   -.7074E+01   -.7066E+01   -.7059E+01   -.7052E+01   -.7045E+01   -.7038E+01   -.7032E+01   -.7025E+01   -.7019E+01   -.7014E+01   -.7000E+01   -.6994E+01   -.6989E+01   -.6984E+01   -.6973E+01   -.6968E+01   -.6964E+01   -.6960E+01   -.6960E+01
0.3054E+05   0.1472E+01   -.1539E+02   -.1517E+02   -.1487E+02   -.1475E+02   -.1464E+02   -.1455E+02   -.1447E+02   -.1435E+02   -.1421E+02   -.1404E+02   -.1387E+02   -.1367E+02   -.1342E+02   -.1310E+02   -.1289E+02   -.1267E+02   -.1246E+02   -.1238E+02   -.1230E+02   -.1223E+02   -.1215E+02   -.1206E+02   -.1198E+02   -.1190E+02   -.1181E+02   -.1172E+02   -.1164E+02   -.1156E+02   -.1149E+02   -.1141E+02   -.1134E+02   -.1127E+02   -.1121E+02   -.1114E+02   -.1108E+02   -.1101E+02   -.1095E+02   -.1088E+02   -.1081E+02   -.1075E+02   -.1069E+02   -.1063E+02   -.1056E+02   -.1050E+02   -.1044E+02   -.1041E+02   -.1037E+02   -.1033E+02   -.1030E+02   -.1027E+02   -.1024E+02   -.1021E+02   -.1018E+02   -.1015E+02   -.1013E+02   -.1010E+02   -.1008E+02   -.1005E+02   -.1003E+02   -.1000E+02   -.9974E+01   -.9948E+01   -.9923E+01   -.9899E+01   -.9876E+01   -.9854E+01   -.9832E+01   -.9811E+01   -.9791E+01   -.9771E+01   -.9752E+01   -.9735E+01   -.9717E+01   -.9700E+01   -.9684E+01   -.9669E+01   -.9654E+01   -.9639E+01   -.9628E+01   -.9620E+01   -.9613E+01   -.9605E+01   -.9598E+01   -.9591E+01   -.9584E+01   -.9577E+01   -.9571E+01   -.9565E+01   -.9559E+01   -.9553E+01   -.9547E+01   -.9542E+01   -.9536E+01   -.9531E+01   -.9519E+01   -.9514E+01   -.9509E+01   -.9505E+01   -.9495E+01   -.9491E+01   -.9487E+01   -.9484E+01   -.9484E+01
0.1431E+06   0.1472E+01   -.1698E+02   -.1515E+02   -.1497E+02   -.1478E+02   -.1467E+02   -.1458E+02   -.1448E+02   -.1437E+02   -.1422E+02   -.1406E+02   -.1389E+02   -.1369E+02   -.1344E+02   -.1313E+02   -.1290E+02   -.1269E+02   -.1246E+02   -.1239E+02   -.1231E+02   -.1223E+02   -.1215E+02   -.1207E+02   -.1199E+02   -.1191E+02   -.1182E+02   -.1173E+02   -.1165E+02   -.1157E+02   -.1149E+02   -.1142E+02   -.1135E+02   -.1128E+02   -.1121E+02   -.1115E+02   -.1109E+02   -.1102E+02   -.1095E+02   -.1089E+02   -.1082E+02   -.1076E+02   -.1070E+02   -.1063E+02   -.1057E+02   -.1051E+02   -.1045E+02   -.1041E+02   -.1037E+02   -.1034E+02   -.1031E+02   -.1027E+02   -.1024E+02   -.1021E+02   -.1019E+02   -.1016E+02   -.1013E+02   -.1011E+02   -.1008E+02   -.1005E+02   -.1003E+02   -.1000E+02   -.9978E+01   -.9952E+01   -.9927E+01   -.9903E+01   -.9880E+01   -.9857E+01   -.9835E+01   -.9815E+01   -.9794E+01   -.9775E+01   -.9756E+01   -.9738E+01   -.9721E+01   -.9704E+01   -.9688E+01   -.9672E+01   -.9657E+01   -.9642E+01   -.9631E+01   -.9624E+01   -.9616E+01   -.9609E+01   -.9602E+01   -.9595E+01   -.9588E+01   -.9581E+01   -.9575E+01   -.9569E+01   -.9563E+01   -.9557E+01   -.9551E+01   -.9546E+01   -.9540E+01   -.9535E+01   -.9523E+01   -.9518E+01   -.9514E+01   -.9509E+01   -.9499E+01   -.9495E+01   -.9492E+01   -.9488E+01   -.9488E+01
0.1431E+06   0.1578E+01   -.1977E+02   -.1773E+02   -.1732E+02   -.1716E+02   -.1708E+02   -.1700E+02   -.1691E+02   -.1680E+02   -.1667E+02   -.1651E+02   -.1635E+02   -.1619E+02   -.1602E+02   -.1586E+02   -.1571E+02   -.1558E+02   -.1547E+02   -.1537E+02   -.1530E+02   -.1523E+02   -.1517E+02   -.1510E+02   -.1504E+02   -.1497E+02   -.1490E+02   -.1484E+02   -.1477E+02   -.1471E+02   -.1465E+02   -.1459E+02   -.1453E+02   -.1448E+02   -.1443E+02   -.1438E+02   -.1433E+02   -.1427E+02   -.1421E+02   -.1416E+02   -.1410E+02   -.1405E+02   -.1399E+02   -.1394E+02   -.1388E+02   -.1382E+02   -.1377E+02   -.1371E+02   -.1365E+02   -.1360E+02   -.1354E+02   -.1349E+02   -.1344E+02   -.1339E+02   -.1334E+02   -.1329E+02   -.1325E+02   -.1321E+02   -.1316E+02   -.1312E+02   -.1309E+02   -.1306E+02   -.1304E+02   -.1301E+02   -.1299E+02   -.1297E+02   -.1295E+02   -.1293E+02   -.1291E+02   -.1289E+02   -.1287E+02   -.1285E+02   -.1283E+02   -.1281E+02   -.1280E+02   -.1278E+02   -.1277E+02   -.1275E+02   -.1274E+02   -.1272E+02   -.1271E+02   -.1269E+02   -.1267E+02   -.1266E+02   -.1264E+02   -.1263E+02   -.1261E+02   -.1260E+02   -.1258E+02   -.1257E+02   -.1255E+02   -.1254E+02   -.1253E+02   -.1251E+02   -.1250E+02   -.1249E+02   -.1246E+02   -.1245E+02   -.1244E+02   -.1243E+02   -.1241E+02   -.1240E+02   -.1239E+02   -.1239E+02   -.1239E+02
0.3053E+05   0.1578E+01   -.1815E+02   -.1744E+02   -.1720E+02   -.1711E+02   -.1705E+02   -.1698E+02   -.1690E+02   -.1679E+02   -.1665E+02   -.1650E+02   -.1634E+02   -.1617E+02   -.1601E+02   -.1585E+02   -.1570E+02   -.1557E+02   -.1545E+02   -.1537E+02   -.1529E+02   -.1522E+02   -.1516E+02   -.1510E+02   -.1503E+02   -.1497E+02   -.1490E+02   -.1483E+02   -.1476E+02   -.1470E+02   -.1464E+02   -.1458E+02   -.1453E+02   -.1447E+02   -.1442E+02   -.1437E+02   -.1432E+02   -.1426E+02   -.1421E+02   -.1415E+02   -.1410E+02   -.1404E+02   -.1399E+02   -.1393E+02   -.1387E+02   -.1382E+02   -.1376E+02   -.1371E+02   -.1365E+02   -.1359E+02   -.1354E+02   -.1348E+02   -.1343E+02   -.1338E+02   -.1333E+02   -.1329E+02   -.1324E+02   -.1320E+02   -.1316E+02   -.1312E+02   -.1308E+02   -.1306E+02   -.1304E+02   -.1301E+02   -.1299E+02   -.1297E+02   -.1294E+02   -.1292E+02   -.1290E+02   -.1288E+02   -.1286E+02   -.1284E+02   -.1283E+02   -.1281E+02   -.1279E+02   -.1278E+02   -.1276E+02   -.1275E+02   -.1273E+02   -.1272E+02   -.1270E+02   -.1269E+02   -.1267E+02   -.1265E+02   -.1264E+02   -.1262E+02   -.1261E+02   -.1259E+02   -.1258E+02   -.1256E+02   -.1255E+02   -.1253E+02   -.1252E+02   -.1251E+02   -.1250E+02   -.1249E+02   -.1246E+02   -.1245E+02   -.1244E+02   -.1243E+02   -.1240E+02   -.1240E+02   -.1239E+02   -.1238E+02   -.1238E+02
0.3051E+05   0.1687E+01   -.2067E+02   -.1958E+02   -.1928E+02   -.1920E+02   -.1917E+02   -.1913E+02   -.1907E+02   -.1899E+02   -.1888E+02   -.1877E+02   -.1864E+02   -.1851E+02   -.1839E+02   -.1826E+02   -.1814E+02   -.1802E+02   -.1791E+02   -.1782E+02   -.1774E+02   -.1766E+02   -.1759E+02   -.1751E+02   -.1744E+02   -.1737E+02   -.1730E+02   -.1722E+02   -.1716E+02   -.1709E+02   -.1702E+02   -.1696E+02   -.1690E+02   -.1685E+02   -.1679E+02   -.1674E+02   -.1669E+02   -.1664E+02   -.1659E+02   -.1654E+02   -.1649E+02   -.1645E+02   -.1640E+02   -.1636E+02   -.1632E+02   -.1628E+02   -.1625E+02   -.1621E+02   -.1618E+02   -.1615E+02   -.1612E+02   -.1609E+02   -.1606E+02   -.1603E+02   -.1600E+02   -.1598E+02   -.1596E+02   -.1593E+02   -.1591E+02   -.1589E+02   -.1587E+02   -.1585E+02   -.1583E+02   -.1581E+02   -.1580E+02   -.1578E+02   -.1577E+02   -.1575E+02   -.1574E+02   -.1573E+02   -.1571E+02   -.1570E+02   -.1569E+02   -.1568E+02   -.1566E+02   -.1565E+02   -.1564E+02   -.1563E+02   -.1562E+02   -.1561E+02   -.1560E+02   -.1560E+02   -.1559E+02   -.1558E+02   -.1557E+02   -.1557E+02   -.1556E+02   -.1555E+02   -.1555E+02   -.1554E+02   -.1554E+02   -.1553E+02   -.1552E+02   -.1552E+02   -.1551E+02   -.1551E+02   -.1550E+02   -.1549E+02   -.1549E+02   -.1548E+02   -.1547E+02   -.1547E+02   -.1547E+02   -.1546E+02   -.1546E+02
0.1431E+06   0.1687E+01   -.2216E+02   -.2005E+02   -.1943E+02   -.1927E+02   -.1920E+02   -.1915E+02   -.1908E+02   -.1900E+02   -.1890E+02   -.1878E+02   -.1866E+02   -.1853E+02   -.1840E+02   -.1827E+02   -.1815E+02   -.1803E+02   -.1793E+02   -.1783E+02   -.1775E+02   -.1767E+02   -.1760E+02   -.1752E+02   -.1745E+02   -.1738E+02   -.1731E+02   -.1723E+02   -.1717E+02   -.1710E+02   -.1703E+02   -.1697E+02   -.1691E+02   -.1686E+02   -.1680E+02   -.1675E+02   -.1669E+02   -.1664E+02   -.1660E+02   -.1655E+02   -.1650E+02   -.1646E+02   -.1641E+02   -.1637E+02   -.1633E+02   -.1629E+02   -.1625E+02   -.1622E+02   -.1618E+02   -.1615E+02   -.1612E+02   -.1609E+02   -.1606E+02   -.1604E+02   -.1601E+02   -.1598E+02   -.1596E+02   -.1594E+02   -.1591E+02   -.1589E+02   -.1587E+02   -.1585E+02   -.1584E+02   -.1582E+02   -.1580E+02   -.1579E+02   -.1577E+02   -.1576E+02   -.1574E+02   -.1573E+02   -.1572E+02   -.1570E+02   -.1569E+02   -.1568E+02   -.1567E+02   -.1566E+02   -.1565E+02   -.1564E+02   -.1563E+02   -.1562E+02   -.1561E+02   -.1560E+02   -.1559E+02   -.1558E+02   -.1558E+02   -.1557E+02   -.1556E+02   -.1556E+02   -.1555E+02   -.1555E+02   -.1554E+02   -.1553E+02   -.1553E+02   -.1552E+02   -.1552E+02   -.1551E+02   -.1550E+02   -.1550E+02   -.1549E+02   -.1549E+02   -.1548E+02   -.1547E+02   -.1547E+02   -.1547E+02   -.1547E+02
0.1431E+06   0.1800E+01   -.2421E+02   -.2211E+02   -.2135E+02   -.2114E+02   -.2108E+02   -.2105E+02   -.2102E+02   -.2097E+02   -.2090E+02   -.2082E+02   -.2073E+02   -.2063E+02   -.2053E+02   -.2043E+02   -.2033E+02   -.2023E+02   -.2014E+02   -.2006E+02   -.1998E+02   -.1990E+02   -.1983E+02   -.1976E+02   -.1969E+02   -.1963E+02   -.1956E+02   -.1950E+02   -.1944E+02   -.1938E+02   -.1932E+02   -.1927E+02   -.1921E+02   -.1916E+02   -.1911E+02   -.1906E+02   -.1902E+02   -.1897E+02   -.1893E+02   -.1889E+02   -.1885E+02   -.1881E+02   -.1877E+02   -.1873E+02   -.1870E+02   -.1866E+02   -.1863E+02   -.1860E+02   -.1857E+02   -.1854E+02   -.1851E+02   -.1849E+02   -.1846E+02   -.1843E+02   -.1841E+02   -.1839E+02   -.1836E+02   -.1834E+02   -.1832E+02   -.1830E+02   -.1828E+02   -.1827E+02   -.1825E+02   -.1823E+02   -.1822E+02   -.1820E+02   -.1819E+02   -.1817E+02   -.1816E+02   -.1815E+02   -.1813E+02   -.1812E+02   -.1811E+02   -.1810E+02   -.1809E+02   -.1808E+02   -.1806E+02   -.1805E+02   -.1804E+02   -.1804E+02   -.1803E+02   -.1802E+02   -.1801E+02   -.1800E+02   -.1799E+02   -.1799E+02   -.1798E+02   -.1797E+02   -.1797E+02   -.1796E+02   -.1796E+02   -.1795E+02   -.1794E+02   -.1794E+02   -.1793E+02   -.1793E+02   -.1791E+02   -.1791E+02   -.1791E+02   -.1790E+02   -.1789E+02   -.1789E+02   -.1788E+02   -.1788E+02   -.1788E+02
0.3049E+05   0.1800E+01   -.2291E+02   -.2156E+02   -.2116E+02   -.2106E+02   -.2104E+02   -.2103E+02   -.2100E+02   -.2095E+02   -.2089E+02   -.2080E+02   -.2071E+02   -.2062E+02   -.2052E+02   -.2041E+02   -.2031E+02   -.2022E+02   -.2013E+02   -.2004E+02   -.1996E+02   -.1989E+02   -.1982E+02   -.1975E+02   -.1968E+02   -.1962E+02   -.1955E+02   -.1949E+02   -.1943E+02   -.1937E+02   -.1931E+02   -.1926E+02   -.1920E+02   -.1915E+02   -.1910E+02   -.1905E+02   -.1901E+02   -.1896E+02   -.1892E+02   -.1888E+02   -.1884E+02   -.1880E+02   -.1876E+02   -.1872E+02   -.1869E+02   -.1866E+02   -.1862E+02   -.1859E+02   -.1856E+02   -.1853E+02   -.1850E+02   -.1848E+02   -.1845E+02   -.1843E+02   -.1840E+02   -.1838E+02   -.1836E+02   -.1834E+02   -.1832E+02   -.1830E+02   -.1828E+02   -.1826E+02   -.1824E+02   -.1823E+02   -.1821E+02   -.1820E+02   -.1818E+02   -.1817E+02   -.1815E+02   -.1814E+02   -.1813E+02   -.1811E+02   -.1810E+02   -.1809E+02   -.1808E+02   -.1807E+02   -.1806E+02   -.1805E+02   -.1804E+02   -.1803E+02   -.1802E+02   -.1801E+02   -.1800E+02   -.1800E+02   -.1799E+02   -.1798E+02   -.1798E+02   -.1797E+02   -.1796E+02   -.1796E+02   -.1795E+02   -.1794E+02   -.1794E+02   -.1793E+02   -.1793E+02   -.1792E+02   -.1791E+02   -.1791E+02   -.1790E+02   -.1790E+02   -.1789E+02   -.1788E+02   -.1788E+02   -.1787E+02   -.1787E+02
0.3048E+05   0.1917E+01   -.2487E+02   -.2337E+02   -.2286E+02   -.2273E+02   -.2271E+02   -.2272E+02   -.2272E+02   -.2270E+02   -.2267E+02   -.2262E+02   -.2256E+02   -.2249E+02   -.2241E+02   -.2234E+02   -.2226E+02   -.2219E+02   -.2211E+02   -.2204E+02   -.2198E+02   -.2191E+02   -.2185E+02   -.2179E+02   -.2173E+02   -.2167E+02   -.2162E+02   -.2156E+02   -.2151E+02   -.2146E+02   -.2141E+02   -.2136E+02   -.2132E+02   -.2127E+02   -.2123E+02   -.2119E+02   -.2115E+02   -.2111E+02   -.2107E+02   -.2104E+02   -.2100E+02   -.2097E+02   -.2093E+02   -.2090E+02   -.2087E+02   -.2084E+02   -.2082E+02   -.2079E+02   -.2076E+02   -.2074E+02   -.2071E+02   -.2069E+02   -.2067E+02   -.2064E+02   -.2062E+02   -.2060E+02   -.2058E+02   -.2056E+02   -.2054E+02   -.2053E+02   -.2051E+02   -.2049E+02   -.2048E+02   -.2046E+02   -.2045E+02   -.2043E+02   -.2042E+02   -.2041E+02   -.2039E+02   -.2038E+02   -.2037E+02   -.2036E+02   -.2035E+02   -.2034E+02   -.2033E+02   -.2032E+02   -.2031E+02   -.2030E+02   -.2029E+02   -.2028E+02   -.2027E+02   -.2026E+02   -.2026E+02   -.2025E+02   -.2024E+02   -.2023E+02   -.2023E+02   -.2022E+02   -.2021E+02   -.2021E+02   -.2020E+02   -.2020E+02   -.2019E+02   -.2019E+02   -.2018E+02   -.2018E+02   -.2016E+02   -.2016E+02   -.2015E+02   -.2015E+02   -.2014E+02   -.2014E+02   -.2013E+02   -.2013E+02   -.2013E+02
0.1431E+06   0.1917E+01   -.2594E+02   -.2393E+02   -.2309E+02   -.2282E+02   -.2275E+02   -.2274E+02   -.2274E+02   -.2272E+02   -.2268E+02   -.2263E+02   -.2257E+02   -.2250E+02   -.2243E+02   -.2235E+02   -.2228E+02   -.2220E+02   -.2213E+02   -.2206E+02   -.2199E+02   -.2192E+02   -.2186E+02   -.2180E+02   -.2174E+02   -.2169E+02   -.2163E+02   -.2158E+02   -.2152E+02   -.2147E+02   -.2142E+02   -.2137E+02   -.2133E+02   -.2128E+02   -.2124E+02   -.2120E+02   -.2116E+02   -.2112E+02   -.2108E+02   -.2105E+02   -.2101E+02   -.2098E+02   -.2094E+02   -.2091E+02   -.2088E+02   -.2085E+02   -.2082E+02   -.2080E+02   -.2077E+02   -.2074E+02   -.2072E+02   -.2070E+02   -.2067E+02   -.2065E+02   -.2063E+02   -.2061E+02   -.2059E+02   -.2057E+02   -.2055E+02   -.2053E+02   -.2052E+02   -.2050E+02   -.2048E+02   -.2047E+02   -.2045E+02   -.2044E+02   -.2043E+02   -.2041E+02   -.2040E+02   -.2039E+02   -.2038E+02   -.2037E+02   -.2035E+02   -.2034E+02   -.2033E+02   -.2032E+02   -.2031E+02   -.2030E+02   -.2029E+02   -.2029E+02   -.2028E+02   -.2027E+02   -.2026E+02   -.2025E+02   -.2025E+02   -.2024E+02   -.2023E+02   -.2023E+02   -.2022E+02   -.2021E+02   -.2021E+02   -.2020E+02   -.2020E+02   -.2019E+02   -.2019E+02   -.2018E+02   -.2017E+02   -.2016E+02   -.2016E+02   -.2016E+02   -.2015E+02   -.2014E+02   -.2014E+02   -.2014E+02   -.2014E+02
0.1431E+06   0.2039E+01   -.2742E+02   -.2554E+02   -.2465E+02   -.2434E+02   -.2426E+02   -.2426E+02   -.2427E+02   -.2428E+02   -.2427E+02   -.2425E+02   -.2422E+02   -.2417E+02   -.2412E+02   -.2407E+02   -.2402E+02   -.2396E+02   -.2390E+02   -.2385E+02   -.2379E+02   -.2374E+02   -.2369E+02   -.2364E+02   -.2359E+02   -.2355E+02   -.2350E+02   -.2345E+02   -.2341E+02   -.2337E+02   -.2333E+02   -.2329E+02   -.2325E+02   -.2321E+02   -.2317E+02   -.2314E+02   -.2310E+02   -.2307E+02   -.2304E+02   -.2301E+02   -.2298E+02   -.2295E+02   -.2292E+02   -.2290E+02   -.2287E+02   -.2285E+02   -.2282E+02   -.2280E+02   -.2278E+02   -.2276E+02   -.2274E+02   -.2272E+02   -.2270E+02   -.2268E+02   -.2266E+02   -.2264E+02   -.2262E+02   -.2261E+02   -.2259E+02   -.2258E+02   -.2256E+02   -.2255E+02   -.2253E+02   -.2252E+02   -.2251E+02   -.2249E+02   -.2248E+02   -.2247E+02   -.2246E+02   -.2245E+02   -.2244E+02   -.2243E+02   -.2242E+02   -.2241E+02   -.2240E+02   -.2239E+02   -.2238E+02   -.2237E+02   -.2236E+02   -.2236E+02   -.2235E+02   -.2234E+02   -.2233E+02   -.2233E+02   -.2232E+02   -.2231E+02   -.2231E+02   -.2230E+02   -.2230E+02   -.2229E+02   -.2229E+02   -.2228E+02   -.2228E+02   -.2227E+02   -.2227E+02   -.2226E+02   -.2225E+02   -.2225E+02   -.2224E+02   -.2224E+02   -.2223E+02   -.2222E+02   -.2222E+02   -.2222E+02   -.2222E+02
0.3046E+05   0.2039E+01   -.2655E+02   -.2501E+02   -.2440E+02   -.2423E+02   -.2421E+02   -.2423E+02   -.2425E+02   -.2427E+02   -.2426E+02   -.2424E+02   -.2420E+02   -.2416E+02   -.2411E+02   -.2406E+02   -.2400E+02   -.2395E+02   -.2389E+02   -.2384E+02   -.2378E+02   -.2373E+02   -.2368E+02   -.2363E+02   -.2358E+02   -.2353E+02   -.2349E+02   -.2344E+02   -.2340E+02   -.2336E+02   -.2332E+02   -.2328E+02   -.2324E+02   -.2320E+02   -.2316E+02   -.2313E+02   -.2310E+02   -.2306E+02   -.2303E+02   -.2300E+02   -.2297E+02   -.2294E+02   -.2292E+02   -.2289E+02   -.2286E+02   -.2284E+02   -.2282E+02   -.2279E+02   -.2277E+02   -.2275E+02   -.2273E+02   -.2271E+02   -.2269E+02   -.2267E+02   -.2265E+02   -.2263E+02   -.2262E+02   -.2260E+02   -.2258E+02   -.2257E+02   -.2255E+02   -.2254E+02   -.2253E+02   -.2251E+02   -.2250E+02   -.2249E+02   -.2248E+02   -.2246E+02   -.2245E+02   -.2244E+02   -.2243E+02   -.2242E+02   -.2241E+02   -.2240E+02   -.2239E+02   -.2238E+02   -.2237E+02   -.2237E+02   -.2236E+02   -.2235E+02   -.2234E+02   -.2234E+02   -.2233E+02   -.2232E+02   -.2232E+02   -.2231E+02   -.2230E+02   -.2230E+02   -.2229E+02   -.2229E+02   -.2228E+02   -.2227E+02   -.2227E+02   -.2226E+02   -.2226E+02   -.2226E+02   -.2224E+02   -.2224E+02   -.2224E+02   -.2223E+02   -.2222E+02   -.2222E+02   -.2222E+02   -.2221E+02   -.2221E+02
0.3044E+05   0.2165E+01   -.2799E+02   -.2648E+02   -.2581E+02   -.2559E+02   -.2556E+02   -.2559E+02   -.2563E+02   -.2566E+02   -.2568E+02   -.2568E+02   -.2567E+02   -.2565E+02   -.2563E+02   -.2559E+02   -.2556E+02   -.2552E+02   -.2548E+02   -.2544E+02   -.2540E+02   -.2536E+02   -.2532E+02   -.2529E+02   -.2525E+02   -.2521E+02   -.2518E+02   -.2514E+02   -.2511E+02   -.2507E+02   -.2504E+02   -.2501E+02   -.2497E+02   -.2494E+02   -.2492E+02   -.2489E+02   -.2486E+02   -.2483E+02   -.2481E+02   -.2478E+02   -.2476E+02   -.2474E+02   -.2471E+02   -.2469E+02   -.2467E+02   -.2465E+02   -.2463E+02   -.2461E+02   -.2459E+02   -.2458E+02   -.2456E+02   -.2454E+02   -.2452E+02   -.2451E+02   -.2449E+02   -.2448E+02   -.2447E+02   -.2445E+02   -.2444E+02   -.2442E+02   -.2441E+02   -.2440E+02   -.2439E+02   -.2438E+02   -.2437E+02   -.2436E+02   -.2435E+02   -.2434E+02   -.2433E+02   -.2432E+02   -.2431E+02   -.2430E+02   -.2429E+02   -.2428E+02   -.2427E+02   -.2427E+02   -.2426E+02   -.2425E+02   -.2425E+02   -.2424E+02   -.2423E+02   -.2423E+02   -.2422E+02   -.2421E+02   -.2421E+02   -.2420E+02   -.2420E+02   -.2419E+02   -.2419E+02   -.2418E+02   -.2418E+02   -.2417E+02   -.2417E+02   -.2416E+02   -.2416E+02   -.2416E+02   -.2415E+02   -.2414E+02   -.2414E+02   -.2413E+02   -.2413E+02   -.2412E+02   -.2412E+02   -.2412E+02   -.2412E+02
0.1430E+06   0.2165E+01   -.2868E+02   -.2695E+02   -.2606E+02   -.2571E+02   -.2561E+02   -.2562E+02   -.2564E+02   -.2567E+02   -.2569E+02   -.2569E+02   -.2568E+02   -.2566E+02   -.2564E+02   -.2561E+02   -.2557E+02   -.2553E+02   -.2549E+02   -.2545E+02   -.2541E+02   -.2537E+02   -.2533E+02   -.2530E+02   -.2526E+02   -.2522E+02   -.2519E+02   -.2515E+02   -.2512E+02   -.2508E+02   -.2505E+02   -.2502E+02   -.2498E+02   -.2495E+02   -.2492E+02   -.2489E+02   -.2487E+02   -.2484E+02   -.2481E+02   -.2479E+02   -.2477E+02   -.2474E+02   -.2472E+02   -.2470E+02   -.2468E+02   -.2466E+02   -.2464E+02   -.2462E+02   -.2460E+02   -.2458E+02   -.2456E+02   -.2455E+02   -.2453E+02   -.2452E+02   -.2450E+02   -.2449E+02   -.2447E+02   -.2446E+02   -.2444E+02   -.2443E+02   -.2442E+02   -.2441E+02   -.2439E+02   -.2438E+02   -.2437E+02   -.2436E+02   -.2435E+02   -.2434E+02   -.2433E+02   -.2432E+02   -.2431E+02   -.2431E+02   -.2430E+02   -.2429E+02   -.2428E+02   -.2427E+02   -.2427E+02   -.2426E+02   -.2425E+02   -.2424E+02   -.2424E+02   -.2423E+02   -.2422E+02   -.2422E+02   -.2421E+02   -.2421E+02   -.2420E+02   -.2420E+02   -.2419E+02   -.2419E+02   -.2418E+02   -.2418E+02   -.2417E+02   -.2417E+02   -.2416E+02   -.2416E+02   -.2415E+02   -.2415E+02   -.2414E+02   -.2414E+02   -.2413E+02   -.2413E+02   -.2412E+02   -.2412E+02   -.2412E+02
0.1430E+06   0.2296E+01   -.2975E+02   -.2819E+02   -.2733E+02   -.2696E+02   -.2684E+02   -.2684E+02   -.2688E+02   -.2692E+02   -.2696E+02   -.2698E+02   -.2700E+02   -.2700E+02   -.2699E+02   -.2698E+02   -.2696E+02   -.2694E+02   -.2692E+02   -.2689E+02   -.2686E+02   -.2684E+02   -.2681E+02   -.2678E+02   -.2675E+02   -.2673E+02   -.2670E+02   -.2668E+02   -.2665E+02   -.2662E+02   -.2660E+02   -.2657E+02   -.2655E+02   -.2653E+02   -.2650E+02   -.2648E+02   -.2646E+02   -.2644E+02   -.2642E+02   -.2640E+02   -.2638E+02   -.2636E+02   -.2634E+02   -.2633E+02   -.2631E+02   -.2629E+02   -.2628E+02   -.2626E+02   -.2625E+02   -.2623E+02   -.2622E+02   -.2621E+02   -.2619E+02   -.2618E+02   -.2617E+02   -.2616E+02   -.2614E+02   -.2613E+02   -.2612E+02   -.2611E+02   -.2610E+02   -.2609E+02   -.2608E+02   -.2607E+02   -.2606E+02   -.2606E+02   -.2605E+02   -.2604E+02   -.2603E+02   -.2602E+02   -.2602E+02   -.2601E+02   -.2600E+02   -.2600E+02   -.2599E+02   -.2598E+02   -.2598E+02   -.2597E+02   -.2596E+02   -.2596E+02   -.2595E+02   -.2595E+02   -.2594E+02   -.2594E+02   -.2593E+02   -.2593E+02   -.2592E+02   -.2592E+02   -.2591E+02   -.2591E+02   -.2591E+02   -.2590E+02   -.2590E+02   -.2589E+02   -.2589E+02   -.2589E+02   -.2588E+02   -.2588E+02   -.2587E+02   -.2587E+02   -.2586E+02   -.2586E+02   -.2586E+02   -.2585E+02   -.2585E+02
0.3042E+05   0.2296E+01   -.2922E+02   -.2778E+02   -.2709E+02   -.2683E+02   -.2678E+02   -.2681E+02   -.2686E+02   -.2691E+02   -.2695E+02   -.2698E+02   -.2699E+02   -.2699E+02   -.2698E+02   -.2697E+02   -.2695E+02   -.2693E+02   -.2690E+02   -.2688E+02   -.2685E+02   -.2683E+02   -.2680E+02   -.2677E+02   -.2675E+02   -.2672E+02   -.2669E+02   -.2667E+02   -.2664E+02   -.2662E+02   -.2659E+02   -.2657E+02   -.2654E+02   -.2652E+02   -.2650E+02   -.2647E+02   -.2645E+02   -.2643E+02   -.2641E+02   -.2639E+02   -.2637E+02   -.2635E+02   -.2634E+02   -.2632E+02   -.2630E+02   -.2629E+02   -.2627E+02   -.2626E+02   -.2624E+02   -.2623E+02   -.2621E+02   -.2620E+02   -.2619E+02   -.2618E+02   -.2616E+02   -.2615E+02   -.2614E+02   -.2613E+02   -.2612E+02   -.2611E+02   -.2610E+02   -.2609E+02   -.2608E+02   -.2607E+02   -.2606E+02   -.2605E+02   -.2604E+02   -.2603E+02   -.2603E+02   -.2602E+02   -.2601E+02   -.2600E+02   -.2600E+02   -.2599E+02   -.2598E+02   -.2598E+02   -.2597E+02   -.2597E+02   -.2596E+02   -.2595E+02   -.2595E+02   -.2594E+02   -.2594E+02   -.2593E+02   -.2593E+02   -.2592E+02   -.2592E+02   -.2591E+02   -.2591E+02   -.2591E+02   -.2590E+02   -.2590E+02   -.2589E+02   -.2589E+02   -.2589E+02   -.2588E+02   -.2587E+02   -.2587E+02   -.2587E+02   -.2586E+02   -.2586E+02   -.2585E+02   -.2585E+02   -.2585E+02   -.2585E+02
0.3041E+05   0.2432E+01   -.3025E+02   -.2893E+02   -.2824E+02   -.2796E+02   -.2789E+02   -.2792E+02   -.2797E+02   -.2804E+02   -.2809E+02   -.2814E+02   -.2817E+02   -.2819E+02   -.2820E+02   -.2820E+02   -.2820E+02   -.2819E+02   -.2818E+02   -.2817E+02   -.2816E+02   -.2814E+02   -.2813E+02   -.2811E+02   -.2809E+02   -.2808E+02   -.2806E+02   -.2804E+02   -.2802E+02   -.2801E+02   -.2799E+02   -.2797E+02   -.2795E+02   -.2794E+02   -.2792E+02   -.2790E+02   -.2789E+02   -.2787E+02   -.2786E+02   -.2784E+02   -.2783E+02   -.2782E+02   -.2780E+02   -.2779E+02   -.2778E+02   -.2777E+02   -.2775E+02   -.2774E+02   -.2773E+02   -.2772E+02   -.2771E+02   -.2770E+02   -.2769E+02   -.2768E+02   -.2767E+02   -.2766E+02   -.2765E+02   -.2764E+02   -.2764E+02   -.2763E+02   -.2762E+02   -.2761E+02   -.2761E+02   -.2760E+02   -.2759E+02   -.2758E+02   -.2758E+02   -.2757E+02   -.2757E+02   -.2756E+02   -.2755E+02   -.2755E+02   -.2754E+02   -.2754E+02   -.2753E+02   -.2753E+02   -.2752E+02   -.2752E+02   -.2751E+02   -.2751E+02   -.2750E+02   -.2750E+02   -.2749E+02   -.2749E+02   -.2749E+02   -.2748E+02   -.2748E+02   -.2747E+02   -.2747E+02   -.2747E+02   -.2746E+02   -.2746E+02   -.2746E+02   -.2745E+02   -.2745E+02   -.2745E+02   -.2744E+02   -.2744E+02   -.2744E+02   -.2743E+02   -.2743E+02   -.2743E+02   -.2742E+02   -.2742E+02   -.2742E+02
0.1430E+06   0.2432E+01   -.3067E+02   -.2928E+02   -.2847E+02   -.2808E+02   -.2796E+02   -.2795E+02   -.2799E+02   -.2805E+02   -.2810E+02   -.2814E+02   -.2817E+02   -.2819E+02   -.2821E+02   -.2821E+02   -.2821E+02   -.2820E+02   -.2819E+02   -.2818E+02   -.2817E+02   -.2815E+02   -.2813E+02   -.2812E+02   -.2810E+02   -.2808E+02   -.2807E+02   -.2805E+02   -.2803E+02   -.2801E+02   -.2799E+02   -.2798E+02   -.2796E+02   -.2794E+02   -.2793E+02   -.2791E+02   -.2789E+02   -.2788E+02   -.2786E+02   -.2785E+02   -.2784E+02   -.2782E+02   -.2781E+02   -.2780E+02   -.2778E+02   -.2777E+02   -.2776E+02   -.2775E+02   -.2774E+02   -.2773E+02   -.2772E+02   -.2770E+02   -.2769E+02   -.2769E+02   -.2768E+02   -.2767E+02   -.2766E+02   -.2765E+02   -.2764E+02   -.2763E+02   -.2762E+02   -.2762E+02   -.2761E+02   -.2760E+02   -.2760E+02   -.2759E+02   -.2758E+02   -.2758E+02   -.2757E+02   -.2756E+02   -.2756E+02   -.2755E+02   -.2755E+02   -.2754E+02   -.2754E+02   -.2753E+02   -.2753E+02   -.2752E+02   -.2752E+02   -.2751E+02   -.2751E+02   -.2750E+02   -.2750E+02   -.2749E+02   -.2749E+02   -.2749E+02   -.2748E+02   -.2748E+02   -.2748E+02   -.2747E+02   -.2747E+02   -.2746E+02   -.2746E+02   -.2746E+02   -.2746E+02   -.2745E+02   -.2745E+02   -.2744E+02   -.2744E+02   -.2744E+02   -.2743E+02   -.2743E+02   -.2743E+02   -.2742E+02   -.2742E+02
0.1430E+06   0.2573E+01   -.3145E+02   -.3023E+02   -.2948E+02   -.2910E+02   -.2897E+02   -.2895E+02   -.2900E+02   -.2906E+02   -.2913E+02   -.2918E+02   -.2923E+02   -.2927E+02   -.2929E+02   -.2931E+02   -.2932E+02   -.2933E+02   -.2933E+02   -.2933E+02   -.2933E+02   -.2933E+02   -.2932E+02   -.2932E+02   -.2931E+02   -.2930E+02   -.2929E+02   -.2928E+02   -.2927E+02   -.2926E+02   -.2925E+02   -.2924E+02   -.2923E+02   -.2922E+02   -.2921E+02   -.2920E+02   -.2919E+02   -.2918E+02   -.2917E+02   -.2916E+02   -.2915E+02   -.2914E+02   -.2913E+02   -.2912E+02   -.2911E+02   -.2910E+02   -.2909E+02   -.2909E+02   -.2908E+02   -.2907E+02   -.2906E+02   -.2906E+02   -.2905E+02   -.2904E+02   -.2904E+02   -.2903E+02   -.2902E+02   -.2902E+02   -.2901E+02   -.2900E+02   -.2900E+02   -.2899E+02   -.2899E+02   -.2898E+02   -.2898E+02   -.2897E+02   -.2897E+02   -.2896E+02   -.2896E+02   -.2895E+02   -.2895E+02   -.2894E+02   -.2894E+02   -.2894E+02   -.2893E+02   -.2893E+02   -.2892E+02   -.2892E+02   -.2892E+02   -.2891E+02   -.2891E+02   -.2891E+02   -.2890E+02   -.2890E+02   -.2890E+02   -.2889E+02   -.2889E+02   -.2889E+02   -.2889E+02   -.2888E+02   -.2888E+02   -.2888E+02   -.2887E+02   -.2887E+02   -.2887E+02   -.2887E+02   -.2886E+02   -.2886E+02   -.2886E+02   -.2885E+02   -.2885E+02   -.2885E+02   -.2885E+02   -.2884E+02   -.2884E+02
0.3039E+05   0.2573E+01   -.3113E+02   -.2994E+02   -.2928E+02   -.2898E+02   -.2890E+02   -.2892E+02   -.2898E+02   -.2905E+02   -.2912E+02   -.2918E+02   -.2922E+02   -.2926E+02   -.2929E+02   -.2930E+02   -.2932E+02   -.2932E+02   -.2933E+02   -.2933E+02   -.2933E+02   -.2932E+02   -.2932E+02   -.2931E+02   -.2930E+02   -.2929E+02   -.2928E+02   -.2927E+02   -.2926E+02   -.2925E+02   -.2924E+02   -.2923E+02   -.2922E+02   -.2921E+02   -.2920E+02   -.2919E+02   -.2918E+02   -.2917E+02   -.2916E+02   -.2915E+02   -.2914E+02   -.2913E+02   -.2912E+02   -.2911E+02   -.2911E+02   -.2910E+02   -.2909E+02   -.2908E+02   -.2907E+02   -.2907E+02   -.2906E+02   -.2905E+02   -.2904E+02   -.2904E+02   -.2903E+02   -.2902E+02   -.2902E+02   -.2901E+02   -.2901E+02   -.2900E+02   -.2899E+02   -.2899E+02   -.2898E+02   -.2898E+02   -.2897E+02   -.2897E+02   -.2896E+02   -.2896E+02   -.2895E+02   -.2895E+02   -.2895E+02   -.2894E+02   -.2894E+02   -.2893E+02   -.2893E+02   -.2892E+02   -.2892E+02   -.2892E+02   -.2891E+02   -.2891E+02   -.2891E+02   -.2890E+02   -.2890E+02   -.2890E+02   -.2889E+02   -.2889E+02   -.2889E+02   -.2888E+02   -.2888E+02   -.2888E+02   -.2888E+02   -.2887E+02   -.2887E+02   -.2887E+02   -.2887E+02   -.2886E+02   -.2886E+02   -.2886E+02   -.2885E+02   -.2885E+02   -.2885E+02   -.2884E+02   -.2884E+02   -.2884E+02   -.2884E+02
0.3037E+05   0.2719E+01   -.3187E+02   -.3083E+02   -.3020E+02   -.2991E+02   -.2981E+02   -.2983E+02   -.2989E+02   -.2997E+02   -.3004E+02   -.3011E+02   -.3017E+02   -.3022E+02   -.3026E+02   -.3029E+02   -.3032E+02   -.3034E+02   -.3035E+02   -.3036E+02   -.3037E+02   -.3038E+02   -.3038E+02   -.3038E+02   -.3038E+02   -.3038E+02   -.3038E+02   -.3038E+02   -.3038E+02   -.3037E+02   -.3037E+02   -.3037E+02   -.3036E+02   -.3036E+02   -.3035E+02   -.3035E+02   -.3034E+02   -.3033E+02   -.3033E+02   -.3032E+02   -.3032E+02   -.3031E+02   -.3031E+02   -.3030E+02   -.3030E+02   -.3029E+02   -.3029E+02   -.3028E+02   -.3028E+02   -.3028E+02   -.3027E+02   -.3027E+02   -.3026E+02   -.3026E+02   -.3025E+02   -.3025E+02   -.3025E+02   -.3024E+02   -.3024E+02   -.3023E+02   -.3023E+02   -.3023E+02   -.3022E+02   -.3022E+02   -.3022E+02   -.3021E+02   -.3021E+02   -.3021E+02   -.3020E+02   -.3020E+02   -.3020E+02   -.3019E+02   -.3019E+02   -.3019E+02   -.3019E+02   -.3018E+02   -.3018E+02   -.3018E+02   -.3017E+02   -.3017E+02   -.3017E+02   -.3017E+02   -.3016E+02   -.3016E+02   -.3016E+02   -.3016E+02   -.3016E+02   -.3015E+02   -.3015E+02   -.3015E+02   -.3015E+02   -.3015E+02   -.3014E+02   -.3014E+02   -.3014E+02   -.3014E+02   -.3013E+02   -.3013E+02   -.3013E+02   -.3013E+02   -.3012E+02   -.3012E+02   -.3012E+02   -.3012E+02   -.3012E+02
0.1430E+06   0.2719E+01   -.3211E+02   -.3106E+02   -.3038E+02   -.3002E+02   -.2988E+02   -.2986E+02   -.2991E+02   -.2998E+02   -.3005E+02   -.3012E+02   -.3017E+02   -.3022E+02   -.3026E+02   -.3030E+02   -.3032E+02   -.3034E+02   -.3036E+02   -.3037E+02   -.3038E+02   -.3038E+02   -.3038E+02   -.3039E+02   -.3039E+02   -.3039E+02   -.3039E+02   -.3038E+02   -.3038E+02   -.3038E+02   -.3037E+02   -.3037E+02   -.3036E+02   -.3036E+02   -.3035E+02   -.3035E+02   -.3034E+02   -.3034E+02   -.3033E+02   -.3033E+02   -.3032E+02   -.3032E+02   -.3031E+02   -.3031E+02   -.3030E+02   -.3030E+02   -.3029E+02   -.3029E+02   -.3028E+02   -.3028E+02   -.3027E+02   -.3027E+02   -.3027E+02   -.3026E+02   -.3026E+02   -.3025E+02   -.3025E+02   -.3024E+02   -.3024E+02   -.3024E+02   -.3023E+02   -.3023E+02   -.3023E+02   -.3022E+02   -.3022E+02   -.3022E+02   -.3021E+02   -.3021E+02   -.3021E+02   -.3020E+02   -.3020E+02   -.3020E+02   -.3019E+02   -.3019E+02   -.3019E+02   -.3019E+02   -.3018E+02   -.3018E+02   -.3018E+02   -.3017E+02   -.3017E+02   -.3017E+02   -.3017E+02   -.3017E+02   -.3016E+02   -.3016E+02   -.3016E+02   -.3016E+02   -.3015E+02   -.3015E+02   -.3015E+02   -.3015E+02   -.3015E+02   -.3014E+02   -.3014E+02   -.3014E+02   -.3014E+02   -.3013E+02   -.3013E+02   -.3013E+02   -.3013E+02   -.3013E+02   -.3012E+02   -.3012E+02   -.3012E+02
0.3036E+05   0.2871E+01   -.3249E+02   -.3159E+02   -.3102E+02   -.3074E+02   -.3064E+02   -.3065E+02   -.3070E+02   -.3078E+02   -.3087E+02   -.3094E+02   -.3101E+02   -.3107E+02   -.3112E+02   -.3117E+02   -.3120E+02   -.3123E+02   -.3126E+02   -.3128E+02   -.3130E+02   -.3131E+02   -.3133E+02   -.3134E+02   -.3134E+02   -.3135E+02   -.3136E+02   -.3136E+02   -.3137E+02   -.3137E+02   -.3137E+02   -.3137E+02   -.3137E+02   -.3137E+02   -.3137E+02   -.3137E+02   -.3137E+02   -.3137E+02   -.3137E+02   -.3137E+02   -.3137E+02   -.3137E+02   -.3137E+02   -.3136E+02   -.3136E+02   -.3136E+02   -.3136E+02   -.3136E+02   -.3136E+02   -.3135E+02   -.3135E+02   -.3135E+02   -.3135E+02   -.3135E+02   -.3135E+02   -.3134E+02   -.3134E+02   -.3134E+02   -.3134E+02   -.3134E+02   -.3133E+02   -.3133E+02   -.3133E+02   -.3133E+02   -.3133E+02   -.3132E+02   -.3132E+02   -.3132E+02   -.3132E+02   -.3132E+02   -.3132E+02   -.3131E+02   -.3131E+02   -.3131E+02   -.3131E+02   -.3131E+02   -.3131E+02   -.3130E+02   -.3130E+02   -.3130E+02   -.3130E+02   -.3130E+02   -.3130E+02   -.3129E+02   -.3129E+02   -.3129E+02   -.3129E+02   -.3129E+02   -.3129E+02   -.3129E+02   -.3128E+02   -.3128E+02   -.3128E+02   -.3128E+02   -.3128E+02   -.3128E+02   -.3127E+02   -.3127E+02   -.3127E+02   -.3127E+02   -.3127E+02   -.3127E+02   -.3127E+02   -.3126E+02   -.3126E+02
0.1430E+06   0.2871E+01   -.3267E+02   -.3178E+02   -.3118E+02   -.3084E+02   -.3070E+02   -.3068E+02   -.3072E+02   -.3079E+02   -.3087E+02   -.3095E+02   -.3102E+02   -.3108E+02   -.3113E+02   -.3117E+02   -.3121E+02   -.3124E+02   -.3126E+02   -.3128E+02   -.3130E+02   -.3132E+02   -.3133E+02   -.3134E+02   -.3135E+02   -.3136E+02   -.3136E+02   -.3137E+02   -.3137E+02   -.3137E+02   -.3138E+02   -.3138E+02   -.3138E+02   -.3138E+02   -.3138E+02   -.3138E+02   -.3138E+02   -.3138E+02   -.3137E+02   -.3137E+02   -.3137E+02   -.3137E+02   -.3137E+02   -.3137E+02   -.3137E+02   -.3136E+02   -.3136E+02   -.3136E+02   -.3136E+02   -.3136E+02   -.3136E+02   -.3135E+02   -.3135E+02   -.3135E+02   -.3135E+02   -.3135E+02   -.3134E+02   -.3134E+02   -.3134E+02   -.3134E+02   -.3134E+02   -.3133E+02   -.3133E+02   -.3133E+02   -.3133E+02   -.3133E+02   -.3133E+02   -.3132E+02   -.3132E+02   -.3132E+02   -.3132E+02   -.3132E+02   -.3131E+02   -.3131E+02   -.3131E+02   -.3131E+02   -.3131E+02   -.3131E+02   -.3130E+02   -.3130E+02   -.3130E+02   -.3130E+02   -.3130E+02   -.3130E+02   -.3130E+02   -.3129E+02   -.3129E+02   -.3129E+02   -.3129E+02   -.3129E+02   -.3129E+02   -.3129E+02   -.3128E+02   -.3128E+02   -.3128E+02   -.3128E+02   -.3128E+02   -.3128E+02   -.3127E+02   -.3127E+02   -.3127E+02   -.3127E+02   -.3127E+02   -.3127E+02   -.3127E+02
0.1429E+06   0.3028E+01   -.3315E+02   -.3239E+02   -.3187E+02   -.3157E+02   -.3143E+02   -.3141E+02   -.3145E+02   -.3152E+02   -.3160E+02   -.3168E+02   -.3176E+02   -.3183E+02   -.3189E+02   -.3194E+02   -.3199E+02   -.3203E+02   -.3206E+02   -.3209E+02   -.3212E+02   -.3214E+02   -.3216E+02   -.3218E+02   -.3219E+02   -.3221E+02   -.3222E+02   -.3223E+02   -.3224E+02   -.3225E+02   -.3226E+02   -.3226E+02   -.3227E+02   -.3228E+02   -.3228E+02   -.3228E+02   -.3229E+02   -.3229E+02   -.3229E+02   -.3230E+02   -.3230E+02   -.3230E+02   -.3230E+02   -.3230E+02   -.3230E+02   -.3231E+02   -.3231E+02   -.3231E+02   -.3231E+02   -.3231E+02   -.3231E+02   -.3231E+02   -.3231E+02   -.3231E+02   -.3231E+02   -.3231E+02   -.3231E+02   -.3231E+02   -.3231E+02   -.3231E+02   -.3231E+02   -.3231E+02   -.3231E+02   -.3231E+02   -.3231E+02   -.3231E+02   -.3231E+02   -.3231E+02   -.3231E+02   -.3231E+02   -.3231E+02   -.3231E+02   -.3231E+02   -.3231E+02   -.3231E+02   -.3230E+02   -.3230E+02   -.3230E+02   -.3230E+02   -.3230E+02   -.3230E+02   -.3230E+02   -.3230E+02   -.3230E+02   -.3230E+02   -.3230E+02   -.3230E+02   -.3229E+02   -.3229E+02   -.3229E+02   -.3229E+02   -.3229E+02   -.3229E+02   -.3229E+02   -.3229E+02   -.3229E+02   -.3229E+02   -.3229E+02   -.3228E+02   -.3228E+02   -.3228E+02   -.3228E+02   -.3228E+02   -.3228E+02   -.3228E+02
0.3034E+05   0.3028E+01   -.3301E+02   -.3224E+02   -.3174E+02   -.3148E+02   -.3138E+02   -.3138E+02   -.3143E+02   -.3151E+02   -.3160E+02   -.3168E+02   -.3176E+02   -.3183E+02   -.3189E+02   -.3194E+02   -.3199E+02   -.3203E+02   -.3206E+02   -.3209E+02   -.3212E+02   -.3214E+02   -.3216E+02   -.3218E+02   -.3219E+02   -.3221E+02   -.3222E+02   -.3223E+02   -.3224E+02   -.3225E+02   -.3225E+02   -.3226E+02   -.3227E+02   -.3227E+02   -.3228E+02   -.3228E+02   -.3228E+02   -.3229E+02   -.3229E+02   -.3229E+02   -.3230E+02   -.3230E+02   -.3230E+02   -.3230E+02   -.3230E+02   -.3230E+02   -.3231E+02   -.3231E+02   -.3231E+02   -.3231E+02   -.3231E+02   -.3231E+02   -.3231E+02   -.3231E+02   -.3231E+02   -.3231E+02   -.3231E+02   -.3231E+02   -.3231E+02   -.3231E+02   -.3231E+02   -.3231E+02   -.3231E+02   -.3231E+02   -.3231E+02   -.3231E+02   -.3231E+02   -.3231E+02   -.3231E+02   -.3231E+02   -.3231E+02   -.3231E+02   -.3230E+02   -.3230E+02   -.3230E+02   -.3230E+02   -.3230E+02   -.3230E+02   -.3230E+02   -.3230E+02   -.3230E+02   -.3230E+02   -.3230E+02   -.3230E+02   -.3230E+02   -.3229E+02   -.3229E+02   -.3229E+02   -.3229E+02   -.3229E+02   -.3229E+02   -.3229E+02   -.3229E+02   -.3229E+02   -.3229E+02   -.3229E+02   -.3228E+02   -.3228E+02   -.3228E+02   -.3228E+02   -.3228E+02   -.3228E+02   -.3228E+02   -.3228E+02   -.3228E+02
0.3032E+05   0.3191E+01   -.3344E+02   -.3280E+02   -.3236E+02   -.3212E+02   -.3202E+02   -.3202E+02   -.3207E+02   -.3215E+02   -.3224E+02   -.3232E+02   -.3241E+02   -.3248E+02   -.3255E+02   -.3261E+02   -.3266E+02   -.3271E+02   -.3275E+02   -.3279E+02   -.3282E+02   -.3285E+02   -.3288E+02   -.3291E+02   -.3293E+02   -.3295E+02   -.3296E+02   -.3298E+02   -.3300E+02   -.3301E+02   -.3302E+02   -.3303E+02   -.3304E+02   -.3305E+02   -.3306E+02   -.3307E+02   -.3308E+02   -.3308E+02   -.3309E+02   -.3310E+02   -.3310E+02   -.3311E+02   -.3311E+02   -.3312E+02   -.3312E+02   -.3312E+02   -.3313E+02   -.3313E+02   -.3313E+02   -.3314E+02   -.3314E+02   -.3314E+02   -.3315E+02   -.3315E+02   -.3315E+02   -.3315E+02   -.3315E+02   -.3316E+02   -.3316E+02   -.3316E+02   -.3316E+02   -.3316E+02   -.3316E+02   -.3316E+02   -.3316E+02   -.3316E+02   -.3317E+02   -.3317E+02   -.3317E+02   -.3317E+02   -.3317E+02   -.3317E+02   -.3317E+02   -.3317E+02   -.3317E+02   -.3317E+02   -.3317E+02   -.3317E+02   -.3317E+02   -.3317E+02   -.3317E+02   -.3317E+02   -.3317E+02   -.3317E+02   -.3317E+02   -.3317E+02   -.3317E+02   -.3317E+02   -.3317E+02   -.3317E+02   -.3317E+02   -.3317E+02   -.3317E+02   -.3317E+02   -.3317E+02   -.3317E+02   -.3316E+02   -.3316E+02   -.3316E+02   -.3316E+02   -.3316E+02   -.3316E+02   -.3316E+02   -.3316E+02   -.3316E+02
0.1429E+06   0.3191E+01   -.3354E+02   -.3291E+02   -.3247E+02   -.3220E+02   -.3208E+02   -.3205E+02   -.3209E+02   -.3216E+02   -.3224E+02   -.3233E+02   -.3241E+02   -.3248E+02   -.3255E+02   -.3261E+02   -.3267E+02   -.3271E+02   -.3276E+02   -.3279E+02   -.3283E+02   -.3286E+02   -.3288E+02   -.3291E+02   -.3293E+02   -.3295E+02   -.3297E+02   -.3298E+02   -.3300E+02   -.3301E+02   -.3302E+02   -.3304E+02   -.3305E+02   -.3305E+02   -.3306E+02   -.3307E+02   -.3308E+02   -.3309E+02   -.3309E+02   -.3310E+02   -.3310E+02   -.3311E+02   -.3311E+02   -.3312E+02   -.3312E+02   -.3313E+02   -.3313E+02   -.3313E+02   -.3314E+02   -.3314E+02   -.3314E+02   -.3314E+02   -.3315E+02   -.3315E+02   -.3315E+02   -.3315E+02   -.3315E+02   -.3316E+02   -.3316E+02   -.3316E+02   -.3316E+02   -.3316E+02   -.3316E+02   -.3316E+02   -.3317E+02   -.3317E+02   -.3317E+02   -.3317E+02   -.3317E+02   -.3317E+02   -.3317E+02   -.3317E+02   -.3317E+02   -.3317E+02   -.3317E+02   -.3317E+02   -.3317E+02   -.3317E+02   -.3317E+02   -.3317E+02   -.3317E+02   -.3317E+02   -.3317E+02   -.3317E+02   -.3317E+02   -.3317E+02   -.3317E+02   -.3317E+02   -.3317E+02   -.3317E+02   -.3317E+02   -.3317E+02   -.3317E+02   -.3317E+02   -.3317E+02   -.3317E+02   -.3317E+02   -.3317E+02   -.3317E+02   -.3316E+02   -.3316E+02   -.3316E+02   -.3316E+02   -.3316E+02   -.3316E+02
0.1429E+06   0.3360E+01   -.3387E+02   -.3335E+02   -.3297E+02   -.3274E+02   -.3263E+02   -.3261E+02   -.3264E+02   -.3271E+02   -.3279E+02   -.3288E+02   -.3296E+02   -.3304E+02   -.3311E+02   -.3318E+02   -.3324E+02   -.3330E+02   -.3334E+02   -.3339E+02   -.3343E+02   -.3346E+02   -.3350E+02   -.3353E+02   -.3355E+02   -.3358E+02   -.3360E+02   -.3362E+02   -.3364E+02   -.3366E+02   -.3367E+02   -.3369E+02   -.3370E+02   -.3372E+02   -.3373E+02   -.3374E+02   -.3375E+02   -.3376E+02   -.3377E+02   -.3378E+02   -.3379E+02   -.3380E+02   -.3380E+02   -.3381E+02   -.3382E+02   -.3382E+02   -.3383E+02   -.3384E+02   -.3384E+02   -.3385E+02   -.3385E+02   -.3385E+02   -.3386E+02   -.3386E+02   -.3387E+02   -.3387E+02   -.3387E+02   -.3388E+02   -.3388E+02   -.3388E+02   -.3389E+02   -.3389E+02   -.3389E+02   -.3389E+02   -.3389E+02   -.3390E+02   -.3390E+02   -.3390E+02   -.3390E+02   -.3390E+02   -.3391E+02   -.3391E+02   -.3391E+02   -.3391E+02   -.3391E+02   -.3391E+02   -.3391E+02   -.3391E+02   -.3391E+02   -.3391E+02   -.3391E+02   -.3392E+02   -.3392E+02   -.3392E+02   -.3392E+02   -.3392E+02   -.3392E+02   -.3392E+02   -.3392E+02   -.3392E+02   -.3392E+02   -.3392E+02   -.3392E+02   -.3392E+02   -.3392E+02   -.3392E+02   -.3392E+02   -.3392E+02   -.3392E+02   -.3392E+02   -.3392E+02   -.3392E+02   -.3392E+02   -.3392E+02   -.3392E+02
0.3031E+05   0.3360E+01   -.3379E+02   -.3326E+02   -.3289E+02   -.3267E+02   -.3258E+02   -.3258E+02   -.3262E+02   -.3270E+02   -.3279E+02   -.3288E+02   -.3296E+02   -.3304E+02   -.3311E+02   -.3318E+02   -.3324E+02   -.3329E+02   -.3334E+02   -.3339E+02   -.3343E+02   -.3346E+02   -.3349E+02   -.3352E+02   -.3355E+02   -.3358E+02   -.3360E+02   -.3362E+02   -.3364E+02   -.3366E+02   -.3367E+02   -.3369E+02   -.3370E+02   -.3372E+02   -.3373E+02   -.3374E+02   -.3375E+02   -.3376E+02   -.3377E+02   -.3378E+02   -.3379E+02   -.3379E+02   -.3380E+02   -.3381E+02   -.3382E+02   -.3382E+02   -.3383E+02   -.3383E+02   -.3384E+02   -.3384E+02   -.3385E+02   -.3385E+02   -.3386E+02   -.3386E+02   -.3387E+02   -.3387E+02   -.3387E+02   -.3388E+02   -.3388E+02   -.3388E+02   -.3388E+02   -.3389E+02   -.3389E+02   -.3389E+02   -.3389E+02   -.3390E+02   -.3390E+02   -.3390E+02   -.3390E+02   -.3390E+02   -.3390E+02   -.3391E+02   -.3391E+02   -.3391E+02   -.3391E+02   -.3391E+02   -.3391E+02   -.3391E+02   -.3391E+02   -.3391E+02   -.3391E+02   -.3391E+02   -.3391E+02   -.3392E+02   -.3392E+02   -.3392E+02   -.3392E+02   -.3392E+02   -.3392E+02   -.3392E+02   -.3392E+02   -.3392E+02   -.3392E+02   -.3392E+02   -.3392E+02   -.3392E+02   -.3392E+02   -.3392E+02   -.3392E+02   -.3392E+02   -.3392E+02   -.3392E+02   -.3392E+02   -.3392E+02   -.3392E+02
0.4637E+05   0.3536E+01   -.3409E+02   -.3365E+02   -.3333E+02   -.3312E+02   -.3302E+02   -.3300E+02   -.3303E+02   -.3309E+02   -.3317E+02   -.3326E+02   -.3334E+02   -.3342E+02   -.3349E+02   -.3356E+02   -.3363E+02   -.3368E+02   -.3374E+02   -.3378E+02   -.3383E+02   -.3387E+02   -.3390E+02   -.3393E+02   -.3396E+02   -.3399E+02   -.3402E+02   -.3404E+02   -.3406E+02   -.3408E+02   -.3410E+02   -.3412E+02   -.3414E+02   -.3415E+02   -.3417E+02   -.3418E+02   -.3420E+02   -.3421E+02   -.3422E+02   -.3423E+02   -.3424E+02   -.3425E+02   -.3426E+02   -.3427E+02   -.3428E+02   -.3428E+02   -.3429E+02   -.3430E+02   -.3430E+02   -.3431E+02   -.3432E+02   -.3432E+02   -.3433E+02   -.3433E+02   -.3434E+02   -.3434E+02   -.3435E+02   -.3435E+02   -.3435E+02   -.3436E+02   -.3436E+02   -.3437E+02   -.3437E+02   -.3437E+02   -.3437E+02   -.3438E+02   -.3438E+02   -.3438E+02   -.3438E+02   -.3439E+02   -.3439E+02   -.3439E+02   -.3439E+02   -.3439E+02   -.3440E+02   -.3440E+02   -.3440E+02   -.3440E+02   -.3440E+02   -.3440E+02   -.3440E+02   -.3440E+02   -.3441E+02   -.3441E+02   -.3441E+02   -.3441E+02   -.3441E+02   -.3441E+02   -.3441E+02   -.3441E+02   -.3441E+02   -.3441E+02   -.3441E+02   -.3441E+02   -.3441E+02   -.3441E+02   -.3441E+02   -.3441E+02   -.3441E+02   -.3441E+02   -.3441E+02   -.3441E+02   -.3441E+02   -.3441E+02   -.3441E+02
0.4100E+05   0.3536E+01   -.3403E+02   -.3358E+02   -.3326E+02   -.3307E+02   -.3298E+02   -.3297E+02   -.3301E+02   -.3308E+02   -.3317E+02   -.3325E+02   -.3334E+02   -.3342E+02   -.3349E+02   -.3356E+02   -.3363E+02   -.3368E+02   -.3374E+02   -.3378E+02   -.3383E+02   -.3386E+02   -.3390E+02   -.3393E+02   -.3396E+02   -.3399E+02   -.3402E+02   -.3404E+02   -.3406E+02   -.3408E+02   -.3410E+02   -.3412E+02   -.3414E+02   -.3415E+02   -.3417E+02   -.3418E+02   -.3419E+02   -.3421E+02   -.3422E+02   -.3423E+02   -.3424E+02   -.3425E+02   -.3426E+02   -.3427E+02   -.3427E+02   -.3428E+02   -.3429E+02   -.3430E+02   -.3430E+02   -.3431E+02   -.3432E+02   -.3432E+02   -.3433E+02   -.3433E+02   -.3434E+02   -.3434E+02   -.3435E+02   -.3435E+02   -.3435E+02   -.3436E+02   -.3436E+02   -.3436E+02   -.3437E+02   -.3437E+02   -.3437E+02   -.3438E+02   -.3438E+02   -.3438E+02   -.3438E+02   -.3439E+02   -.3439E+02   -.3439E+02   -.3439E+02   -.3439E+02   -.3440E+02   -.3440E+02   -.3440E+02   -.3440E+02   -.3440E+02   -.3440E+02   -.3440E+02   -.3440E+02   -.3440E+02   -.3441E+02   -.3441E+02   -.3441E+02   -.3441E+02   -.3441E+02   -.3441E+02   -.3441E+02   -.3441E+02   -.3441E+02   -.3441E+02   -.3441E+02   -.3441E+02   -.3441E+02   -.3441E+02   -.3441E+02   -.3441E+02   -.3441E+02   -.3441E+02   -.3441E+02   -.3441E+02   -.3441E+02   -.3441E+02
