0.6875E+04   0.9000E+00   0.0000E+00   0.0000E+00   0.0000E+00   0.0000E+00   0.0000E+00   0.0000E+00   0.0000E+00   0.0000E+00   0.0000E+00   0.0000E+00   0.0000E+00   0.0000E+00   0.0000E+00   0.0000E+00   0.0000E+00   0.0000E+00   0.0000E+00   0.0000E+00   0.0000E+00   0.0000E+00   0.0000E+00   0.0000E+00   0.0000E+00   0.0000E+00   0.0000E+00   0.0000E+00   0.0000E+00   0.0000E+00   0.0000E+00   0.0000E+00   0.0000E+00   0.0000E+00   0.0000E+00   0.0000E+00   0.0000E+00   0.0000E+00   0.0000E+00   0.0000E+00   0.0000E+00   0.0000E+00   0.0000E+00   0.0000E+00   0.0000E+00   0.0000E+00   0.0000E+00   0.0000E+00   0.0000E+00   0.0000E+00   0.0000E+00   0.0000E+00   0.0000E+00   0.0000E+00   0.0000E+00   0.0000E+00   0.0000E+00   0.0000E+00   0.0000E+00   0.0000E+00   0.0000E+00   0.0000E+00   0.0000E+00   0.0000E+00   0.0000E+00   0.0000E+00   0.0000E+00   0.0000E+00   0.0000E+00   0.0000E+00   0.0000E+00   0.0000E+00   0.0000E+00   0.0000E+00   0.0000E+00   0.0000E+00   0.0000E+00   0.0000E+00   0.0000E+00   0.0000E+00   0.0000E+00   0.0000E+00   0.0000E+00   0.0000E+00   0.0000E+00   0.0000E+00   0.0000E+00   0.0000E+00   0.0000E+00   0.0000E+00   0.0000E+00   0.0000E+00   0.0000E+00   0.0000E+00   0.0000E+00   0.0000E+00   0.0000E+00   0.0000E+00   0.0000E+00   0.0000E+00   0.0000E+00   0.0000E+00   0.0000E+00   0.0000E+00   0.0000E+00
0.8490E+04   0.9000E+00   0.0000E+00   0.0000E+00   0.0000E+00   0.0000E+00   0.0000E+00   0.0000E+00   0.0000E+00   0.0000E+00   0.0000E+00   0.0000E+00   0.0000E+00   0.0000E+00   0.0000E+00   0.0000E+00   0.0000E+00   0.0000E+00   0.0000E+00   0.0000E+00   0.0000E+00   0.0000E+00   0.0000E+00   0.0000E+00   0.0000E+00   0.0000E+00   0.0000E+00   0.0000E+00   0.0000E+00   0.0000E+00   0.0000E+00   0.0000E+00   0.0000E+00   0.0000E+00   0.0000E+00   0.0000E+00   0.0000E+00   0.0000E+00   0.0000E+00   0.0000E+00   0.0000E+00   0.0000E+00   0.0000E+00   0.0000E+00   0.0000E+00   0.0000E+00   0.0000E+00   0.0000E+00   0.0000E+00   0.0000E+00   0.0000E+00   0.0000E+00   0.0000E+00   0.0000E+00   0.0000E+00   0.0000E+00   0.0000E+00   0.0000E+00   0.0000E+00   0.0000E+00   0.0000E+00   0.0000E+00   0.0000E+00   0.0000E+00   0.0000E+00   0.0000E+00   0.0000E+00   0.0000E+00   0.0000E+00   0.0000E+00   0.0000E+00   0.0000E+00   0.0000E+00   0.0000E+00   0.0000E+00   0.0000E+00   0.0000E+00   0.0000E+00   0.0000E+00   0.0000E+00   0.0000E+00   0.0000E+00   0.0000E+00   0.0000E+00   0.0000E+00   0.0000E+00   0.0000E+00   0.0000E+00   0.0000E+00   0.0000E+00   0.0000E+00   0.0000E+00   0.0000E+00   0.0000E+00   0.0000E+00   0.0000E+00   0.0000E+00   0.0000E+00   0.0000E+00   0.0000E+00   0.0000E+00   0.0000E+00   0.0000E+00   0.0000E+00   0.0000E+00
0.8507E+04   0.9500E+00   0.0000E+00   0.0000E+00   0.0000E+00   0.0000E+00   0.0000E+00   0.0000E+00   0.0000E+00   0.0000E+00   0.0000E+00   0.0000E+00   0.0000E+00   0.0000E+00   0.0000E+00   0.0000E+00   0.0000E+00   0.0000E+00   0.0000E+00   0.0000E+00   0.0000E+00   0.0000E+00   0.0000E+00   0.0000E+00   0.0000E+00   0.0000E+00   0.0000E+00   0.0000E+00   0.0000E+00   0.0000E+00   0.0000E+00   0.0000E+00   0.0000E+00   0.0000E+00   0.0000E+00   0.0000E+00   0.0000E+00   0.0000E+00   0.0000E+00   0.0000E+00   0.0000E+00   0.0000E+00   0.0000E+00   0.0000E+00   0.0000E+00   0.0000E+00   0.0000E+00   0.0000E+00   0.0000E+00   0.0000E+00   0.0000E+00   0.0000E+00   0.0000E+00   0.0000E+00   0.0000E+00   0.0000E+00   0.0000E+00   0.0000E+00   0.0000E+00   0.0000E+00   0.0000E+00   0.0000E+00   0.0000E+00   0.0000E+00   0.0000E+00   0.0000E+00   0.0000E+00   0.0000E+00   0.0000E+00   0.0000E+00   0.0000E+00   0.0000E+00   0.0000E+00   0.0000E+00   0.0000E+00   0.0000E+00   0.0000E+00   0.0000E+00   0.0000E+00   0.0000E+00   0.0000E+00   0.0000E+00   0.0000E+00   0.0000E+00   0.0000E+00   0.0000E+00   0.0000E+00   0.0000E+00   0.0000E+00   0.0000E+00   0.0000E+00   0.0000E+00   0.0000E+00   0.0000E+00   0.0000E+00   0.0000E+00   0.0000E+00   0.0000E+00   0.0000E+00   0.0000E+00   0.0000E+00   0.0000E+00   0.0000E+00   0.0000E+00   0.0000E+00
0.1100E+05   0.9500E+00   0.0000E+00   0.0000E+00   0.0000E+00   0.0000E+00   0.0000E+00   0.0000E+00   0.0000E+00   0.0000E+00   0.0000E+00   0.0000E+00   0.0000E+00   0.0000E+00   0.0000E+00   0.0000E+00   0.0000E+00   0.0000E+00   0.0000E+00   0.0000E+00   0.0000E+00   0.0000E+00   0.0000E+00   0.0000E+00   0.0000E+00   0.0000E+00   0.0000E+00   0.0000E+00   0.0000E+00   0.0000E+00   0.0000E+00   0.0000E+00   0.0000E+00   0.0000E+00   0.0000E+00   0.0000E+00   0.0000E+00   0.0000E+00   0.0000E+00   0.0000E+00   0.0000E+00   0.0000E+00   0.0000E+00   0.0000E+00   0.0000E+00   0.0000E+00   0.0000E+00   0.0000E+00   0.0000E+00   0.0000E+00   0.0000E+00   0.0000E+00   0.0000E+00   0.0000E+00   0.0000E+00   0.0000E+00   0.0000E+00   0.0000E+00   0.0000E+00   0.0000E+00   0.0000E+00   0.0000E+00   0.0000E+00   0.0000E+00   0.0000E+00   0.0000E+00   0.0000E+00   0.0000E+00   0.0000E+00   0.0000E+00   0.0000E+00   0.0000E+00   0.0000E+00   0.0000E+00   0.0000E+00   0.0000E+00   0.0000E+00   0.0000E+00   0.0000E+00   0.0000E+00   0.0000E+00   0.0000E+00   0.0000E+00   0.0000E+00   0.0000E+00   0.0000E+00   0.0000E+00   0.0000E+00   0.0000E+00   0.0000E+00   0.0000E+00   0.0000E+00   0.0000E+00   0.0000E+00   0.0000E+00   0.0000E+00   0.0000E+00   0.0000E+00   0.0000E+00   0.0000E+00   0.0000E+00   0.0000E+00   0.0000E+00   0.0000E+00   0.0000E+00
0.8543E+04   0.1000E+01   -.3579E+02   -.4033E+02   -.3728E+02   -.3787E+02   -.3632E+02   -.3569E+02   -.3467E+02   -.3395E+02   -.3322E+02   -.3261E+02   -.3204E+02   -.3153E+02   -.3108E+02   -.3063E+02   -.3023E+02   -.2986E+02   -.2949E+02   -.2914E+02   -.2882E+02   -.2849E+02   -.2821E+02   -.2792E+02   -.2765E+02   -.2738E+02   -.2714E+02   -.2692E+02   -.2669E+02   -.2649E+02   -.2629E+02   -.2610E+02   -.2593E+02   -.2577E+02   -.2560E+02   -.2544E+02   -.2530E+02   -.2515E+02   -.2502E+02   -.2488E+02   -.2475E+02   -.2463E+02   -.2451E+02   -.2439E+02   -.2428E+02   -.2418E+02   -.2407E+02   -.2397E+02   -.2388E+02   -.2378E+02   -.2370E+02   -.2361E+02   -.2353E+02   -.2345E+02   -.2337E+02   -.2330E+02   -.2323E+02   -.2317E+02   -.2311E+02   -.2304E+02   -.2298E+02   -.2293E+02   -.2286E+02   -.2281E+02   -.2276E+02   -.2271E+02   -.2266E+02   -.2261E+02   -.2256E+02   -.2252E+02   -.2247E+02   -.2243E+02   -.2239E+02   -.2235E+02   -.2232E+02   -.2228E+02   -.2224E+02   -.2221E+02   -.2218E+02   -.2215E+02   -.2212E+02   -.2209E+02   -.2206E+02   -.2203E+02   -.2201E+02   -.2198E+02   -.2196E+02   -.2193E+02   -.2191E+02   -.2189E+02   -.2186E+02   -.2184E+02   -.2182E+02   -.2180E+02   -.2178E+02   -.2176E+02   -.2172E+02   -.2170E+02   -.2168E+02   -.2167E+02   -.2163E+02   -.2161E+02   -.2160E+02   -.2158E+02   -.2158E+02
0.8525E+04   0.1000E+01   -.4289E+02   -.4038E+02   -.4192E+02   -.3996E+02   -.3940E+02   -.3814E+02   -.3733E+02   -.3647E+02   -.3577E+02   -.3513E+02   -.3456E+02   -.3402E+02   -.3355E+02   -.3309E+02   -.3266E+02   -.3227E+02   -.3186E+02   -.3151E+02   -.3115E+02   -.3080E+02   -.3052E+02   -.3019E+02   -.2991E+02   -.2963E+02   -.2938E+02   -.2916E+02   -.2892E+02   -.2869E+02   -.2849E+02   -.2829E+02   -.2810E+02   -.2793E+02   -.2776E+02   -.2759E+02   -.2744E+02   -.2729E+02   -.2714E+02   -.2701E+02   -.2687E+02   -.2674E+02   -.2663E+02   -.2650E+02   -.2639E+02   -.2629E+02   -.2617E+02   -.2608E+02   -.2598E+02   -.2588E+02   -.2581E+02   -.2572E+02   -.2563E+02   -.2556E+02   -.2548E+02   -.2541E+02   -.2534E+02   -.2527E+02   -.2521E+02   -.2514E+02   -.2507E+02   -.2502E+02   -.2496E+02   -.2490E+02   -.2485E+02   -.2481E+02   -.2475E+02   -.2470E+02   -.2466E+02   -.2461E+02   -.2457E+02   -.2453E+02   -.2449E+02   -.2445E+02   -.2441E+02   -.2437E+02   -.2435E+02   -.2431E+02   -.2428E+02   -.2425E+02   -.2422E+02   -.2419E+02   -.2416E+02   -.2413E+02   -.2410E+02   -.2408E+02   -.2405E+02   -.2403E+02   -.2401E+02   -.2398E+02   -.2396E+02   -.2394E+02   -.2392E+02   -.2390E+02   -.2387E+02   -.2386E+02   -.2381E+02   -.2379E+02   -.2378E+02   -.2376E+02   -.2372E+02   -.2371E+02   -.2370E+02   -.2368E+02   -.2368E+02
0.1432E+06   0.1088E+01   -.3962E+02   -.4157E+02   -.3952E+02   -.3893E+02   -.3741E+02   -.3627E+02   -.3506E+02   -.3403E+02   -.3308E+02   -.3225E+02   -.3150E+02   -.3088E+02   -.3029E+02   -.2981E+02   -.2931E+02   -.2892E+02   -.2847E+02   -.2814E+02   -.2785E+02   -.2755E+02   -.2726E+02   -.2699E+02   -.2673E+02   -.2653E+02   -.2624E+02   -.2609E+02   -.2585E+02   -.2565E+02   -.2547E+02   -.2527E+02   -.2516E+02   -.2495E+02   -.2481E+02   -.2467E+02   -.2449E+02   -.2435E+02   -.2424E+02   -.2408E+02   -.2397E+02   -.2383E+02   -.2373E+02   -.2362E+02   -.2350E+02   -.2339E+02   -.2330E+02   -.2318E+02   -.2309E+02   -.2301E+02   -.2290E+02   -.2284E+02   -.2275E+02   -.2268E+02   -.2260E+02   -.2253E+02   -.2245E+02   -.2238E+02   -.2233E+02   -.2226E+02   -.2219E+02   -.2215E+02   -.2208E+02   -.2202E+02   -.2198E+02   -.2192E+02   -.2186E+02   -.2183E+02   -.2177E+02   -.2172E+02   -.2169E+02   -.2164E+02   -.2162E+02   -.2157E+02   -.2153E+02   -.2151E+02   -.2146E+02   -.2142E+02   -.2140E+02   -.2136E+02   -.2134E+02   -.2131E+02   -.2127E+02   -.2125E+02   -.2123E+02   -.2120E+02   -.2117E+02   -.2115E+02   -.2112E+02   -.2111E+02   -.2108E+02   -.2106E+02   -.2105E+02   -.2102E+02   -.2100E+02   -.2099E+02   -.2093E+02   -.2092E+02   -.2091E+02   -.2089E+02   -.2085E+02   -.2084E+02   -.2083E+02   -.2081E+02   -.2081E+02
0.3061E+05   0.1088E+01   -.4306E+02   -.4176E+02   -.4163E+02   -.3991E+02   -.3871E+02   -.3732E+02   -.3615E+02   -.3506E+02   -.3410E+02   -.3326E+02   -.3249E+02   -.3179E+02   -.3116E+02   -.3057E+02   -.3003E+02   -.2954E+02   -.2905E+02   -.2872E+02   -.2844E+02   -.2813E+02   -.2779E+02   -.2763E+02   -.2729E+02   -.2706E+02   -.2686E+02   -.2659E+02   -.2640E+02   -.2620E+02   -.2604E+02   -.2587E+02   -.2564E+02   -.2550E+02   -.2535E+02   -.2514E+02   -.2508E+02   -.2488E+02   -.2476E+02   -.2464E+02   -.2446E+02   -.2434E+02   -.2424E+02   -.2408E+02   -.2404E+02   -.2390E+02   -.2375E+02   -.2371E+02   -.2358E+02   -.2350E+02   -.2343E+02   -.2331E+02   -.2326E+02   -.2317E+02   -.2307E+02   -.2304E+02   -.2294E+02   -.2286E+02   -.2282E+02   -.2274E+02   -.2267E+02   -.2263E+02   -.2256E+02   -.2253E+02   -.2246E+02   -.2240E+02   -.2237E+02   -.2230E+02   -.2225E+02   -.2223E+02   -.2217E+02   -.2212E+02   -.2210E+02   -.2205E+02   -.2201E+02   -.2198E+02   -.2194E+02   -.2191E+02   -.2188E+02   -.2183E+02   -.2181E+02   -.2178E+02   -.2176E+02   -.2173E+02   -.2170E+02   -.2168E+02   -.2165E+02   -.2162E+02   -.2160E+02   -.2158E+02   -.2155E+02   -.2153E+02   -.2152E+02   -.2149E+02   -.2148E+02   -.2146E+02   -.2140E+02   -.2139E+02   -.2138E+02   -.2136E+02   -.2132E+02   -.2131E+02   -.2129E+02   -.2129E+02   -.2129E+02
0.3060E+05   0.1179E+01   -.4535E+02   -.4618E+02   -.4517E+02   -.4426E+02   -.4304E+02   -.4192E+02   -.4079E+02   -.3977E+02   -.3882E+02   -.3798E+02   -.3722E+02   -.3652E+02   -.3590E+02   -.3533E+02   -.3480E+02   -.3432E+02   -.3386E+02   -.3345E+02   -.3306E+02   -.3269E+02   -.3236E+02   -.3203E+02   -.3174E+02   -.3144E+02   -.3118E+02   -.3093E+02   -.3069E+02   -.3045E+02   -.3024E+02   -.3003E+02   -.2984E+02   -.2964E+02   -.2946E+02   -.2928E+02   -.2913E+02   -.2901E+02   -.2889E+02   -.2878E+02   -.2864E+02   -.2853E+02   -.2845E+02   -.2835E+02   -.2826E+02   -.2818E+02   -.2809E+02   -.2801E+02   -.2792E+02   -.2785E+02   -.2778E+02   -.2772E+02   -.2765E+02   -.2759E+02   -.2753E+02   -.2745E+02   -.2739E+02   -.2735E+02   -.2729E+02   -.2724E+02   -.2717E+02   -.2715E+02   -.2709E+02   -.2705E+02   -.2700E+02   -.2695E+02   -.2692E+02   -.2687E+02   -.2684E+02   -.2679E+02   -.2677E+02   -.2673E+02   -.2668E+02   -.2666E+02   -.2662E+02   -.2660E+02   -.2657E+02   -.2655E+02   -.2651E+02   -.2648E+02   -.2646E+02   -.2643E+02   -.2642E+02   -.2638E+02   -.2637E+02   -.2634E+02   -.2632E+02   -.2630E+02   -.2628E+02   -.2626E+02   -.2624E+02   -.2623E+02   -.2621E+02   -.2620E+02   -.2617E+02   -.2616E+02   -.2612E+02   -.2611E+02   -.2610E+02   -.2608E+02   -.2605E+02   -.2604E+02   -.2603E+02   -.2601E+02   -.2601E+02
0.1432E+06   0.1179E+01   -.4578E+02   -.4545E+02   -.4529E+02   -.4425E+02   -.4323E+02   -.4205E+02   -.4098E+02   -.3995E+02   -.3903E+02   -.3819E+02   -.3743E+02   -.3673E+02   -.3611E+02   -.3553E+02   -.3501E+02   -.3453E+02   -.3407E+02   -.3365E+02   -.3326E+02   -.3289E+02   -.3255E+02   -.3224E+02   -.3193E+02   -.3164E+02   -.3138E+02   -.3112E+02   -.3088E+02   -.3064E+02   -.3043E+02   -.3022E+02   -.3002E+02   -.2984E+02   -.2966E+02   -.2949E+02   -.2935E+02   -.2924E+02   -.2909E+02   -.2898E+02   -.2888E+02   -.2877E+02   -.2869E+02   -.2858E+02   -.2848E+02   -.2839E+02   -.2831E+02   -.2824E+02   -.2816E+02   -.2809E+02   -.2800E+02   -.2794E+02   -.2788E+02   -.2781E+02   -.2776E+02   -.2769E+02   -.2764E+02   -.2758E+02   -.2751E+02   -.2747E+02   -.2742E+02   -.2738E+02   -.2733E+02   -.2727E+02   -.2723E+02   -.2718E+02   -.2715E+02   -.2711E+02   -.2708E+02   -.2703E+02   -.2699E+02   -.2696E+02   -.2692E+02   -.2689E+02   -.2686E+02   -.2683E+02   -.2680E+02   -.2678E+02   -.2674E+02   -.2672E+02   -.2669E+02   -.2667E+02   -.2665E+02   -.2662E+02   -.2660E+02   -.2658E+02   -.2656E+02   -.2654E+02   -.2652E+02   -.2650E+02   -.2648E+02   -.2647E+02   -.2645E+02   -.2643E+02   -.2641E+02   -.2640E+02   -.2636E+02   -.2635E+02   -.2633E+02   -.2632E+02   -.2628E+02   -.2628E+02   -.2626E+02   -.2625E+02   -.2625E+02
0.1432E+06   0.1273E+01   -.4557E+02   -.4613E+02   -.4732E+02   -.4754E+02   -.4745E+02   -.4704E+02   -.4646E+02   -.4579E+02   -.4509E+02   -.4437E+02   -.4366E+02   -.4298E+02   -.4233E+02   -.4173E+02   -.4116E+02   -.4063E+02   -.4014E+02   -.3967E+02   -.3924E+02   -.3884E+02   -.3847E+02   -.3813E+02   -.3781E+02   -.3750E+02   -.3722E+02   -.3696E+02   -.3671E+02   -.3647E+02   -.3625E+02   -.3604E+02   -.3584E+02   -.3565E+02   -.3547E+02   -.3530E+02   -.3513E+02   -.3497E+02   -.3483E+02   -.3469E+02   -.3456E+02   -.3443E+02   -.3431E+02   -.3420E+02   -.3409E+02   -.3398E+02   -.3388E+02   -.3378E+02   -.3369E+02   -.3360E+02   -.3352E+02   -.3344E+02   -.3336E+02   -.3328E+02   -.3321E+02   -.3314E+02   -.3307E+02   -.3301E+02   -.3295E+02   -.3289E+02   -.3283E+02   -.3277E+02   -.3272E+02   -.3267E+02   -.3262E+02   -.3257E+02   -.3252E+02   -.3247E+02   -.3243E+02   -.3239E+02   -.3234E+02   -.3230E+02   -.3226E+02   -.3223E+02   -.3219E+02   -.3216E+02   -.3212E+02   -.3209E+02   -.3206E+02   -.3203E+02   -.3200E+02   -.3197E+02   -.3194E+02   -.3192E+02   -.3189E+02   -.3187E+02   -.3184E+02   -.3182E+02   -.3180E+02   -.3178E+02   -.3176E+02   -.3174E+02   -.3172E+02   -.3170E+02   -.3168E+02   -.3166E+02   -.3162E+02   -.3160E+02   -.3159E+02   -.3157E+02   -.3154E+02   -.3153E+02   -.3151E+02   -.3150E+02   -.3150E+02
0.3058E+05   0.1273E+01   -.4545E+02   -.4727E+02   -.4768E+02   -.4784E+02   -.4758E+02   -.4711E+02   -.4649E+02   -.4580E+02   -.4507E+02   -.4435E+02   -.4363E+02   -.4294E+02   -.4229E+02   -.4169E+02   -.4112E+02   -.4060E+02   -.4010E+02   -.3964E+02   -.3921E+02   -.3880E+02   -.3844E+02   -.3809E+02   -.3777E+02   -.3747E+02   -.3719E+02   -.3693E+02   -.3668E+02   -.3644E+02   -.3622E+02   -.3600E+02   -.3581E+02   -.3561E+02   -.3543E+02   -.3526E+02   -.3510E+02   -.3494E+02   -.3479E+02   -.3465E+02   -.3452E+02   -.3439E+02   -.3427E+02   -.3416E+02   -.3405E+02   -.3394E+02   -.3384E+02   -.3375E+02   -.3366E+02   -.3357E+02   -.3348E+02   -.3340E+02   -.3332E+02   -.3324E+02   -.3317E+02   -.3310E+02   -.3303E+02   -.3297E+02   -.3290E+02   -.3284E+02   -.3279E+02   -.3273E+02   -.3268E+02   -.3262E+02   -.3257E+02   -.3252E+02   -.3248E+02   -.3243E+02   -.3238E+02   -.3234E+02   -.3230E+02   -.3226E+02   -.3222E+02   -.3218E+02   -.3214E+02   -.3211E+02   -.3208E+02   -.3204E+02   -.3201E+02   -.3198E+02   -.3195E+02   -.3192E+02   -.3190E+02   -.3187E+02   -.3184E+02   -.3182E+02   -.3180E+02   -.3177E+02   -.3175E+02   -.3173E+02   -.3171E+02   -.3169E+02   -.3167E+02   -.3165E+02   -.3163E+02   -.3161E+02   -.3157E+02   -.3155E+02   -.3154E+02   -.3152E+02   -.3149E+02   -.3148E+02   -.3146E+02   -.3145E+02   -.3145E+02
0.3056E+05   0.1371E+01   -.4407E+02   -.4598E+02   -.4730E+02   -.4815E+02   -.4870E+02   -.4904E+02   -.4922E+02   -.4926E+02   -.4920E+02   -.4906E+02   -.4887E+02   -.4862E+02   -.4835E+02   -.4805E+02   -.4773E+02   -.4742E+02   -.4709E+02   -.4675E+02   -.4641E+02   -.4606E+02   -.4572E+02   -.4538E+02   -.4506E+02   -.4475E+02   -.4445E+02   -.4417E+02   -.4389E+02   -.4362E+02   -.4337E+02   -.4312E+02   -.4289E+02   -.4267E+02   -.4246E+02   -.4226E+02   -.4207E+02   -.4189E+02   -.4172E+02   -.4156E+02   -.4141E+02   -.4127E+02   -.4113E+02   -.4100E+02   -.4087E+02   -.4075E+02   -.4064E+02   -.4053E+02   -.4043E+02   -.4032E+02   -.4023E+02   -.4014E+02   -.4005E+02   -.3996E+02   -.3988E+02   -.3980E+02   -.3973E+02   -.3965E+02   -.3958E+02   -.3952E+02   -.3946E+02   -.3940E+02   -.3934E+02   -.3928E+02   -.3923E+02   -.3917E+02   -.3912E+02   -.3908E+02   -.3903E+02   -.3898E+02   -.3894E+02   -.3890E+02   -.3886E+02   -.3882E+02   -.3878E+02   -.3875E+02   -.3871E+02   -.3868E+02   -.3865E+02   -.3862E+02   -.3859E+02   -.3856E+02   -.3853E+02   -.3850E+02   -.3848E+02   -.3846E+02   -.3843E+02   -.3841E+02   -.3839E+02   -.3836E+02   -.3834E+02   -.3832E+02   -.3830E+02   -.3829E+02   -.3827E+02   -.3825E+02   -.3821E+02   -.3819E+02   -.3818E+02   -.3816E+02   -.3813E+02   -.3812E+02   -.3810E+02   -.3809E+02   -.3809E+02
0.1432E+06   0.1371E+01   -.4406E+02   -.4541E+02   -.4695E+02   -.4792E+02   -.4858E+02   -.4898E+02   -.4919E+02   -.4925E+02   -.4921E+02   -.4907E+02   -.4888E+02   -.4864E+02   -.4838E+02   -.4808E+02   -.4776E+02   -.4745E+02   -.4713E+02   -.4679E+02   -.4645E+02   -.4610E+02   -.4576E+02   -.4543E+02   -.4511E+02   -.4480E+02   -.4450E+02   -.4421E+02   -.4394E+02   -.4367E+02   -.4341E+02   -.4317E+02   -.4294E+02   -.4272E+02   -.4251E+02   -.4231E+02   -.4212E+02   -.4194E+02   -.4177E+02   -.4161E+02   -.4146E+02   -.4131E+02   -.4117E+02   -.4104E+02   -.4091E+02   -.4079E+02   -.4068E+02   -.4057E+02   -.4046E+02   -.4036E+02   -.4027E+02   -.4017E+02   -.4009E+02   -.4000E+02   -.3992E+02   -.3984E+02   -.3976E+02   -.3969E+02   -.3962E+02   -.3956E+02   -.3949E+02   -.3943E+02   -.3938E+02   -.3932E+02   -.3927E+02   -.3921E+02   -.3916E+02   -.3912E+02   -.3907E+02   -.3902E+02   -.3898E+02   -.3894E+02   -.3890E+02   -.3886E+02   -.3882E+02   -.3879E+02   -.3875E+02   -.3872E+02   -.3869E+02   -.3866E+02   -.3863E+02   -.3860E+02   -.3857E+02   -.3854E+02   -.3852E+02   -.3849E+02   -.3847E+02   -.3845E+02   -.3843E+02   -.3840E+02   -.3838E+02   -.3836E+02   -.3834E+02   -.3833E+02   -.3831E+02   -.3829E+02   -.3825E+02   -.3823E+02   -.3822E+02   -.3820E+02   -.3817E+02   -.3816E+02   -.3814E+02   -.3813E+02   -.3813E+02
0.3054E+05   0.1472E+01   -.4259E+02   -.4408E+02   -.4540E+02   -.4632E+02   -.4708E+02   -.4769E+02   -.4820E+02   -.4862E+02   -.4896E+02   -.4923E+02   -.4945E+02   -.4961E+02   -.4971E+02   -.4976E+02   -.4979E+02   -.4979E+02   -.4977E+02   -.4975E+02   -.4972E+02   -.4967E+02   -.4961E+02   -.4954E+02   -.4946E+02   -.4937E+02   -.4927E+02   -.4918E+02   -.4908E+02   -.4898E+02   -.4888E+02   -.4878E+02   -.4869E+02   -.4860E+02   -.4851E+02   -.4842E+02   -.4833E+02   -.4824E+02   -.4816E+02   -.4808E+02   -.4799E+02   -.4791E+02   -.4783E+02   -.4775E+02   -.4767E+02   -.4760E+02   -.4753E+02   -.4746E+02   -.4739E+02   -.4733E+02   -.4726E+02   -.4720E+02   -.4714E+02   -.4709E+02   -.4703E+02   -.4698E+02   -.4693E+02   -.4688E+02   -.4683E+02   -.4679E+02   -.4674E+02   -.4670E+02   -.4666E+02   -.4661E+02   -.4657E+02   -.4653E+02   -.4650E+02   -.4646E+02   -.4642E+02   -.4639E+02   -.4636E+02   -.4632E+02   -.4629E+02   -.4626E+02   -.4623E+02   -.4621E+02   -.4618E+02   -.4615E+02   -.4613E+02   -.4610E+02   -.4608E+02   -.4606E+02   -.4603E+02   -.4601E+02   -.4599E+02   -.4597E+02   -.4595E+02   -.4593E+02   -.4591E+02   -.4589E+02   -.4587E+02   -.4585E+02   -.4584E+02   -.4582E+02   -.4580E+02   -.4579E+02   -.4575E+02   -.4574E+02   -.4573E+02   -.4571E+02   -.4568E+02   -.4567E+02   -.4566E+02   -.4565E+02   -.4565E+02
0.1431E+06   0.1472E+01   -.4250E+02   -.4398E+02   -.4524E+02   -.4625E+02   -.4701E+02   -.4764E+02   -.4816E+02   -.4860E+02   -.4894E+02   -.4921E+02   -.4943E+02   -.4960E+02   -.4971E+02   -.4976E+02   -.4979E+02   -.4979E+02   -.4977E+02   -.4976E+02   -.4973E+02   -.4968E+02   -.4962E+02   -.4955E+02   -.4947E+02   -.4938E+02   -.4929E+02   -.4919E+02   -.4909E+02   -.4899E+02   -.4889E+02   -.4880E+02   -.4870E+02   -.4861E+02   -.4852E+02   -.4843E+02   -.4834E+02   -.4826E+02   -.4817E+02   -.4809E+02   -.4801E+02   -.4792E+02   -.4785E+02   -.4777E+02   -.4769E+02   -.4761E+02   -.4754E+02   -.4747E+02   -.4740E+02   -.4734E+02   -.4727E+02   -.4721E+02   -.4715E+02   -.4710E+02   -.4704E+02   -.4699E+02   -.4694E+02   -.4689E+02   -.4684E+02   -.4680E+02   -.4675E+02   -.4671E+02   -.4667E+02   -.4662E+02   -.4658E+02   -.4654E+02   -.4651E+02   -.4647E+02   -.4643E+02   -.4640E+02   -.4637E+02   -.4633E+02   -.4630E+02   -.4627E+02   -.4624E+02   -.4622E+02   -.4619E+02   -.4616E+02   -.4614E+02   -.4611E+02   -.4609E+02   -.4607E+02   -.4604E+02   -.4602E+02   -.4600E+02   -.4598E+02   -.4596E+02   -.4594E+02   -.4592E+02   -.4590E+02   -.4588E+02   -.4587E+02   -.4585E+02   -.4583E+02   -.4582E+02   -.4580E+02   -.4577E+02   -.4575E+02   -.4574E+02   -.4572E+02   -.4569E+02   -.4568E+02   -.4567E+02   -.4566E+02   -.4566E+02
0.1431E+06   0.1578E+01   -.4114E+02   -.4245E+02   -.4351E+02   -.4441E+02   -.4511E+02   -.4568E+02   -.4616E+02   -.4657E+02   -.4692E+02   -.4723E+02   -.4750E+02   -.4774E+02   -.4795E+02   -.4814E+02   -.4831E+02   -.4846E+02   -.4860E+02   -.4873E+02   -.4885E+02   -.4897E+02   -.4907E+02   -.4916E+02   -.4924E+02   -.4932E+02   -.4938E+02   -.4943E+02   -.4948E+02   -.4952E+02   -.4955E+02   -.4959E+02   -.4962E+02   -.4964E+02   -.4966E+02   -.4968E+02   -.4969E+02   -.4970E+02   -.4971E+02   -.4971E+02   -.4971E+02   -.4971E+02   -.4970E+02   -.4970E+02   -.4969E+02   -.4968E+02   -.4967E+02   -.4966E+02   -.4965E+02   -.4964E+02   -.4963E+02   -.4962E+02   -.4961E+02   -.4960E+02   -.4958E+02   -.4957E+02   -.4956E+02   -.4955E+02   -.4954E+02   -.4953E+02   -.4952E+02   -.4951E+02   -.4950E+02   -.4949E+02   -.4948E+02   -.4947E+02   -.4946E+02   -.4946E+02   -.4945E+02   -.4944E+02   -.4943E+02   -.4942E+02   -.4942E+02   -.4941E+02   -.4940E+02   -.4939E+02   -.4939E+02   -.4938E+02   -.4937E+02   -.4936E+02   -.4936E+02   -.4935E+02   -.4934E+02   -.4933E+02   -.4933E+02   -.4932E+02   -.4931E+02   -.4931E+02   -.4930E+02   -.4929E+02   -.4929E+02   -.4928E+02   -.4927E+02   -.4927E+02   -.4926E+02   -.4926E+02   -.4924E+02   -.4924E+02   -.4923E+02   -.4923E+02   -.4922E+02   -.4921E+02   -.4921E+02   -.4920E+02   -.4920E+02
0.3053E+05   0.1578E+01   -.4128E+02   -.4253E+02   -.4365E+02   -.4449E+02   -.4517E+02   -.4572E+02   -.4619E+02   -.4659E+02   -.4694E+02   -.4724E+02   -.4751E+02   -.4775E+02   -.4796E+02   -.4815E+02   -.4832E+02   -.4847E+02   -.4861E+02   -.4874E+02   -.4886E+02   -.4897E+02   -.4907E+02   -.4916E+02   -.4924E+02   -.4932E+02   -.4938E+02   -.4943E+02   -.4948E+02   -.4952E+02   -.4955E+02   -.4958E+02   -.4961E+02   -.4964E+02   -.4966E+02   -.4968E+02   -.4969E+02   -.4970E+02   -.4970E+02   -.4971E+02   -.4971E+02   -.4970E+02   -.4970E+02   -.4969E+02   -.4969E+02   -.4968E+02   -.4967E+02   -.4966E+02   -.4965E+02   -.4964E+02   -.4963E+02   -.4961E+02   -.4960E+02   -.4959E+02   -.4958E+02   -.4957E+02   -.4956E+02   -.4955E+02   -.4953E+02   -.4952E+02   -.4951E+02   -.4950E+02   -.4949E+02   -.4949E+02   -.4948E+02   -.4947E+02   -.4946E+02   -.4945E+02   -.4944E+02   -.4943E+02   -.4943E+02   -.4942E+02   -.4941E+02   -.4940E+02   -.4940E+02   -.4939E+02   -.4938E+02   -.4937E+02   -.4937E+02   -.4936E+02   -.4935E+02   -.4934E+02   -.4934E+02   -.4933E+02   -.4932E+02   -.4931E+02   -.4931E+02   -.4930E+02   -.4929E+02   -.4929E+02   -.4928E+02   -.4927E+02   -.4927E+02   -.4926E+02   -.4926E+02   -.4925E+02   -.4924E+02   -.4923E+02   -.4923E+02   -.4922E+02   -.4921E+02   -.4920E+02   -.4920E+02   -.4920E+02   -.4920E+02
0.3051E+05   0.1687E+01   -.4013E+02   -.4117E+02   -.4210E+02   -.4283E+02   -.4344E+02   -.4395E+02   -.4439E+02   -.4478E+02   -.4513E+02   -.4543E+02   -.4571E+02   -.4596E+02   -.4618E+02   -.4638E+02   -.4656E+02   -.4672E+02   -.4687E+02   -.4700E+02   -.4711E+02   -.4722E+02   -.4732E+02   -.4741E+02   -.4749E+02   -.4757E+02   -.4765E+02   -.4772E+02   -.4778E+02   -.4784E+02   -.4789E+02   -.4794E+02   -.4799E+02   -.4803E+02   -.4807E+02   -.4810E+02   -.4814E+02   -.4817E+02   -.4820E+02   -.4823E+02   -.4826E+02   -.4828E+02   -.4831E+02   -.4833E+02   -.4835E+02   -.4837E+02   -.4839E+02   -.4841E+02   -.4843E+02   -.4844E+02   -.4846E+02   -.4847E+02   -.4849E+02   -.4850E+02   -.4851E+02   -.4852E+02   -.4853E+02   -.4854E+02   -.4855E+02   -.4856E+02   -.4857E+02   -.4858E+02   -.4858E+02   -.4859E+02   -.4860E+02   -.4861E+02   -.4861E+02   -.4862E+02   -.4863E+02   -.4863E+02   -.4864E+02   -.4864E+02   -.4865E+02   -.4865E+02   -.4866E+02   -.4866E+02   -.4866E+02   -.4867E+02   -.4867E+02   -.4867E+02   -.4868E+02   -.4868E+02   -.4868E+02   -.4868E+02   -.4869E+02   -.4869E+02   -.4869E+02   -.4869E+02   -.4870E+02   -.4870E+02   -.4870E+02   -.4870E+02   -.4870E+02   -.4871E+02   -.4871E+02   -.4871E+02   -.4871E+02   -.4871E+02   -.4871E+02   -.4871E+02   -.4872E+02   -.4872E+02   -.4872E+02   -.4872E+02   -.4872E+02
0.1431E+06   0.1687E+01   -.3997E+02   -.4109E+02   -.4199E+02   -.4276E+02   -.4339E+02   -.4391E+02   -.4436E+02   -.4476E+02   -.4511E+02   -.4542E+02   -.4570E+02   -.4595E+02   -.4617E+02   -.4637E+02   -.4655E+02   -.4672E+02   -.4686E+02   -.4699E+02   -.4711E+02   -.4722E+02   -.4732E+02   -.4741E+02   -.4749E+02   -.4757E+02   -.4765E+02   -.4772E+02   -.4778E+02   -.4784E+02   -.4789E+02   -.4794E+02   -.4799E+02   -.4803E+02   -.4807E+02   -.4811E+02   -.4814E+02   -.4817E+02   -.4820E+02   -.4823E+02   -.4826E+02   -.4828E+02   -.4831E+02   -.4833E+02   -.4835E+02   -.4837E+02   -.4839E+02   -.4841E+02   -.4843E+02   -.4844E+02   -.4846E+02   -.4847E+02   -.4849E+02   -.4850E+02   -.4851E+02   -.4852E+02   -.4853E+02   -.4854E+02   -.4855E+02   -.4856E+02   -.4857E+02   -.4858E+02   -.4859E+02   -.4859E+02   -.4860E+02   -.4861E+02   -.4862E+02   -.4862E+02   -.4863E+02   -.4863E+02   -.4864E+02   -.4864E+02   -.4865E+02   -.4865E+02   -.4866E+02   -.4866E+02   -.4867E+02   -.4867E+02   -.4867E+02   -.4868E+02   -.4868E+02   -.4868E+02   -.4868E+02   -.4869E+02   -.4869E+02   -.4869E+02   -.4869E+02   -.4870E+02   -.4870E+02   -.4870E+02   -.4870E+02   -.4870E+02   -.4871E+02   -.4871E+02   -.4871E+02   -.4871E+02   -.4871E+02   -.4871E+02   -.4872E+02   -.4872E+02   -.4872E+02   -.4872E+02   -.4872E+02   -.4872E+02   -.4872E+02
0.1431E+06   0.1800E+01   -.3897E+02   -.3991E+02   -.4066E+02   -.4131E+02   -.4186E+02   -.4233E+02   -.4275E+02   -.4312E+02   -.4345E+02   -.4375E+02   -.4402E+02   -.4426E+02   -.4448E+02   -.4468E+02   -.4486E+02   -.4503E+02   -.4518E+02   -.4532E+02   -.4544E+02   -.4555E+02   -.4566E+02   -.4575E+02   -.4584E+02   -.4593E+02   -.4601E+02   -.4608E+02   -.4615E+02   -.4622E+02   -.4628E+02   -.4634E+02   -.4639E+02   -.4644E+02   -.4648E+02   -.4653E+02   -.4657E+02   -.4661E+02   -.4665E+02   -.4668E+02   -.4671E+02   -.4675E+02   -.4678E+02   -.4680E+02   -.4683E+02   -.4686E+02   -.4688E+02   -.4690E+02   -.4693E+02   -.4695E+02   -.4697E+02   -.4699E+02   -.4700E+02   -.4702E+02   -.4704E+02   -.4705E+02   -.4707E+02   -.4708E+02   -.4709E+02   -.4710E+02   -.4712E+02   -.4713E+02   -.4714E+02   -.4715E+02   -.4716E+02   -.4716E+02   -.4717E+02   -.4718E+02   -.4719E+02   -.4720E+02   -.4720E+02   -.4721E+02   -.4722E+02   -.4722E+02   -.4723E+02   -.4723E+02   -.4724E+02   -.4724E+02   -.4725E+02   -.4725E+02   -.4726E+02   -.4726E+02   -.4726E+02   -.4727E+02   -.4727E+02   -.4727E+02   -.4728E+02   -.4728E+02   -.4728E+02   -.4729E+02   -.4729E+02   -.4729E+02   -.4729E+02   -.4729E+02   -.4730E+02   -.4730E+02   -.4730E+02   -.4730E+02   -.4730E+02   -.4731E+02   -.4731E+02   -.4731E+02   -.4731E+02   -.4731E+02   -.4731E+02
0.3049E+05   0.1800E+01   -.3912E+02   -.3999E+02   -.4074E+02   -.4137E+02   -.4190E+02   -.4236E+02   -.4277E+02   -.4314E+02   -.4347E+02   -.4377E+02   -.4403E+02   -.4427E+02   -.4449E+02   -.4469E+02   -.4487E+02   -.4504E+02   -.4519E+02   -.4532E+02   -.4544E+02   -.4556E+02   -.4566E+02   -.4576E+02   -.4585E+02   -.4593E+02   -.4601E+02   -.4609E+02   -.4615E+02   -.4622E+02   -.4628E+02   -.4634E+02   -.4639E+02   -.4644E+02   -.4648E+02   -.4653E+02   -.4657E+02   -.4661E+02   -.4664E+02   -.4668E+02   -.4671E+02   -.4674E+02   -.4677E+02   -.4680E+02   -.4683E+02   -.4686E+02   -.4688E+02   -.4690E+02   -.4693E+02   -.4695E+02   -.4697E+02   -.4698E+02   -.4700E+02   -.4702E+02   -.4703E+02   -.4705E+02   -.4706E+02   -.4708E+02   -.4709E+02   -.4710E+02   -.4711E+02   -.4712E+02   -.4713E+02   -.4714E+02   -.4715E+02   -.4716E+02   -.4717E+02   -.4718E+02   -.4719E+02   -.4720E+02   -.4720E+02   -.4721E+02   -.4722E+02   -.4722E+02   -.4723E+02   -.4723E+02   -.4724E+02   -.4724E+02   -.4725E+02   -.4725E+02   -.4726E+02   -.4726E+02   -.4726E+02   -.4727E+02   -.4727E+02   -.4727E+02   -.4728E+02   -.4728E+02   -.4728E+02   -.4728E+02   -.4729E+02   -.4729E+02   -.4729E+02   -.4729E+02   -.4729E+02   -.4730E+02   -.4730E+02   -.4730E+02   -.4730E+02   -.4730E+02   -.4731E+02   -.4731E+02   -.4731E+02   -.4731E+02   -.4731E+02
0.3048E+05   0.1917E+01   -.3825E+02   -.3895E+02   -.3955E+02   -.4008E+02   -.4054E+02   -.4095E+02   -.4132E+02   -.4166E+02   -.4197E+02   -.4225E+02   -.4251E+02   -.4274E+02   -.4295E+02   -.4314E+02   -.4332E+02   -.4348E+02   -.4362E+02   -.4376E+02   -.4388E+02   -.4399E+02   -.4410E+02   -.4419E+02   -.4428E+02   -.4437E+02   -.4445E+02   -.4452E+02   -.4459E+02   -.4466E+02   -.4472E+02   -.4478E+02   -.4483E+02   -.4488E+02   -.4493E+02   -.4497E+02   -.4502E+02   -.4506E+02   -.4510E+02   -.4513E+02   -.4517E+02   -.4520E+02   -.4523E+02   -.4526E+02   -.4529E+02   -.4532E+02   -.4535E+02   -.4537E+02   -.4540E+02   -.4542E+02   -.4544E+02   -.4546E+02   -.4548E+02   -.4550E+02   -.4552E+02   -.4553E+02   -.4555E+02   -.4557E+02   -.4558E+02   -.4559E+02   -.4561E+02   -.4562E+02   -.4563E+02   -.4564E+02   -.4566E+02   -.4567E+02   -.4568E+02   -.4569E+02   -.4570E+02   -.4570E+02   -.4571E+02   -.4572E+02   -.4573E+02   -.4574E+02   -.4574E+02   -.4575E+02   -.4576E+02   -.4576E+02   -.4577E+02   -.4577E+02   -.4578E+02   -.4578E+02   -.4579E+02   -.4579E+02   -.4580E+02   -.4580E+02   -.4580E+02   -.4581E+02   -.4581E+02   -.4581E+02   -.4582E+02   -.4582E+02   -.4582E+02   -.4583E+02   -.4583E+02   -.4583E+02   -.4584E+02   -.4584E+02   -.4584E+02   -.4584E+02   -.4585E+02   -.4585E+02   -.4585E+02   -.4585E+02   -.4585E+02
0.1431E+06   0.1917E+01   -.3812E+02   -.3888E+02   -.3950E+02   -.4004E+02   -.4051E+02   -.4093E+02   -.4130E+02   -.4164E+02   -.4195E+02   -.4224E+02   -.4249E+02   -.4273E+02   -.4294E+02   -.4313E+02   -.4331E+02   -.4347E+02   -.4362E+02   -.4375E+02   -.4388E+02   -.4399E+02   -.4409E+02   -.4419E+02   -.4428E+02   -.4437E+02   -.4445E+02   -.4452E+02   -.4459E+02   -.4466E+02   -.4472E+02   -.4478E+02   -.4483E+02   -.4488E+02   -.4493E+02   -.4497E+02   -.4502E+02   -.4506E+02   -.4510E+02   -.4513E+02   -.4517E+02   -.4520E+02   -.4523E+02   -.4526E+02   -.4529E+02   -.4532E+02   -.4535E+02   -.4537E+02   -.4540E+02   -.4542E+02   -.4544E+02   -.4546E+02   -.4548E+02   -.4550E+02   -.4552E+02   -.4553E+02   -.4555E+02   -.4557E+02   -.4558E+02   -.4560E+02   -.4561E+02   -.4562E+02   -.4563E+02   -.4565E+02   -.4566E+02   -.4567E+02   -.4568E+02   -.4569E+02   -.4570E+02   -.4571E+02   -.4571E+02   -.4572E+02   -.4573E+02   -.4574E+02   -.4574E+02   -.4575E+02   -.4576E+02   -.4576E+02   -.4577E+02   -.4577E+02   -.4578E+02   -.4578E+02   -.4579E+02   -.4579E+02   -.4580E+02   -.4580E+02   -.4580E+02   -.4581E+02   -.4581E+02   -.4582E+02   -.4582E+02   -.4582E+02   -.4582E+02   -.4583E+02   -.4583E+02   -.4583E+02   -.4584E+02   -.4584E+02   -.4584E+02   -.4584E+02   -.4585E+02   -.4585E+02   -.4585E+02   -.4585E+02   -.4585E+02
0.1431E+06   0.2039E+01   -.3739E+02   -.3798E+02   -.3847E+02   -.3891E+02   -.3931E+02   -.3967E+02   -.4001E+02   -.4032E+02   -.4061E+02   -.4087E+02   -.4111E+02   -.4133E+02   -.4153E+02   -.4172E+02   -.4189E+02   -.4204E+02   -.4218E+02   -.4231E+02   -.4243E+02   -.4254E+02   -.4264E+02   -.4274E+02   -.4283E+02   -.4291E+02   -.4299E+02   -.4306E+02   -.4313E+02   -.4319E+02   -.4325E+02   -.4331E+02   -.4336E+02   -.4341E+02   -.4346E+02   -.4351E+02   -.4355E+02   -.4359E+02   -.4363E+02   -.4366E+02   -.4370E+02   -.4373E+02   -.4376E+02   -.4380E+02   -.4382E+02   -.4385E+02   -.4388E+02   -.4390E+02   -.4393E+02   -.4395E+02   -.4397E+02   -.4400E+02   -.4402E+02   -.4403E+02   -.4405E+02   -.4407E+02   -.4409E+02   -.4410E+02   -.4412E+02   -.4413E+02   -.4415E+02   -.4416E+02   -.4417E+02   -.4419E+02   -.4420E+02   -.4421E+02   -.4422E+02   -.4423E+02   -.4424E+02   -.4425E+02   -.4426E+02   -.4427E+02   -.4428E+02   -.4428E+02   -.4429E+02   -.4430E+02   -.4431E+02   -.4431E+02   -.4432E+02   -.4432E+02   -.4433E+02   -.4433E+02   -.4434E+02   -.4434E+02   -.4435E+02   -.4435E+02   -.4436E+02   -.4436E+02   -.4437E+02   -.4437E+02   -.4437E+02   -.4438E+02   -.4438E+02   -.4438E+02   -.4439E+02   -.4439E+02   -.4439E+02   -.4440E+02   -.4440E+02   -.4440E+02   -.4441E+02   -.4441E+02   -.4441E+02   -.4441E+02   -.4441E+02
0.3046E+05   0.2039E+01   -.3749E+02   -.3803E+02   -.3851E+02   -.3894E+02   -.3933E+02   -.3969E+02   -.4003E+02   -.4034E+02   -.4062E+02   -.4089E+02   -.4113E+02   -.4134E+02   -.4154E+02   -.4173E+02   -.4189E+02   -.4205E+02   -.4219E+02   -.4232E+02   -.4244E+02   -.4254E+02   -.4265E+02   -.4274E+02   -.4283E+02   -.4291E+02   -.4299E+02   -.4306E+02   -.4313E+02   -.4319E+02   -.4325E+02   -.4331E+02   -.4336E+02   -.4341E+02   -.4346E+02   -.4351E+02   -.4355E+02   -.4359E+02   -.4363E+02   -.4366E+02   -.4370E+02   -.4373E+02   -.4376E+02   -.4380E+02   -.4382E+02   -.4385E+02   -.4388E+02   -.4390E+02   -.4393E+02   -.4395E+02   -.4397E+02   -.4400E+02   -.4402E+02   -.4403E+02   -.4405E+02   -.4407E+02   -.4409E+02   -.4410E+02   -.4412E+02   -.4413E+02   -.4415E+02   -.4416E+02   -.4417E+02   -.4419E+02   -.4420E+02   -.4421E+02   -.4422E+02   -.4423E+02   -.4424E+02   -.4425E+02   -.4426E+02   -.4427E+02   -.4428E+02   -.4428E+02   -.4429E+02   -.4430E+02   -.4430E+02   -.4431E+02   -.4432E+02   -.4432E+02   -.4433E+02   -.4433E+02   -.4434E+02   -.4434E+02   -.4435E+02   -.4435E+02   -.4436E+02   -.4436E+02   -.4437E+02   -.4437E+02   -.4437E+02   -.4438E+02   -.4438E+02   -.4438E+02   -.4438E+02   -.4439E+02   -.4439E+02   -.4440E+02   -.4440E+02   -.4440E+02   -.4441E+02   -.4441E+02   -.4441E+02   -.4441E+02   -.4441E+02
0.3044E+05   0.2165E+01   -.3684E+02   -.3724E+02   -.3760E+02   -.3794E+02   -.3826E+02   -.3857E+02   -.3887E+02   -.3915E+02   -.3941E+02   -.3966E+02   -.3988E+02   -.4009E+02   -.4027E+02   -.4044E+02   -.4060E+02   -.4075E+02   -.4088E+02   -.4100E+02   -.4111E+02   -.4122E+02   -.4131E+02   -.4140E+02   -.4149E+02   -.4157E+02   -.4164E+02   -.4171E+02   -.4177E+02   -.4183E+02   -.4189E+02   -.4195E+02   -.4200E+02   -.4205E+02   -.4209E+02   -.4214E+02   -.4218E+02   -.4222E+02   -.4225E+02   -.4229E+02   -.4232E+02   -.4235E+02   -.4239E+02   -.4242E+02   -.4244E+02   -.4247E+02   -.4250E+02   -.4252E+02   -.4254E+02   -.4257E+02   -.4259E+02   -.4261E+02   -.4263E+02   -.4265E+02   -.4267E+02   -.4268E+02   -.4270E+02   -.4272E+02   -.4273E+02   -.4275E+02   -.4276E+02   -.4277E+02   -.4278E+02   -.4280E+02   -.4281E+02   -.4282E+02   -.4283E+02   -.4284E+02   -.4285E+02   -.4286E+02   -.4287E+02   -.4288E+02   -.4289E+02   -.4289E+02   -.4290E+02   -.4291E+02   -.4292E+02   -.4292E+02   -.4293E+02   -.4293E+02   -.4294E+02   -.4295E+02   -.4295E+02   -.4296E+02   -.4296E+02   -.4296E+02   -.4297E+02   -.4297E+02   -.4298E+02   -.4298E+02   -.4298E+02   -.4299E+02   -.4299E+02   -.4299E+02   -.4300E+02   -.4300E+02   -.4301E+02   -.4301E+02   -.4301E+02   -.4301E+02   -.4302E+02   -.4302E+02   -.4302E+02   -.4302E+02   -.4302E+02
0.1430E+06   0.2165E+01   -.3677E+02   -.3720E+02   -.3757E+02   -.3792E+02   -.3825E+02   -.3856E+02   -.3886E+02   -.3914E+02   -.3940E+02   -.3965E+02   -.3987E+02   -.4008E+02   -.4026E+02   -.4044E+02   -.4059E+02   -.4074E+02   -.4087E+02   -.4100E+02   -.4111E+02   -.4121E+02   -.4131E+02   -.4140E+02   -.4148E+02   -.4156E+02   -.4164E+02   -.4171E+02   -.4177E+02   -.4183E+02   -.4189E+02   -.4195E+02   -.4200E+02   -.4205E+02   -.4209E+02   -.4214E+02   -.4218E+02   -.4222E+02   -.4225E+02   -.4229E+02   -.4232E+02   -.4235E+02   -.4239E+02   -.4241E+02   -.4244E+02   -.4247E+02   -.4250E+02   -.4252E+02   -.4254E+02   -.4257E+02   -.4259E+02   -.4261E+02   -.4263E+02   -.4265E+02   -.4267E+02   -.4268E+02   -.4270E+02   -.4272E+02   -.4273E+02   -.4274E+02   -.4276E+02   -.4277E+02   -.4278E+02   -.4280E+02   -.4281E+02   -.4282E+02   -.4283E+02   -.4284E+02   -.4285E+02   -.4286E+02   -.4287E+02   -.4288E+02   -.4289E+02   -.4289E+02   -.4290E+02   -.4291E+02   -.4292E+02   -.4292E+02   -.4293E+02   -.4293E+02   -.4294E+02   -.4295E+02   -.4295E+02   -.4296E+02   -.4296E+02   -.4296E+02   -.4297E+02   -.4297E+02   -.4298E+02   -.4298E+02   -.4298E+02   -.4299E+02   -.4299E+02   -.4299E+02   -.4300E+02   -.4300E+02   -.4301E+02   -.4301E+02   -.4301E+02   -.4301E+02   -.4302E+02   -.4302E+02   -.4302E+02   -.4302E+02   -.4302E+02
0.1430E+06   0.2296E+01   -.3624E+02   -.3652E+02   -.3679E+02   -.3705E+02   -.3731E+02   -.3757E+02   -.3783E+02   -.3808E+02   -.3832E+02   -.3854E+02   -.3875E+02   -.3894E+02   -.3912E+02   -.3928E+02   -.3943E+02   -.3956E+02   -.3969E+02   -.3980E+02   -.3991E+02   -.4000E+02   -.4009E+02   -.4018E+02   -.4026E+02   -.4033E+02   -.4040E+02   -.4046E+02   -.4053E+02   -.4058E+02   -.4064E+02   -.4069E+02   -.4074E+02   -.4078E+02   -.4083E+02   -.4087E+02   -.4091E+02   -.4094E+02   -.4098E+02   -.4101E+02   -.4105E+02   -.4108E+02   -.4111E+02   -.4113E+02   -.4116E+02   -.4119E+02   -.4121E+02   -.4123E+02   -.4126E+02   -.4128E+02   -.4130E+02   -.4132E+02   -.4134E+02   -.4135E+02   -.4137E+02   -.4139E+02   -.4140E+02   -.4142E+02   -.4143E+02   -.4145E+02   -.4146E+02   -.4147E+02   -.4148E+02   -.4150E+02   -.4151E+02   -.4152E+02   -.4153E+02   -.4154E+02   -.4155E+02   -.4156E+02   -.4157E+02   -.4157E+02   -.4158E+02   -.4159E+02   -.4160E+02   -.4160E+02   -.4161E+02   -.4162E+02   -.4162E+02   -.4163E+02   -.4163E+02   -.4164E+02   -.4164E+02   -.4165E+02   -.4165E+02   -.4166E+02   -.4166E+02   -.4167E+02   -.4167E+02   -.4167E+02   -.4168E+02   -.4168E+02   -.4168E+02   -.4169E+02   -.4169E+02   -.4169E+02   -.4170E+02   -.4170E+02   -.4170E+02   -.4170E+02   -.4171E+02   -.4171E+02   -.4171E+02   -.4171E+02   -.4171E+02
0.3042E+05   0.2296E+01   -.3628E+02   -.3654E+02   -.3679E+02   -.3705E+02   -.3731E+02   -.3758E+02   -.3784E+02   -.3809E+02   -.3833E+02   -.3855E+02   -.3876E+02   -.3895E+02   -.3913E+02   -.3929E+02   -.3943E+02   -.3957E+02   -.3969E+02   -.3980E+02   -.3991E+02   -.4001E+02   -.4010E+02   -.4018E+02   -.4026E+02   -.4033E+02   -.4040E+02   -.4047E+02   -.4053E+02   -.4059E+02   -.4064E+02   -.4069E+02   -.4074E+02   -.4079E+02   -.4083E+02   -.4087E+02   -.4091E+02   -.4095E+02   -.4098E+02   -.4101E+02   -.4105E+02   -.4108E+02   -.4111E+02   -.4113E+02   -.4116E+02   -.4119E+02   -.4121E+02   -.4123E+02   -.4126E+02   -.4128E+02   -.4130E+02   -.4132E+02   -.4134E+02   -.4135E+02   -.4137E+02   -.4139E+02   -.4140E+02   -.4142E+02   -.4143E+02   -.4145E+02   -.4146E+02   -.4147E+02   -.4148E+02   -.4150E+02   -.4151E+02   -.4152E+02   -.4153E+02   -.4154E+02   -.4155E+02   -.4156E+02   -.4157E+02   -.4157E+02   -.4158E+02   -.4159E+02   -.4160E+02   -.4160E+02   -.4161E+02   -.4162E+02   -.4162E+02   -.4163E+02   -.4163E+02   -.4164E+02   -.4164E+02   -.4165E+02   -.4165E+02   -.4166E+02   -.4166E+02   -.4167E+02   -.4167E+02   -.4167E+02   -.4168E+02   -.4168E+02   -.4168E+02   -.4169E+02   -.4169E+02   -.4169E+02   -.4170E+02   -.4170E+02   -.4170E+02   -.4170E+02   -.4171E+02   -.4171E+02   -.4171E+02   -.4171E+02   -.4171E+02
0.3041E+05   0.2432E+01   -.3580E+02   -.3594E+02   -.3609E+02   -.3627E+02   -.3648E+02   -.3670E+02   -.3692E+02   -.3715E+02   -.3737E+02   -.3757E+02   -.3776E+02   -.3793E+02   -.3810E+02   -.3824E+02   -.3838E+02   -.3850E+02   -.3862E+02   -.3872E+02   -.3882E+02   -.3891E+02   -.3899E+02   -.3907E+02   -.3914E+02   -.3921E+02   -.3928E+02   -.3934E+02   -.3939E+02   -.3945E+02   -.3950E+02   -.3954E+02   -.3959E+02   -.3963E+02   -.3967E+02   -.3971E+02   -.3975E+02   -.3978E+02   -.3981E+02   -.3984E+02   -.3987E+02   -.3990E+02   -.3993E+02   -.3995E+02   -.3998E+02   -.4000E+02   -.4002E+02   -.4005E+02   -.4007E+02   -.4009E+02   -.4011E+02   -.4012E+02   -.4014E+02   -.4016E+02   -.4017E+02   -.4019E+02   -.4020E+02   -.4022E+02   -.4023E+02   -.4024E+02   -.4026E+02   -.4027E+02   -.4028E+02   -.4029E+02   -.4030E+02   -.4031E+02   -.4032E+02   -.4033E+02   -.4034E+02   -.4035E+02   -.4035E+02   -.4036E+02   -.4037E+02   -.4038E+02   -.4038E+02   -.4039E+02   -.4040E+02   -.4040E+02   -.4041E+02   -.4041E+02   -.4042E+02   -.4042E+02   -.4043E+02   -.4043E+02   -.4044E+02   -.4044E+02   -.4044E+02   -.4045E+02   -.4045E+02   -.4045E+02   -.4046E+02   -.4046E+02   -.4046E+02   -.4047E+02   -.4047E+02   -.4047E+02   -.4048E+02   -.4048E+02   -.4048E+02   -.4048E+02   -.4049E+02   -.4049E+02   -.4049E+02   -.4049E+02   -.4049E+02
0.1430E+06   0.2432E+01   -.3578E+02   -.3593E+02   -.3610E+02   -.3628E+02   -.3648E+02   -.3670E+02   -.3692E+02   -.3714E+02   -.3736E+02   -.3756E+02   -.3775E+02   -.3793E+02   -.3809E+02   -.3824E+02   -.3837E+02   -.3850E+02   -.3861E+02   -.3872E+02   -.3882E+02   -.3891E+02   -.3899E+02   -.3907E+02   -.3914E+02   -.3921E+02   -.3927E+02   -.3933E+02   -.3939E+02   -.3944E+02   -.3949E+02   -.3954E+02   -.3959E+02   -.3963E+02   -.3967E+02   -.3971E+02   -.3974E+02   -.3978E+02   -.3981E+02   -.3984E+02   -.3987E+02   -.3990E+02   -.3993E+02   -.3995E+02   -.3998E+02   -.4000E+02   -.4002E+02   -.4005E+02   -.4007E+02   -.4009E+02   -.4011E+02   -.4012E+02   -.4014E+02   -.4016E+02   -.4017E+02   -.4019E+02   -.4020E+02   -.4022E+02   -.4023E+02   -.4024E+02   -.4026E+02   -.4027E+02   -.4028E+02   -.4029E+02   -.4030E+02   -.4031E+02   -.4032E+02   -.4033E+02   -.4034E+02   -.4035E+02   -.4035E+02   -.4036E+02   -.4037E+02   -.4038E+02   -.4038E+02   -.4039E+02   -.4040E+02   -.4040E+02   -.4041E+02   -.4041E+02   -.4042E+02   -.4042E+02   -.4043E+02   -.4043E+02   -.4044E+02   -.4044E+02   -.4044E+02   -.4045E+02   -.4045E+02   -.4046E+02   -.4046E+02   -.4046E+02   -.4046E+02   -.4047E+02   -.4047E+02   -.4047E+02   -.4048E+02   -.4048E+02   -.4048E+02   -.4048E+02   -.4049E+02   -.4049E+02   -.4049E+02   -.4049E+02   -.4049E+02
0.1430E+06   0.2573E+01   -.3539E+02   -.3543E+02   -.3550E+02   -.3561E+02   -.3575E+02   -.3593E+02   -.3612E+02   -.3631E+02   -.3650E+02   -.3669E+02   -.3686E+02   -.3702E+02   -.3717E+02   -.3731E+02   -.3743E+02   -.3755E+02   -.3765E+02   -.3775E+02   -.3784E+02   -.3792E+02   -.3800E+02   -.3807E+02   -.3814E+02   -.3820E+02   -.3826E+02   -.3831E+02   -.3836E+02   -.3841E+02   -.3846E+02   -.3850E+02   -.3854E+02   -.3858E+02   -.3862E+02   -.3865E+02   -.3869E+02   -.3872E+02   -.3875E+02   -.3878E+02   -.3880E+02   -.3883E+02   -.3885E+02   -.3888E+02   -.3890E+02   -.3892E+02   -.3894E+02   -.3896E+02   -.3898E+02   -.3900E+02   -.3902E+02   -.3903E+02   -.3905E+02   -.3906E+02   -.3908E+02   -.3909E+02   -.3911E+02   -.3912E+02   -.3913E+02   -.3914E+02   -.3915E+02   -.3916E+02   -.3918E+02   -.3918E+02   -.3919E+02   -.3920E+02   -.3921E+02   -.3922E+02   -.3923E+02   -.3924E+02   -.3924E+02   -.3925E+02   -.3926E+02   -.3926E+02   -.3927E+02   -.3928E+02   -.3928E+02   -.3929E+02   -.3929E+02   -.3930E+02   -.3930E+02   -.3931E+02   -.3931E+02   -.3931E+02   -.3932E+02   -.3932E+02   -.3932E+02   -.3933E+02   -.3933E+02   -.3933E+02   -.3934E+02   -.3934E+02   -.3934E+02   -.3934E+02   -.3935E+02   -.3935E+02   -.3935E+02   -.3936E+02   -.3936E+02   -.3936E+02   -.3936E+02   -.3937E+02   -.3937E+02   -.3937E+02   -.3937E+02
0.3039E+05   0.2573E+01   -.3540E+02   -.3542E+02   -.3548E+02   -.3559E+02   -.3574E+02   -.3592E+02   -.3612E+02   -.3631E+02   -.3651E+02   -.3669E+02   -.3687E+02   -.3703E+02   -.3718E+02   -.3731E+02   -.3744E+02   -.3755E+02   -.3765E+02   -.3775E+02   -.3784E+02   -.3792E+02   -.3800E+02   -.3807E+02   -.3814E+02   -.3820E+02   -.3826E+02   -.3831E+02   -.3837E+02   -.3841E+02   -.3846E+02   -.3850E+02   -.3854E+02   -.3858E+02   -.3862E+02   -.3865E+02   -.3869E+02   -.3872E+02   -.3875E+02   -.3878E+02   -.3880E+02   -.3883E+02   -.3885E+02   -.3888E+02   -.3890E+02   -.3892E+02   -.3894E+02   -.3896E+02   -.3898E+02   -.3900E+02   -.3902E+02   -.3903E+02   -.3905E+02   -.3906E+02   -.3908E+02   -.3909E+02   -.3911E+02   -.3912E+02   -.3913E+02   -.3914E+02   -.3915E+02   -.3916E+02   -.3917E+02   -.3918E+02   -.3919E+02   -.3920E+02   -.3921E+02   -.3922E+02   -.3923E+02   -.3924E+02   -.3924E+02   -.3925E+02   -.3926E+02   -.3926E+02   -.3927E+02   -.3928E+02   -.3928E+02   -.3929E+02   -.3929E+02   -.3930E+02   -.3930E+02   -.3930E+02   -.3931E+02   -.3931E+02   -.3932E+02   -.3932E+02   -.3932E+02   -.3933E+02   -.3933E+02   -.3933E+02   -.3934E+02   -.3934E+02   -.3934E+02   -.3934E+02   -.3935E+02   -.3935E+02   -.3935E+02   -.3936E+02   -.3936E+02   -.3936E+02   -.3936E+02   -.3937E+02   -.3937E+02   -.3937E+02   -.3937E+02
0.3037E+05   0.2719E+01   -.3505E+02   -.3497E+02   -.3495E+02   -.3500E+02   -.3510E+02   -.3524E+02   -.3541E+02   -.3558E+02   -.3576E+02   -.3592E+02   -.3608E+02   -.3623E+02   -.3636E+02   -.3649E+02   -.3660E+02   -.3670E+02   -.3680E+02   -.3689E+02   -.3697E+02   -.3704E+02   -.3711E+02   -.3718E+02   -.3724E+02   -.3730E+02   -.3735E+02   -.3740E+02   -.3744E+02   -.3749E+02   -.3753E+02   -.3757E+02   -.3761E+02   -.3764E+02   -.3767E+02   -.3770E+02   -.3773E+02   -.3776E+02   -.3779E+02   -.3782E+02   -.3784E+02   -.3786E+02   -.3789E+02   -.3791E+02   -.3793E+02   -.3795E+02   -.3796E+02   -.3798E+02   -.3800E+02   -.3802E+02   -.3803E+02   -.3805E+02   -.3806E+02   -.3807E+02   -.3809E+02   -.3810E+02   -.3811E+02   -.3812E+02   -.3813E+02   -.3814E+02   -.3815E+02   -.3816E+02   -.3817E+02   -.3818E+02   -.3819E+02   -.3820E+02   -.3821E+02   -.3821E+02   -.3822E+02   -.3823E+02   -.3823E+02   -.3824E+02   -.3825E+02   -.3825E+02   -.3826E+02   -.3826E+02   -.3827E+02   -.3827E+02   -.3828E+02   -.3828E+02   -.3828E+02   -.3829E+02   -.3829E+02   -.3830E+02   -.3830E+02   -.3830E+02   -.3831E+02   -.3831E+02   -.3831E+02   -.3831E+02   -.3832E+02   -.3832E+02   -.3832E+02   -.3832E+02   -.3833E+02   -.3833E+02   -.3833E+02   -.3833E+02   -.3834E+02   -.3834E+02   -.3834E+02   -.3834E+02   -.3834E+02   -.3834E+02   -.3834E+02
0.1430E+06   0.2719E+01   -.3507E+02   -.3500E+02   -.3498E+02   -.3503E+02   -.3512E+02   -.3526E+02   -.3541E+02   -.3558E+02   -.3575E+02   -.3592E+02   -.3608E+02   -.3622E+02   -.3636E+02   -.3648E+02   -.3660E+02   -.3670E+02   -.3680E+02   -.3688E+02   -.3697E+02   -.3704E+02   -.3711E+02   -.3718E+02   -.3724E+02   -.3729E+02   -.3735E+02   -.3740E+02   -.3744E+02   -.3749E+02   -.3753E+02   -.3757E+02   -.3761E+02   -.3764E+02   -.3767E+02   -.3770E+02   -.3773E+02   -.3776E+02   -.3779E+02   -.3782E+02   -.3784E+02   -.3786E+02   -.3789E+02   -.3791E+02   -.3793E+02   -.3795E+02   -.3796E+02   -.3798E+02   -.3800E+02   -.3802E+02   -.3803E+02   -.3805E+02   -.3806E+02   -.3807E+02   -.3809E+02   -.3810E+02   -.3811E+02   -.3812E+02   -.3813E+02   -.3814E+02   -.3815E+02   -.3816E+02   -.3817E+02   -.3818E+02   -.3819E+02   -.3820E+02   -.3821E+02   -.3821E+02   -.3822E+02   -.3823E+02   -.3823E+02   -.3824E+02   -.3825E+02   -.3825E+02   -.3826E+02   -.3826E+02   -.3827E+02   -.3827E+02   -.3828E+02   -.3828E+02   -.3828E+02   -.3829E+02   -.3829E+02   -.3830E+02   -.3830E+02   -.3830E+02   -.3831E+02   -.3831E+02   -.3831E+02   -.3831E+02   -.3832E+02   -.3832E+02   -.3832E+02   -.3832E+02   -.3833E+02   -.3833E+02   -.3833E+02   -.3833E+02   -.3834E+02   -.3834E+02   -.3834E+02   -.3834E+02   -.3834E+02   -.3834E+02   -.3834E+02
0.3036E+05   0.2871E+01   -.3477E+02   -.3460E+02   -.3451E+02   -.3450E+02   -.3456E+02   -.3466E+02   -.3480E+02   -.3495E+02   -.3510E+02   -.3525E+02   -.3540E+02   -.3553E+02   -.3565E+02   -.3576E+02   -.3587E+02   -.3596E+02   -.3605E+02   -.3613E+02   -.3620E+02   -.3627E+02   -.3633E+02   -.3639E+02   -.3645E+02   -.3650E+02   -.3654E+02   -.3659E+02   -.3663E+02   -.3667E+02   -.3671E+02   -.3674E+02   -.3677E+02   -.3681E+02   -.3684E+02   -.3686E+02   -.3689E+02   -.3691E+02   -.3694E+02   -.3696E+02   -.3698E+02   -.3700E+02   -.3702E+02   -.3704E+02   -.3706E+02   -.3708E+02   -.3709E+02   -.3711E+02   -.3712E+02   -.3714E+02   -.3715E+02   -.3717E+02   -.3718E+02   -.3719E+02   -.3720E+02   -.3721E+02   -.3722E+02   -.3723E+02   -.3724E+02   -.3725E+02   -.3726E+02   -.3727E+02   -.3728E+02   -.3728E+02   -.3729E+02   -.3730E+02   -.3731E+02   -.3731E+02   -.3732E+02   -.3732E+02   -.3733E+02   -.3734E+02   -.3734E+02   -.3735E+02   -.3735E+02   -.3736E+02   -.3736E+02   -.3736E+02   -.3737E+02   -.3737E+02   -.3737E+02   -.3738E+02   -.3738E+02   -.3738E+02   -.3739E+02   -.3739E+02   -.3739E+02   -.3740E+02   -.3740E+02   -.3740E+02   -.3740E+02   -.3740E+02   -.3741E+02   -.3741E+02   -.3741E+02   -.3741E+02   -.3742E+02   -.3742E+02   -.3742E+02   -.3742E+02   -.3742E+02   -.3742E+02   -.3742E+02   -.3742E+02   -.3742E+02
0.1430E+06   0.2871E+01   -.3480E+02   -.3463E+02   -.3455E+02   -.3453E+02   -.3458E+02   -.3468E+02   -.3481E+02   -.3495E+02   -.3510E+02   -.3525E+02   -.3539E+02   -.3553E+02   -.3565E+02   -.3576E+02   -.3586E+02   -.3596E+02   -.3605E+02   -.3613E+02   -.3620E+02   -.3627E+02   -.3633E+02   -.3639E+02   -.3644E+02   -.3650E+02   -.3654E+02   -.3659E+02   -.3663E+02   -.3667E+02   -.3671E+02   -.3674E+02   -.3677E+02   -.3681E+02   -.3683E+02   -.3686E+02   -.3689E+02   -.3691E+02   -.3694E+02   -.3696E+02   -.3698E+02   -.3700E+02   -.3702E+02   -.3704E+02   -.3706E+02   -.3708E+02   -.3709E+02   -.3711E+02   -.3712E+02   -.3714E+02   -.3715E+02   -.3717E+02   -.3718E+02   -.3719E+02   -.3720E+02   -.3721E+02   -.3722E+02   -.3723E+02   -.3724E+02   -.3725E+02   -.3726E+02   -.3727E+02   -.3728E+02   -.3729E+02   -.3729E+02   -.3730E+02   -.3731E+02   -.3731E+02   -.3732E+02   -.3733E+02   -.3733E+02   -.3734E+02   -.3734E+02   -.3735E+02   -.3735E+02   -.3736E+02   -.3736E+02   -.3736E+02   -.3737E+02   -.3737E+02   -.3738E+02   -.3738E+02   -.3738E+02   -.3738E+02   -.3739E+02   -.3739E+02   -.3739E+02   -.3740E+02   -.3740E+02   -.3740E+02   -.3740E+02   -.3740E+02   -.3741E+02   -.3741E+02   -.3741E+02   -.3741E+02   -.3742E+02   -.3742E+02   -.3742E+02   -.3742E+02   -.3742E+02   -.3742E+02   -.3742E+02   -.3743E+02   -.3743E+02
0.1429E+06   0.3028E+01   -.3458E+02   -.3434E+02   -.3419E+02   -.3412E+02   -.3413E+02   -.3420E+02   -.3430E+02   -.3442E+02   -.3455E+02   -.3469E+02   -.3481E+02   -.3493E+02   -.3504E+02   -.3514E+02   -.3524E+02   -.3532E+02   -.3540E+02   -.3547E+02   -.3554E+02   -.3560E+02   -.3566E+02   -.3571E+02   -.3576E+02   -.3581E+02   -.3585E+02   -.3589E+02   -.3592E+02   -.3596E+02   -.3599E+02   -.3602E+02   -.3605E+02   -.3608E+02   -.3611E+02   -.3613E+02   -.3615E+02   -.3618E+02   -.3620E+02   -.3622E+02   -.3624E+02   -.3625E+02   -.3627E+02   -.3629E+02   -.3630E+02   -.3632E+02   -.3633E+02   -.3635E+02   -.3636E+02   -.3637E+02   -.3639E+02   -.3640E+02   -.3641E+02   -.3642E+02   -.3643E+02   -.3644E+02   -.3645E+02   -.3646E+02   -.3646E+02   -.3647E+02   -.3648E+02   -.3649E+02   -.3649E+02   -.3650E+02   -.3651E+02   -.3651E+02   -.3652E+02   -.3652E+02   -.3653E+02   -.3653E+02   -.3654E+02   -.3654E+02   -.3655E+02   -.3655E+02   -.3656E+02   -.3656E+02   -.3656E+02   -.3657E+02   -.3657E+02   -.3657E+02   -.3658E+02   -.3658E+02   -.3658E+02   -.3658E+02   -.3659E+02   -.3659E+02   -.3659E+02   -.3659E+02   -.3660E+02   -.3660E+02   -.3660E+02   -.3660E+02   -.3660E+02   -.3660E+02   -.3661E+02   -.3661E+02   -.3661E+02   -.3661E+02   -.3661E+02   -.3661E+02   -.3662E+02   -.3662E+02   -.3662E+02   -.3662E+02   -.3662E+02
0.3034E+05   0.3028E+01   -.3455E+02   -.3430E+02   -.3414E+02   -.3408E+02   -.3410E+02   -.3418E+02   -.3429E+02   -.3442E+02   -.3455E+02   -.3469E+02   -.3482E+02   -.3493E+02   -.3505E+02   -.3515E+02   -.3524E+02   -.3533E+02   -.3540E+02   -.3548E+02   -.3554E+02   -.3560E+02   -.3566E+02   -.3571E+02   -.3576E+02   -.3581E+02   -.3585E+02   -.3589E+02   -.3593E+02   -.3596E+02   -.3599E+02   -.3602E+02   -.3605E+02   -.3608E+02   -.3611E+02   -.3613E+02   -.3615E+02   -.3618E+02   -.3620E+02   -.3622E+02   -.3624E+02   -.3625E+02   -.3627E+02   -.3629E+02   -.3630E+02   -.3632E+02   -.3633E+02   -.3635E+02   -.3636E+02   -.3637E+02   -.3638E+02   -.3640E+02   -.3641E+02   -.3642E+02   -.3643E+02   -.3644E+02   -.3645E+02   -.3645E+02   -.3646E+02   -.3647E+02   -.3648E+02   -.3649E+02   -.3649E+02   -.3650E+02   -.3651E+02   -.3651E+02   -.3652E+02   -.3652E+02   -.3653E+02   -.3653E+02   -.3654E+02   -.3654E+02   -.3655E+02   -.3655E+02   -.3656E+02   -.3656E+02   -.3656E+02   -.3657E+02   -.3657E+02   -.3657E+02   -.3658E+02   -.3658E+02   -.3658E+02   -.3658E+02   -.3659E+02   -.3659E+02   -.3659E+02   -.3659E+02   -.3660E+02   -.3660E+02   -.3660E+02   -.3660E+02   -.3660E+02   -.3660E+02   -.3661E+02   -.3661E+02   -.3661E+02   -.3661E+02   -.3661E+02   -.3661E+02   -.3662E+02   -.3662E+02   -.3662E+02   -.3662E+02   -.3662E+02
0.3032E+05   0.3191E+01   -.3437E+02   -.3406E+02   -.3385E+02   -.3375E+02   -.3374E+02   -.3378E+02   -.3387E+02   -.3398E+02   -.3410E+02   -.3422E+02   -.3434E+02   -.3444E+02   -.3454E+02   -.3464E+02   -.3472E+02   -.3480E+02   -.3487E+02   -.3493E+02   -.3499E+02   -.3505E+02   -.3510E+02   -.3514E+02   -.3519E+02   -.3523E+02   -.3526E+02   -.3530E+02   -.3533E+02   -.3536E+02   -.3539E+02   -.3542E+02   -.3544E+02   -.3547E+02   -.3549E+02   -.3551E+02   -.3553E+02   -.3555E+02   -.3557E+02   -.3559E+02   -.3561E+02   -.3562E+02   -.3564E+02   -.3565E+02   -.3566E+02   -.3568E+02   -.3569E+02   -.3570E+02   -.3571E+02   -.3572E+02   -.3573E+02   -.3574E+02   -.3575E+02   -.3576E+02   -.3577E+02   -.3578E+02   -.3579E+02   -.3579E+02   -.3580E+02   -.3581E+02   -.3581E+02   -.3582E+02   -.3583E+02   -.3583E+02   -.3584E+02   -.3584E+02   -.3585E+02   -.3585E+02   -.3586E+02   -.3586E+02   -.3586E+02   -.3587E+02   -.3587E+02   -.3588E+02   -.3588E+02   -.3588E+02   -.3589E+02   -.3589E+02   -.3589E+02   -.3589E+02   -.3590E+02   -.3590E+02   -.3590E+02   -.3590E+02   -.3590E+02   -.3591E+02   -.3591E+02   -.3591E+02   -.3591E+02   -.3591E+02   -.3591E+02   -.3592E+02   -.3592E+02   -.3592E+02   -.3592E+02   -.3592E+02   -.3592E+02   -.3592E+02   -.3592E+02   -.3593E+02   -.3593E+02   -.3593E+02   -.3593E+02   -.3593E+02   -.3593E+02
0.1429E+06   0.3191E+01   -.3441E+02   -.3411E+02   -.3391E+02   -.3380E+02   -.3377E+02   -.3381E+02   -.3389E+02   -.3399E+02   -.3410E+02   -.3422E+02   -.3433E+02   -.3444E+02   -.3454E+02   -.3463E+02   -.3472E+02   -.3480E+02   -.3487E+02   -.3493E+02   -.3499E+02   -.3505E+02   -.3510E+02   -.3514E+02   -.3519E+02   -.3523E+02   -.3526E+02   -.3530E+02   -.3533E+02   -.3536E+02   -.3539E+02   -.3542E+02   -.3545E+02   -.3547E+02   -.3549E+02   -.3551E+02   -.3553E+02   -.3555E+02   -.3557E+02   -.3559E+02   -.3561E+02   -.3562E+02   -.3564E+02   -.3565E+02   -.3566E+02   -.3568E+02   -.3569E+02   -.3570E+02   -.3571E+02   -.3572E+02   -.3573E+02   -.3574E+02   -.3575E+02   -.3576E+02   -.3577E+02   -.3578E+02   -.3579E+02   -.3579E+02   -.3580E+02   -.3581E+02   -.3581E+02   -.3582E+02   -.3583E+02   -.3583E+02   -.3584E+02   -.3584E+02   -.3585E+02   -.3585E+02   -.3586E+02   -.3586E+02   -.3587E+02   -.3587E+02   -.3587E+02   -.3588E+02   -.3588E+02   -.3588E+02   -.3589E+02   -.3589E+02   -.3589E+02   -.3589E+02   -.3590E+02   -.3590E+02   -.3590E+02   -.3590E+02   -.3591E+02   -.3591E+02   -.3591E+02   -.3591E+02   -.3591E+02   -.3591E+02   -.3592E+02   -.3592E+02   -.3592E+02   -.3592E+02   -.3592E+02   -.3592E+02   -.3592E+02   -.3592E+02   -.3593E+02   -.3593E+02   -.3593E+02   -.3593E+02   -.3593E+02   -.3593E+02   -.3593E+02
0.1429E+06   0.3360E+01   -.3430E+02   -.3395E+02   -.3370E+02   -.3356E+02   -.3350E+02   -.3351E+02   -.3357E+02   -.3366E+02   -.3376E+02   -.3386E+02   -.3396E+02   -.3406E+02   -.3415E+02   -.3423E+02   -.3431E+02   -.3438E+02   -.3444E+02   -.3450E+02   -.3455E+02   -.3460E+02   -.3465E+02   -.3469E+02   -.3473E+02   -.3476E+02   -.3480E+02   -.3483E+02   -.3486E+02   -.3488E+02   -.3491E+02   -.3493E+02   -.3496E+02   -.3498E+02   -.3500E+02   -.3502E+02   -.3503E+02   -.3505E+02   -.3507E+02   -.3508E+02   -.3510E+02   -.3511E+02   -.3512E+02   -.3513E+02   -.3515E+02   -.3516E+02   -.3517E+02   -.3518E+02   -.3519E+02   -.3520E+02   -.3521E+02   -.3521E+02   -.3522E+02   -.3523E+02   -.3524E+02   -.3524E+02   -.3525E+02   -.3526E+02   -.3526E+02   -.3527E+02   -.3527E+02   -.3528E+02   -.3529E+02   -.3529E+02   -.3529E+02   -.3530E+02   -.3530E+02   -.3531E+02   -.3531E+02   -.3531E+02   -.3532E+02   -.3532E+02   -.3532E+02   -.3533E+02   -.3533E+02   -.3533E+02   -.3533E+02   -.3534E+02   -.3534E+02   -.3534E+02   -.3534E+02   -.3534E+02   -.3535E+02   -.3535E+02   -.3535E+02   -.3535E+02   -.3535E+02   -.3535E+02   -.3536E+02   -.3536E+02   -.3536E+02   -.3536E+02   -.3536E+02   -.3536E+02   -.3536E+02   -.3536E+02   -.3536E+02   -.3536E+02   -.3536E+02   -.3537E+02   -.3537E+02   -.3537E+02   -.3537E+02   -.3537E+02   -.3537E+02
0.3031E+05   0.3360E+01   -.3425E+02   -.3389E+02   -.3364E+02   -.3351E+02   -.3346E+02   -.3349E+02   -.3355E+02   -.3365E+02   -.3375E+02   -.3386E+02   -.3396E+02   -.3406E+02   -.3415E+02   -.3423E+02   -.3431E+02   -.3438E+02   -.3444E+02   -.3450E+02   -.3455E+02   -.3460E+02   -.3465E+02   -.3469E+02   -.3473E+02   -.3476E+02   -.3480E+02   -.3483E+02   -.3486E+02   -.3488E+02   -.3491E+02   -.3493E+02   -.3496E+02   -.3498E+02   -.3500E+02   -.3502E+02   -.3503E+02   -.3505E+02   -.3507E+02   -.3508E+02   -.3509E+02   -.3511E+02   -.3512E+02   -.3513E+02   -.3515E+02   -.3516E+02   -.3517E+02   -.3518E+02   -.3519E+02   -.3520E+02   -.3521E+02   -.3521E+02   -.3522E+02   -.3523E+02   -.3524E+02   -.3524E+02   -.3525E+02   -.3526E+02   -.3526E+02   -.3527E+02   -.3527E+02   -.3528E+02   -.3528E+02   -.3529E+02   -.3529E+02   -.3530E+02   -.3530E+02   -.3531E+02   -.3531E+02   -.3531E+02   -.3532E+02   -.3532E+02   -.3532E+02   -.3533E+02   -.3533E+02   -.3533E+02   -.3533E+02   -.3534E+02   -.3534E+02   -.3534E+02   -.3534E+02   -.3534E+02   -.3535E+02   -.3535E+02   -.3535E+02   -.3535E+02   -.3535E+02   -.3535E+02   -.3535E+02   -.3536E+02   -.3536E+02   -.3536E+02   -.3536E+02   -.3536E+02   -.3536E+02   -.3536E+02   -.3536E+02   -.3536E+02   -.3536E+02   -.3536E+02   -.3537E+02   -.3537E+02   -.3537E+02   -.3537E+02   -.3537E+02
0.4637E+05   0.3536E+01   -.3427E+02   -.3391E+02   -.3365E+02   -.3348E+02   -.3340E+02   -.3339E+02   -.3343E+02   -.3349E+02   -.3358E+02   -.3367E+02   -.3376E+02   -.3384E+02   -.3392E+02   -.3400E+02   -.3407E+02   -.3413E+02   -.3419E+02   -.3424E+02   -.3429E+02   -.3434E+02   -.3438E+02   -.3442E+02   -.3445E+02   -.3448E+02   -.3451E+02   -.3454E+02   -.3457E+02   -.3459E+02   -.3462E+02   -.3464E+02   -.3466E+02   -.3468E+02   -.3469E+02   -.3471E+02   -.3473E+02   -.3474E+02   -.3476E+02   -.3477E+02   -.3478E+02   -.3480E+02   -.3481E+02   -.3482E+02   -.3483E+02   -.3484E+02   -.3485E+02   -.3486E+02   -.3487E+02   -.3487E+02   -.3488E+02   -.3489E+02   -.3490E+02   -.3490E+02   -.3491E+02   -.3492E+02   -.3492E+02   -.3493E+02   -.3493E+02   -.3494E+02   -.3494E+02   -.3495E+02   -.3495E+02   -.3495E+02   -.3496E+02   -.3496E+02   -.3497E+02   -.3497E+02   -.3497E+02   -.3498E+02   -.3498E+02   -.3498E+02   -.3498E+02   -.3499E+02   -.3499E+02   -.3499E+02   -.3499E+02   -.3499E+02   -.3500E+02   -.3500E+02   -.3500E+02   -.3500E+02   -.3500E+02   -.3500E+02   -.3501E+02   -.3501E+02   -.3501E+02   -.3501E+02   -.3501E+02   -.3501E+02   -.3501E+02   -.3501E+02   -.3501E+02   -.3501E+02   -.3502E+02   -.3502E+02   -.3502E+02   -.3502E+02   -.3502E+02   -.3502E+02   -.3502E+02   -.3502E+02   -.3502E+02   -.3502E+02   -.3502E+02
0.4100E+05   0.3536E+01   -.3423E+02   -.3386E+02   -.3359E+02   -.3343E+02   -.3336E+02   -.3336E+02   -.3341E+02   -.3348E+02   -.3357E+02   -.3366E+02   -.3375E+02   -.3384E+02   -.3392E+02   -.3400E+02   -.3407E+02   -.3413E+02   -.3419E+02   -.3424E+02   -.3429E+02   -.3434E+02   -.3438E+02   -.3442E+02   -.3445E+02   -.3448E+02   -.3451E+02   -.3454E+02   -.3457E+02   -.3459E+02   -.3462E+02   -.3464E+02   -.3466E+02   -.3468E+02   -.3469E+02   -.3471E+02   -.3473E+02   -.3474E+02   -.3476E+02   -.3477E+02   -.3478E+02   -.3479E+02   -.3481E+02   -.3482E+02   -.3483E+02   -.3484E+02   -.3485E+02   -.3486E+02   -.3486E+02   -.3487E+02   -.3488E+02   -.3489E+02   -.3490E+02   -.3490E+02   -.3491E+02   -.3491E+02   -.3492E+02   -.3493E+02   -.3493E+02   -.3494E+02   -.3494E+02   -.3495E+02   -.3495E+02   -.3495E+02   -.3496E+02   -.3496E+02   -.3497E+02   -.3497E+02   -.3497E+02   -.3497E+02   -.3498E+02   -.3498E+02   -.3498E+02   -.3499E+02   -.3499E+02   -.3499E+02   -.3499E+02   -.3499E+02   -.3500E+02   -.3500E+02   -.3500E+02   -.3500E+02   -.3500E+02   -.3500E+02   -.3501E+02   -.3501E+02   -.3501E+02   -.3501E+02   -.3501E+02   -.3501E+02   -.3501E+02   -.3501E+02   -.3501E+02   -.3501E+02   -.3501E+02   -.3501E+02   -.3502E+02   -.3502E+02   -.3502E+02   -.3502E+02   -.3502E+02   -.3502E+02   -.3502E+02   -.3502E+02   -.3502E+02
