0.6018E+05   0.1118E+01   0.4341E-03   0.5190E-03   0.5863E-03   0.6534E-03   0.7257E-03   0.8017E-03   0.8834E-03   0.9706E-03   0.1064E-02   0.1165E-02   0.1273E-02   0.1391E-02   0.1518E-02   0.1655E-02   0.1806E-02   0.1970E-02   0.2150E-02   0.2347E-02   0.2566E-02   0.2809E-02   0.3079E-02   0.3380E-02   0.3720E-02   0.4103E-02   0.4537E-02   0.5034E-02   0.5604E-02   0.6262E-02   0.7029E-02   0.7928E-02   0.8990E-02   0.1026E-01   0.1178E-01   0.1364E-01   0.1592E-01   0.1877E-01   0.2237E-01   0.2701E-01   0.3310E-01   0.4127E-01   0.5251E-01   0.6811E-01   0.8990E-01   0.1193E+00   0.1695E+00   0.2337E+00   0.3289E+00   0.4764E+00   0.7850E+00   0.9081E+00   0.9603E+00   0.9853E+00   0.1000E+01   0.1011E+01   0.1019E+01   0.1025E+01   0.1030E+01   0.1033E+01   0.1036E+01   0.1038E+01   0.1040E+01   0.1041E+01   0.1042E+01   0.1043E+01   0.1514E+01   0.1531E+01   0.1535E+01   0.1538E+01   0.1539E+01   0.1541E+01   0.1542E+01   0.1543E+01   0.1544E+01   0.1545E+01   0.1546E+01   0.1547E+01   0.1547E+01   0.1548E+01   0.1548E+01   0.1549E+01   0.1550E+01   0.1550E+01   0.1550E+01   0.1551E+01   0.1551E+01   0.1552E+01   0.1552E+01   0.1552E+01   0.1553E+01   0.1553E+01   0.1553E+01   0.1554E+01   0.1554E+01   0.1554E+01   0.1554E+01   0.1555E+01   0.1555E+01   0.1555E+01   0.1555E+01   0.1555E+01   0.1671E+01   0.1707E+01   0.1724E+01   0.1734E+01   0.1741E+01   0.1746E+01   0.1750E+01   0.1753E+01   0.1756E+01   0.1759E+01   0.1762E+01   0.1764E+01   0.1766E+01   0.1768E+01   0.1769E+01   0.1771E+01   0.1772E+01   0.1774E+01   0.1775E+01   0.1776E+01   0.1777E+01   0.1778E+01   0.1779E+01   0.1779E+01   0.1780E+01   0.1781E+01   0.1782E+01   0.1782E+01   0.1783E+01   0.1783E+01
0.6019E+05   0.1345E+01   0.4346E-03   0.5197E-03   0.5870E-03   0.6542E-03   0.7266E-03   0.8027E-03   0.8845E-03   0.9719E-03   0.1066E-02   0.1167E-02   0.1275E-02   0.1393E-02   0.1520E-02   0.1658E-02   0.1809E-02   0.1974E-02   0.2154E-02   0.2353E-02   0.2573E-02   0.2816E-02   0.3088E-02   0.3391E-02   0.3733E-02   0.4118E-02   0.4556E-02   0.5056E-02   0.5630E-02   0.6295E-02   0.7068E-02   0.7975E-02   0.9047E-02   0.1033E-01   0.1186E-01   0.1373E-01   0.1603E-01   0.1889E-01   0.2250E-01   0.2711E-01   0.3312E-01   0.4111E-01   0.5193E-01   0.6668E-01   0.8685E-01   0.1137E+00   0.1582E+00   0.2142E+00   0.2954E+00   0.4459E+00   0.7013E+00   0.8164E+00   0.8750E+00   0.9038E+00   0.9213E+00   0.9331E+00   0.9411E+00   0.9470E+00   0.9513E+00   0.9545E+00   0.9570E+00   0.9589E+00   0.9604E+00   0.9617E+00   0.9627E+00   0.9635E+00   0.1641E+01   0.1663E+01   0.1668E+01   0.1670E+01   0.1671E+01   0.1672E+01   0.1674E+01   0.1675E+01   0.1676E+01   0.1677E+01   0.1677E+01   0.1678E+01   0.1679E+01   0.1679E+01   0.1680E+01   0.1680E+01   0.1681E+01   0.1681E+01   0.1682E+01   0.1682E+01   0.1683E+01   0.1683E+01   0.1683E+01   0.1684E+01   0.1684E+01   0.1684E+01   0.1685E+01   0.1685E+01   0.1685E+01   0.1685E+01   0.1686E+01   0.1686E+01   0.1686E+01   0.1686E+01   0.1686E+01   0.1686E+01   0.1794E+01   0.1828E+01   0.1844E+01   0.1854E+01   0.1861E+01   0.1866E+01   0.1870E+01   0.1874E+01   0.1877E+01   0.1880E+01   0.1883E+01   0.1885E+01   0.1887E+01   0.1889E+01   0.1891E+01   0.1892E+01   0.1894E+01   0.1895E+01   0.1896E+01   0.1898E+01   0.1899E+01   0.1900E+01   0.1900E+01   0.1901E+01   0.1902E+01   0.1903E+01   0.1904E+01   0.1904E+01   0.1905E+01   0.1905E+01
0.6019E+05   0.1573E+01   0.4357E-03   0.5209E-03   0.5882E-03   0.6555E-03   0.7280E-03   0.8042E-03   0.8861E-03   0.9737E-03   0.1068E-02   0.1169E-02   0.1278E-02   0.1396E-02   0.1523E-02   0.1662E-02   0.1813E-02   0.1978E-02   0.2159E-02   0.2359E-02   0.2579E-02   0.2824E-02   0.3097E-02   0.3402E-02   0.3745E-02   0.4132E-02   0.4573E-02   0.5076E-02   0.5655E-02   0.6324E-02   0.7103E-02   0.8017E-02   0.9098E-02   0.1039E-01   0.1194E-01   0.1382E-01   0.1613E-01   0.1899E-01   0.2259E-01   0.2718E-01   0.3310E-01   0.4087E-01   0.5124E-01   0.6514E-01   0.8373E-01   0.1080E+00   0.1472E+00   0.1955E+00   0.2649E+00   0.3883E+00   0.6033E+00   0.7161E+00   0.7766E+00   0.8087E+00   0.8288E+00   0.8420E+00   0.8507E+00   0.8569E+00   0.8612E+00   0.8644E+00   0.8668E+00   0.8686E+00   0.8701E+00   0.8713E+00   0.8722E+00   0.8730E+00   0.1675E+01   0.1706E+01   0.1712E+01   0.1714E+01   0.1715E+01   0.1716E+01   0.1717E+01   0.1718E+01   0.1719E+01   0.1720E+01   0.1721E+01   0.1721E+01   0.1722E+01   0.1722E+01   0.1723E+01   0.1723E+01   0.1724E+01   0.1724E+01   0.1725E+01   0.1725E+01   0.1725E+01   0.1726E+01   0.1726E+01   0.1726E+01   0.1727E+01   0.1727E+01   0.1727E+01   0.1727E+01   0.1728E+01   0.1728E+01   0.1728E+01   0.1728E+01   0.1728E+01   0.1729E+01   0.1729E+01   0.1729E+01   0.1822E+01   0.1851E+01   0.1866E+01   0.1875E+01   0.1882E+01   0.1887E+01   0.1891E+01   0.1895E+01   0.1898E+01   0.1901E+01   0.1904E+01   0.1906E+01   0.1908E+01   0.1910E+01   0.1912E+01   0.1914E+01   0.1915E+01   0.1917E+01   0.1918E+01   0.1919E+01   0.1920E+01   0.1921E+01   0.1922E+01   0.1923E+01   0.1924E+01   0.1924E+01   0.1925E+01   0.1926E+01   0.1926E+01   0.1927E+01
0.6018E+05   0.1800E+01   0.4364E-03   0.5217E-03   0.5891E-03   0.6565E-03   0.7290E-03   0.8053E-03   0.8874E-03   0.9750E-03   0.1069E-02   0.1171E-02   0.1280E-02   0.1398E-02   0.1526E-02   0.1665E-02   0.1816E-02   0.1982E-02   0.2163E-02   0.2364E-02   0.2585E-02   0.2830E-02   0.3104E-02   0.3411E-02   0.3755E-02   0.4145E-02   0.4588E-02   0.5094E-02   0.5676E-02   0.6349E-02   0.7134E-02   0.8054E-02   0.9142E-02   0.1044E-01   0.1200E-01   0.1389E-01   0.1621E-01   0.1908E-01   0.2267E-01   0.2722E-01   0.3305E-01   0.4061E-01   0.5057E-01   0.6367E-01   0.8086E-01   0.1030E+00   0.1375E+00   0.1795E+00   0.2390E+00   0.3425E+00   0.5144E+00   0.6234E+00   0.6851E+00   0.7203E+00   0.7430E+00   0.7576E+00   0.7671E+00   0.7737E+00   0.7782E+00   0.7814E+00   0.7838E+00   0.7856E+00   0.7870E+00   0.7881E+00   0.7890E+00   0.7898E+00   0.1683E+01   0.1731E+01   0.1737E+01   0.1739E+01   0.1741E+01   0.1742E+01   0.1743E+01   0.1744E+01   0.1744E+01   0.1745E+01   0.1746E+01   0.1746E+01   0.1747E+01   0.1747E+01   0.1748E+01   0.1748E+01   0.1749E+01   0.1749E+01   0.1749E+01   0.1750E+01   0.1750E+01   0.1750E+01   0.1751E+01   0.1751E+01   0.1751E+01   0.1751E+01   0.1752E+01   0.1752E+01   0.1752E+01   0.1752E+01   0.1752E+01   0.1753E+01   0.1753E+01   0.1753E+01   0.1753E+01   0.1753E+01   0.1829E+01   0.1853E+01   0.1866E+01   0.1874E+01   0.1880E+01   0.1885E+01   0.1889E+01   0.1892E+01   0.1896E+01   0.1898E+01   0.1901E+01   0.1903E+01   0.1905E+01   0.1907E+01   0.1909E+01   0.1911E+01   0.1912E+01   0.1913E+01   0.1915E+01   0.1916E+01   0.1917E+01   0.1918E+01   0.1919E+01   0.1919E+01   0.1920E+01   0.1921E+01   0.1922E+01   0.1922E+01   0.1923E+01   0.1923E+01
0.6062E+05   0.1950E+01   0.4368E-03   0.5221E-03   0.5896E-03   0.6570E-03   0.7295E-03   0.8059E-03   0.8880E-03   0.9757E-03   0.1070E-02   0.1171E-02   0.1281E-02   0.1399E-02   0.1527E-02   0.1666E-02   0.1818E-02   0.1984E-02   0.2166E-02   0.2366E-02   0.2588E-02   0.2834E-02   0.3108E-02   0.3415E-02   0.3761E-02   0.4151E-02   0.4596E-02   0.5103E-02   0.5687E-02   0.6363E-02   0.7150E-02   0.8074E-02   0.9166E-02   0.1047E-01   0.1203E-01   0.1393E-01   0.1625E-01   0.1912E-01   0.2271E-01   0.2723E-01   0.3299E-01   0.4043E-01   0.5013E-01   0.6275E-01   0.7911E-01   0.9993E-01   0.1318E+00   0.1703E+00   0.2248E+00   0.3170E+00   0.4608E+00   0.5670E+00   0.6301E+00   0.6669E+00   0.6910E+00   0.7063E+00   0.7161E+00   0.7229E+00   0.7274E+00   0.7306E+00   0.7329E+00   0.7346E+00   0.7360E+00   0.7370E+00   0.7379E+00   0.7386E+00   0.1670E+01   0.1741E+01   0.1750E+01   0.1752E+01   0.1753E+01   0.1754E+01   0.1755E+01   0.1756E+01   0.1757E+01   0.1757E+01   0.1758E+01   0.1758E+01   0.1759E+01   0.1759E+01   0.1760E+01   0.1760E+01   0.1761E+01   0.1761E+01   0.1761E+01   0.1762E+01   0.1762E+01   0.1762E+01   0.1763E+01   0.1763E+01   0.1763E+01   0.1763E+01   0.1763E+01   0.1764E+01   0.1764E+01   0.1764E+01   0.1764E+01   0.1764E+01   0.1764E+01   0.1765E+01   0.1765E+01   0.1765E+01   0.1831E+01   0.1851E+01   0.1863E+01   0.1870E+01   0.1876E+01   0.1881E+01   0.1884E+01   0.1888E+01   0.1891E+01   0.1894E+01   0.1896E+01   0.1898E+01   0.1900E+01   0.1902E+01   0.1904E+01   0.1905E+01   0.1907E+01   0.1908E+01   0.1909E+01   0.1910E+01   0.1911E+01   0.1912E+01   0.1913E+01   0.1914E+01   0.1915E+01   0.1915E+01   0.1916E+01   0.1917E+01   0.1917E+01   0.1918E+01
0.6057E+05   0.2100E+01   0.4371E-03   0.5225E-03   0.5900E-03   0.6574E-03   0.7300E-03   0.8064E-03   0.8886E-03   0.9764E-03   0.1071E-02   0.1172E-02   0.1282E-02   0.1400E-02   0.1528E-02   0.1667E-02   0.1819E-02   0.1985E-02   0.2168E-02   0.2368E-02   0.2590E-02   0.2837E-02   0.3112E-02   0.3420E-02   0.3766E-02   0.4158E-02   0.4603E-02   0.5112E-02   0.5698E-02   0.6375E-02   0.7165E-02   0.8092E-02   0.9188E-02   0.1049E-01   0.1206E-01   0.1396E-01   0.1629E-01   0.1916E-01   0.2274E-01   0.2723E-01   0.3294E-01   0.4025E-01   0.4971E-01   0.6192E-01   0.7754E-01   0.9726E-01   0.1269E+00   0.1624E+00   0.2125E+00   0.2932E+00   0.4144E+00   0.5156E+00   0.5800E+00   0.6188E+00   0.6443E+00   0.6603E+00   0.6704E+00   0.6773E+00   0.6818E+00   0.6850E+00   0.6873E+00   0.6889E+00   0.6902E+00   0.6913E+00   0.6921E+00   0.6928E+00   0.1651E+01   0.1749E+01   0.1762E+01   0.1764E+01   0.1765E+01   0.1766E+01   0.1766E+01   0.1767E+01   0.1768E+01   0.1769E+01   0.1769E+01   0.1770E+01   0.1770E+01   0.1771E+01   0.1771E+01   0.1771E+01   0.1772E+01   0.1772E+01   0.1772E+01   0.1773E+01   0.1773E+01   0.1773E+01   0.1773E+01   0.1774E+01   0.1774E+01   0.1774E+01   0.1774E+01   0.1775E+01   0.1775E+01   0.1775E+01   0.1775E+01   0.1775E+01   0.1775E+01   0.1775E+01   0.1776E+01   0.1776E+01   0.1833E+01   0.1851E+01   0.1861E+01   0.1868E+01   0.1873E+01   0.1878E+01   0.1881E+01   0.1885E+01   0.1888E+01   0.1890E+01   0.1893E+01   0.1895E+01   0.1897E+01   0.1899E+01   0.1900E+01   0.1902E+01   0.1903E+01   0.1904E+01   0.1905E+01   0.1906E+01   0.1907E+01   0.1908E+01   0.1909E+01   0.1910E+01   0.1911E+01   0.1911E+01   0.1912E+01   0.1913E+01   0.1913E+01   0.1914E+01
0.6134E+05   0.2250E+01   0.4374E-03   0.5228E-03   0.5903E-03   0.6578E-03   0.7304E-03   0.8069E-03   0.8891E-03   0.9769E-03   0.1071E-02   0.1173E-02   0.1282E-02   0.1401E-02   0.1529E-02   0.1668E-02   0.1820E-02   0.1987E-02   0.2169E-02   0.2370E-02   0.2593E-02   0.2840E-02   0.3115E-02   0.3423E-02   0.3770E-02   0.4163E-02   0.4609E-02   0.5119E-02   0.5706E-02   0.6386E-02   0.7177E-02   0.8107E-02   0.9205E-02   0.1051E-01   0.1209E-01   0.1399E-01   0.1632E-01   0.1919E-01   0.2276E-01   0.2723E-01   0.3288E-01   0.4009E-01   0.4934E-01   0.6117E-01   0.7617E-01   0.9497E-01   0.1227E+00   0.1558E+00   0.2020E+00   0.2728E+00   0.3739E+00   0.4690E+00   0.5344E+00   0.5746E+00   0.6013E+00   0.6179E+00   0.6283E+00   0.6353E+00   0.6398E+00   0.6429E+00   0.6451E+00   0.6468E+00   0.6480E+00   0.6490E+00   0.6498E+00   0.6505E+00   0.1631E+01   0.1762E+01   0.1781E+01   0.1782E+01   0.1783E+01   0.1784E+01   0.1785E+01   0.1786E+01   0.1787E+01   0.1787E+01   0.1788E+01   0.1788E+01   0.1789E+01   0.1789E+01   0.1789E+01   0.1790E+01   0.1790E+01   0.1791E+01   0.1791E+01   0.1791E+01   0.1791E+01   0.1792E+01   0.1792E+01   0.1792E+01   0.1792E+01   0.1792E+01   0.1793E+01   0.1793E+01   0.1793E+01   0.1793E+01   0.1793E+01   0.1793E+01   0.1794E+01   0.1794E+01   0.1794E+01   0.1794E+01   0.1844E+01   0.1859E+01   0.1868E+01   0.1875E+01   0.1880E+01   0.1884E+01   0.1888E+01   0.1891E+01   0.1894E+01   0.1897E+01   0.1899E+01   0.1901E+01   0.1903E+01   0.1905E+01   0.1906E+01   0.1908E+01   0.1909E+01   0.1910E+01   0.1911E+01   0.1912E+01   0.1913E+01   0.1914E+01   0.1915E+01   0.1916E+01   0.1916E+01   0.1917E+01   0.1918E+01   0.1918E+01   0.1919E+01   0.1919E+01
0.6130E+05   0.2400E+01   0.4377E-03   0.5231E-03   0.5906E-03   0.6581E-03   0.7308E-03   0.8072E-03   0.8895E-03   0.9773E-03   0.1072E-02   0.1173E-02   0.1283E-02   0.1401E-02   0.1530E-02   0.1669E-02   0.1821E-02   0.1988E-02   0.2171E-02   0.2372E-02   0.2594E-02   0.2842E-02   0.3117E-02   0.3426E-02   0.3774E-02   0.4167E-02   0.4614E-02   0.5125E-02   0.5713E-02   0.6394E-02   0.7188E-02   0.8119E-02   0.9220E-02   0.1053E-01   0.1211E-01   0.1401E-01   0.1634E-01   0.1921E-01   0.2277E-01   0.2723E-01   0.3284E-01   0.3995E-01   0.4903E-01   0.6056E-01   0.7506E-01   0.9312E-01   0.1194E+00   0.1507E+00   0.1936E+00   0.2568E+00   0.3428E+00   0.4294E+00   0.4950E+00   0.5368E+00   0.5646E+00   0.5817E+00   0.5925E+00   0.5995E+00   0.6040E+00   0.6072E+00   0.6093E+00   0.6110E+00   0.6122E+00   0.6131E+00   0.6139E+00   0.6146E+00   0.1482E+01   0.1687E+01   0.1718E+01   0.1720E+01   0.1721E+01   0.1722E+01   0.1723E+01   0.1723E+01   0.1724E+01   0.1725E+01   0.1725E+01   0.1726E+01   0.1726E+01   0.1726E+01   0.1727E+01   0.1727E+01   0.1728E+01   0.1728E+01   0.1728E+01   0.1728E+01   0.1729E+01   0.1729E+01   0.1729E+01   0.1729E+01   0.1730E+01   0.1730E+01   0.1730E+01   0.1730E+01   0.1730E+01   0.1730E+01   0.1730E+01   0.1731E+01   0.1731E+01   0.1731E+01   0.1731E+01   0.1731E+01   0.1775E+01   0.1789E+01   0.1798E+01   0.1804E+01   0.1809E+01   0.1813E+01   0.1817E+01   0.1820E+01   0.1823E+01   0.1825E+01   0.1828E+01   0.1830E+01   0.1832E+01   0.1833E+01   0.1835E+01   0.1836E+01   0.1838E+01   0.1839E+01   0.1840E+01   0.1841E+01   0.1842E+01   0.1843E+01   0.1843E+01   0.1844E+01   0.1845E+01   0.1846E+01   0.1846E+01   0.1847E+01   0.1847E+01   0.1848E+01
0.6160E+05   0.2550E+01   0.4379E-03   0.5233E-03   0.5908E-03   0.6583E-03   0.7310E-03   0.8075E-03   0.8898E-03   0.9777E-03   0.1072E-02   0.1174E-02   0.1283E-02   0.1402E-02   0.1530E-02   0.1670E-02   0.1822E-02   0.1989E-02   0.2172E-02   0.2373E-02   0.2596E-02   0.2843E-02   0.3119E-02   0.3428E-02   0.3776E-02   0.4170E-02   0.4617E-02   0.5129E-02   0.5718E-02   0.6400E-02   0.7195E-02   0.8128E-02   0.9231E-02   0.1054E-01   0.1212E-01   0.1403E-01   0.1636E-01   0.1923E-01   0.2278E-01   0.2722E-01   0.3279E-01   0.3983E-01   0.4877E-01   0.6007E-01   0.7417E-01   0.9165E-01   0.1168E+00   0.1466E+00   0.1871E+00   0.2443E+00   0.3197E+00   0.3986E+00   0.4632E+00   0.5060E+00   0.5348E+00   0.5525E+00   0.5634E+00   0.5706E+00   0.5752E+00   0.5783E+00   0.5805E+00   0.5821E+00   0.5833E+00   0.5842E+00   0.5850E+00   0.5857E+00   0.1403E+01   0.1664E+01   0.1719E+01   0.1721E+01   0.1722E+01   0.1723E+01   0.1724E+01   0.1724E+01   0.1725E+01   0.1725E+01   0.1726E+01   0.1726E+01   0.1727E+01   0.1727E+01   0.1727E+01   0.1728E+01   0.1728E+01   0.1728E+01   0.1729E+01   0.1729E+01   0.1729E+01   0.1729E+01   0.1730E+01   0.1730E+01   0.1730E+01   0.1730E+01   0.1730E+01   0.1730E+01   0.1731E+01   0.1731E+01   0.1731E+01   0.1731E+01   0.1731E+01   0.1731E+01   0.1731E+01   0.1731E+01   0.1770E+01   0.1782E+01   0.1791E+01   0.1797E+01   0.1802E+01   0.1806E+01   0.1810E+01   0.1813E+01   0.1815E+01   0.1818E+01   0.1820E+01   0.1822E+01   0.1824E+01   0.1826E+01   0.1827E+01   0.1829E+01   0.1830E+01   0.1831E+01   0.1832E+01   0.1833E+01   0.1834E+01   0.1835E+01   0.1836E+01   0.1836E+01   0.1837E+01   0.1838E+01   0.1838E+01   0.1839E+01   0.1839E+01   0.1840E+01
0.6143E+05   0.2700E+01   0.4380E-03   0.5235E-03   0.5910E-03   0.6585E-03   0.7312E-03   0.8077E-03   0.8900E-03   0.9779E-03   0.1072E-02   0.1174E-02   0.1284E-02   0.1402E-02   0.1531E-02   0.1670E-02   0.1823E-02   0.1989E-02   0.2172E-02   0.2374E-02   0.2597E-02   0.2844E-02   0.3121E-02   0.3430E-02   0.3778E-02   0.4172E-02   0.4620E-02   0.5133E-02   0.5722E-02   0.6405E-02   0.7201E-02   0.8135E-02   0.9239E-02   0.1055E-01   0.1213E-01   0.1404E-01   0.1638E-01   0.1924E-01   0.2279E-01   0.2722E-01   0.3276E-01   0.3975E-01   0.4859E-01   0.5971E-01   0.7354E-01   0.9062E-01   0.1150E+00   0.1438E+00   0.1825E+00   0.2355E+00   0.3037E+00   0.3768E+00   0.4403E+00   0.4839E+00   0.5134E+00   0.5315E+00   0.5427E+00   0.5499E+00   0.5545E+00   0.5577E+00   0.5599E+00   0.5615E+00   0.5627E+00   0.5636E+00   0.5644E+00   0.5650E+00   0.1394E+01   0.1563E+01   0.1660E+01   0.1661E+01   0.1662E+01   0.1663E+01   0.1664E+01   0.1664E+01   0.1665E+01   0.1666E+01   0.1666E+01   0.1667E+01   0.1667E+01   0.1667E+01   0.1668E+01   0.1668E+01   0.1668E+01   0.1669E+01   0.1669E+01   0.1669E+01   0.1669E+01   0.1669E+01   0.1670E+01   0.1670E+01   0.1670E+01   0.1670E+01   0.1670E+01   0.1670E+01   0.1671E+01   0.1671E+01   0.1671E+01   0.1671E+01   0.1671E+01   0.1671E+01   0.1671E+01   0.1671E+01   0.1699E+01   0.1709E+01   0.1716E+01   0.1722E+01   0.1727E+01   0.1731E+01   0.1734E+01   0.1737E+01   0.1740E+01   0.1742E+01   0.1744E+01   0.1746E+01   0.1748E+01   0.1749E+01   0.1751E+01   0.1752E+01   0.1753E+01   0.1754E+01   0.1755E+01   0.1756E+01   0.1757E+01   0.1758E+01   0.1759E+01   0.1759E+01   0.1760E+01   0.1761E+01   0.1761E+01   0.1762E+01   0.1762E+01   0.1763E+01
0.6150E+05   0.2850E+01   0.4381E-03   0.5236E-03   0.5911E-03   0.6586E-03   0.7313E-03   0.8078E-03   0.8901E-03   0.9781E-03   0.1073E-02   0.1174E-02   0.1284E-02   0.1403E-02   0.1531E-02   0.1671E-02   0.1823E-02   0.1990E-02   0.2173E-02   0.2374E-02   0.2598E-02   0.2845E-02   0.3121E-02   0.3431E-02   0.3779E-02   0.4174E-02   0.4622E-02   0.5135E-02   0.5725E-02   0.6408E-02   0.7204E-02   0.8139E-02   0.9244E-02   0.1056E-01   0.1214E-01   0.1405E-01   0.1638E-01   0.1925E-01   0.2279E-01   0.2721E-01   0.3274E-01   0.3969E-01   0.4847E-01   0.5948E-01   0.7314E-01   0.8997E-01   0.1138E+00   0.1420E+00   0.1796E+00   0.2303E+00   0.2943E+00   0.3638E+00   0.4264E+00   0.4704E+00   0.5004E+00   0.5187E+00   0.5301E+00   0.5374E+00   0.5421E+00   0.5452E+00   0.5474E+00   0.5490E+00   0.5502E+00   0.5512E+00   0.5519E+00   0.5526E+00   0.1389E+01   0.1518E+01   0.1645E+01   0.1646E+01   0.1647E+01   0.1648E+01   0.1649E+01   0.1650E+01   0.1650E+01   0.1651E+01   0.1651E+01   0.1652E+01   0.1652E+01   0.1652E+01   0.1653E+01   0.1653E+01   0.1653E+01   0.1653E+01   0.1654E+01   0.1654E+01   0.1654E+01   0.1654E+01   0.1655E+01   0.1655E+01   0.1655E+01   0.1655E+01   0.1655E+01   0.1655E+01   0.1655E+01   0.1656E+01   0.1656E+01   0.1656E+01   0.1656E+01   0.1656E+01   0.1656E+01   0.1656E+01   0.1677E+01   0.1685E+01   0.1692E+01   0.1698E+01   0.1702E+01   0.1706E+01   0.1709E+01   0.1712E+01   0.1715E+01   0.1717E+01   0.1719E+01   0.1721E+01   0.1723E+01   0.1724E+01   0.1726E+01   0.1727E+01   0.1728E+01   0.1729E+01   0.1730E+01   0.1731E+01   0.1732E+01   0.1733E+01   0.1733E+01   0.1734E+01   0.1735E+01   0.1735E+01   0.1736E+01   0.1736E+01   0.1737E+01   0.1737E+01
0.6148E+05   0.3000E+01   0.4381E-03   0.5236E-03   0.5911E-03   0.6587E-03   0.7313E-03   0.8079E-03   0.8902E-03   0.9781E-03   0.1073E-02   0.1174E-02   0.1284E-02   0.1403E-02   0.1531E-02   0.1671E-02   0.1823E-02   0.1990E-02   0.2173E-02   0.2375E-02   0.2598E-02   0.2845E-02   0.3122E-02   0.3431E-02   0.3780E-02   0.4174E-02   0.4622E-02   0.5135E-02   0.5725E-02   0.6409E-02   0.7205E-02   0.8140E-02   0.9246E-02   0.1056E-01   0.1214E-01   0.1405E-01   0.1639E-01   0.1925E-01   0.2280E-01   0.2721E-01   0.3273E-01   0.3967E-01   0.4843E-01   0.5941E-01   0.7301E-01   0.8977E-01   0.1135E+00   0.1415E+00   0.1787E+00   0.2286E+00   0.2914E+00   0.3597E+00   0.4221E+00   0.4663E+00   0.4965E+00   0.5149E+00   0.5263E+00   0.5337E+00   0.5384E+00   0.5415E+00   0.5437E+00   0.5453E+00   0.5465E+00   0.5474E+00   0.5482E+00   0.5489E+00   0.1394E+01   0.1517E+01   0.1653E+01   0.1655E+01   0.1656E+01   0.1657E+01   0.1657E+01   0.1658E+01   0.1659E+01   0.1659E+01   0.1660E+01   0.1660E+01   0.1660E+01   0.1661E+01   0.1661E+01   0.1661E+01   0.1662E+01   0.1662E+01   0.1662E+01   0.1662E+01   0.1663E+01   0.1663E+01   0.1663E+01   0.1663E+01   0.1663E+01   0.1663E+01   0.1664E+01   0.1664E+01   0.1664E+01   0.1664E+01   0.1664E+01   0.1664E+01   0.1664E+01   0.1664E+01   0.1664E+01   0.1664E+01   0.1684E+01   0.1692E+01   0.1699E+01   0.1704E+01   0.1709E+01   0.1713E+01   0.1716E+01   0.1719E+01   0.1721E+01   0.1724E+01   0.1726E+01   0.1728E+01   0.1729E+01   0.1731E+01   0.1732E+01   0.1734E+01   0.1735E+01   0.1736E+01   0.1737E+01   0.1738E+01   0.1739E+01   0.1739E+01   0.1740E+01   0.1741E+01   0.1741E+01   0.1742E+01   0.1742E+01   0.1743E+01   0.1743E+01   0.1744E+01
