0.6018E+05   0.1118E+01   -.9006E+01   -.9008E+01   -.9010E+01   -.9012E+01   -.9014E+01   -.9016E+01   -.9018E+01   -.9020E+01   -.9023E+01   -.9025E+01   -.9028E+01   -.9031E+01   -.9033E+01   -.9036E+01   -.9040E+01   -.9043E+01   -.9047E+01   -.9051E+01   -.9055E+01   -.9060E+01   -.9065E+01   -.9071E+01   -.9077E+01   -.9083E+01   -.9091E+01   -.9099E+01   -.9108E+01   -.9119E+01   -.9130E+01   -.9144E+01   -.9159E+01   -.9177E+01   -.9198E+01   -.9222E+01   -.9251E+01   -.9285E+01   -.9327E+01   -.9377E+01   -.9439E+01   -.9515E+01   -.9610E+01   -.9729E+01   -.9874E+01   -.1006E+02   -.1030E+02   -.1072E+02   -.1122E+02   -.1045E+02   -.4293E+01   -.4735E+01   -.5655E+01   -.5889E+01   -.6734E+01   -.7279E+01   -.7659E+01   -.7943E+01   -.8161E+01   -.8334E+01   -.8472E+01   -.8586E+01   -.8679E+01   -.8757E+01   -.8822E+01   -.8878E+01   -.2106E+01   -.1585E+01   -.1721E+01   -.1733E+01   -.1748E+01   -.1761E+01   -.1773E+01   -.1783E+01   -.1791E+01   -.1799E+01   -.1805E+01   -.1811E+01   -.1816E+01   -.1821E+01   -.1825E+01   -.1829E+01   -.1832E+01   -.1835E+01   -.1838E+01   -.1841E+01   -.1844E+01   -.1846E+01   -.1849E+01   -.1851E+01   -.1853E+01   -.1855E+01   -.1856E+01   -.1858E+01   -.1860E+01   -.1861E+01   -.1863E+01   -.1864E+01   -.1865E+01   -.1867E+01   -.1868E+01   -.1869E+01   -.2492E+01   -.2529E+01   -.2443E+01   -.2350E+01   -.2269E+01   -.2199E+01   -.2141E+01   -.2090E+01   -.2046E+01   -.2008E+01   -.1974E+01   -.1943E+01   -.1916E+01   -.1891E+01   -.1868E+01   -.1848E+01   -.1829E+01   -.1812E+01   -.1795E+01   -.1780E+01   -.1766E+01   -.1753E+01   -.1741E+01   -.1729E+01   -.1718E+01   -.1708E+01   -.1698E+01   -.1689E+01   -.1680E+01   -.1672E+01
0.6019E+05   0.1345E+01   -.9006E+01   -.9008E+01   -.9010E+01   -.9012E+01   -.9014E+01   -.9016E+01   -.9018E+01   -.9020E+01   -.9023E+01   -.9025E+01   -.9028E+01   -.9031E+01   -.9033E+01   -.9037E+01   -.9040E+01   -.9043E+01   -.9047E+01   -.9051E+01   -.9055E+01   -.9060E+01   -.9065E+01   -.9071E+01   -.9077E+01   -.9084E+01   -.9091E+01   -.9099E+01   -.9109E+01   -.9119E+01   -.9131E+01   -.9144E+01   -.9160E+01   -.9178E+01   -.9198E+01   -.9223E+01   -.9252E+01   -.9286E+01   -.9328E+01   -.9379E+01   -.9441E+01   -.9517E+01   -.9612E+01   -.9733E+01   -.9884E+01   -.1008E+02   -.1035E+02   -.1079E+02   -.1162E+02   -.9047E+01   -.6133E+01   -.6372E+01   -.6945E+01   -.7372E+01   -.7679E+01   -.7878E+01   -.8021E+01   -.8127E+01   -.8205E+01   -.8266E+01   -.8314E+01   -.8352E+01   -.8383E+01   -.8409E+01   -.8430E+01   -.8449E+01   0.2096E+00   -.1003E+00   -.1336E+00   -.1246E+00   -.1195E+00   -.1152E+00   -.1116E+00   -.1085E+00   -.1059E+00   -.1036E+00   -.1017E+00   -.9997E-01   -.9850E-01   -.9722E-01   -.9611E-01   -.9516E-01   -.9435E-01   -.9367E-01   -.9310E-01   -.9265E-01   -.9229E-01   -.9203E-01   -.9186E-01   -.9180E-01   -.9184E-01   -.9197E-01   -.9220E-01   -.9250E-01   -.9289E-01   -.9336E-01   -.9391E-01   -.9454E-01   -.9524E-01   -.9603E-01   -.9688E-01   -.9840E-01   -.8273E+00   -.9979E+00   -.1063E+01   -.1090E+01   -.1102E+01   -.1108E+01   -.1111E+01   -.1113E+01   -.1114E+01   -.1115E+01   -.1116E+01   -.1116E+01   -.1116E+01   -.1117E+01   -.1117E+01   -.1117E+01   -.1117E+01   -.1117E+01   -.1117E+01   -.1117E+01   -.1116E+01   -.1116E+01   -.1116E+01   -.1116E+01   -.1115E+01   -.1115E+01   -.1115E+01   -.1114E+01   -.1114E+01   -.1114E+01
0.6019E+05   0.1573E+01   -.9006E+01   -.9008E+01   -.9010E+01   -.9012E+01   -.9014E+01   -.9016E+01   -.9018E+01   -.9020E+01   -.9023E+01   -.9025E+01   -.9028E+01   -.9031E+01   -.9034E+01   -.9037E+01   -.9040E+01   -.9043E+01   -.9047E+01   -.9051E+01   -.9056E+01   -.9060E+01   -.9065E+01   -.9071E+01   -.9077E+01   -.9084E+01   -.9091E+01   -.9100E+01   -.9109E+01   -.9119E+01   -.9131E+01   -.9145E+01   -.9160E+01   -.9178E+01   -.9199E+01   -.9224E+01   -.9253E+01   -.9288E+01   -.9329E+01   -.9380E+01   -.9443E+01   -.9520E+01   -.9616E+01   -.9738E+01   -.9894E+01   -.1009E+02   -.1039E+02   -.1085E+02   -.1168E+02   -.1053E+02   -.7820E+01   -.7672E+01   -.7966E+01   -.8302E+01   -.8564E+01   -.8748E+01   -.8886E+01   -.8990E+01   -.9069E+01   -.9132E+01   -.9182E+01   -.9222E+01   -.9254E+01   -.9281E+01   -.9303E+01   -.9322E+01   -.4895E-01   -.3728E+00   -.4731E+00   -.4668E+00   -.4671E+00   -.4674E+00   -.4678E+00   -.4682E+00   -.4686E+00   -.4690E+00   -.4694E+00   -.4697E+00   -.4701E+00   -.4705E+00   -.4709E+00   -.4714E+00   -.4718E+00   -.4723E+00   -.4729E+00   -.4735E+00   -.4741E+00   -.4747E+00   -.4754E+00   -.4762E+00   -.4769E+00   -.4778E+00   -.4786E+00   -.4796E+00   -.4805E+00   -.4815E+00   -.4826E+00   -.4837E+00   -.4849E+00   -.4861E+00   -.4874E+00   -.4891E+00   -.1393E+01   -.1570E+01   -.1606E+01   -.1607E+01   -.1599E+01   -.1589E+01   -.1579E+01   -.1570E+01   -.1562E+01   -.1554E+01   -.1547E+01   -.1541E+01   -.1536E+01   -.1531E+01   -.1526E+01   -.1522E+01   -.1518E+01   -.1514E+01   -.1510E+01   -.1507E+01   -.1504E+01   -.1501E+01   -.1498E+01   -.1495E+01   -.1492E+01   -.1490E+01   -.1487E+01   -.1485E+01   -.1483E+01   -.1481E+01
0.6018E+05   0.1800E+01   -.9006E+01   -.9008E+01   -.9010E+01   -.9012E+01   -.9014E+01   -.9016E+01   -.9018E+01   -.9020E+01   -.9023E+01   -.9025E+01   -.9028E+01   -.9031E+01   -.9034E+01   -.9037E+01   -.9040E+01   -.9043E+01   -.9047E+01   -.9051E+01   -.9056E+01   -.9060E+01   -.9065E+01   -.9071E+01   -.9077E+01   -.9084E+01   -.9091E+01   -.9100E+01   -.9109E+01   -.9120E+01   -.9132E+01   -.9145E+01   -.9161E+01   -.9179E+01   -.9200E+01   -.9224E+01   -.9254E+01   -.9288E+01   -.9330E+01   -.9381E+01   -.9444E+01   -.9521E+01   -.9617E+01   -.9741E+01   -.9899E+01   -.1010E+02   -.1040E+02   -.1085E+02   -.1153E+02   -.1200E+02   -.9232E+01   -.8926E+01   -.9153E+01   -.9437E+01   -.9674E+01   -.9853E+01   -.9993E+01   -.1010E+02   -.1019E+02   -.1025E+02   -.1031E+02   -.1035E+02   -.1039E+02   -.1042E+02   -.1044E+02   -.1046E+02   -.1507E+00   -.7707E+00   -.7602E+00   -.7562E+00   -.7600E+00   -.7634E+00   -.7665E+00   -.7694E+00   -.7719E+00   -.7742E+00   -.7764E+00   -.7783E+00   -.7801E+00   -.7818E+00   -.7835E+00   -.7850E+00   -.7865E+00   -.7880E+00   -.7895E+00   -.7909E+00   -.7923E+00   -.7937E+00   -.7951E+00   -.7964E+00   -.7978E+00   -.7992E+00   -.8006E+00   -.8021E+00   -.8035E+00   -.8050E+00   -.8064E+00   -.8080E+00   -.8095E+00   -.8111E+00   -.8127E+00   -.8145E+00   -.1917E+01   -.2153E+01   -.2213E+01   -.2226E+01   -.2224E+01   -.2217E+01   -.2209E+01   -.2202E+01   -.2195E+01   -.2189E+01   -.2183E+01   -.2178E+01   -.2173E+01   -.2169E+01   -.2165E+01   -.2161E+01   -.2157E+01   -.2154E+01   -.2151E+01   -.2148E+01   -.2145E+01   -.2143E+01   -.2140E+01   -.2138E+01   -.2136E+01   -.2133E+01   -.2131E+01   -.2129E+01   -.2127E+01   -.2125E+01
0.6062E+05   0.1950E+01   -.9006E+01   -.9008E+01   -.9010E+01   -.9012E+01   -.9014E+01   -.9016E+01   -.9018E+01   -.9020E+01   -.9023E+01   -.9025E+01   -.9028E+01   -.9031E+01   -.9034E+01   -.9037E+01   -.9040E+01   -.9044E+01   -.9047E+01   -.9051E+01   -.9056E+01   -.9060E+01   -.9066E+01   -.9071E+01   -.9077E+01   -.9084E+01   -.9092E+01   -.9100E+01   -.9109E+01   -.9120E+01   -.9132E+01   -.9145E+01   -.9161E+01   -.9179E+01   -.9200E+01   -.9225E+01   -.9254E+01   -.9289E+01   -.9331E+01   -.9382E+01   -.9445E+01   -.9522E+01   -.9619E+01   -.9742E+01   -.9901E+01   -.1010E+02   -.1040E+02   -.1083E+02   -.1145E+02   -.1212E+02   -.1014E+02   -.9608E+01   -.9773E+01   -.1002E+02   -.1024E+02   -.1041E+02   -.1055E+02   -.1066E+02   -.1074E+02   -.1081E+02   -.1087E+02   -.1092E+02   -.1095E+02   -.1098E+02   -.1101E+02   -.1103E+02   -.1257E+00   -.1666E+00   -.3254E+00   -.3219E+00   -.3267E+00   -.3309E+00   -.3349E+00   -.3385E+00   -.3418E+00   -.3448E+00   -.3475E+00   -.3501E+00   -.3525E+00   -.3547E+00   -.3569E+00   -.3589E+00   -.3609E+00   -.3628E+00   -.3647E+00   -.3665E+00   -.3683E+00   -.3701E+00   -.3719E+00   -.3737E+00   -.3754E+00   -.3772E+00   -.3789E+00   -.3807E+00   -.3825E+00   -.3842E+00   -.3860E+00   -.3879E+00   -.3897E+00   -.3916E+00   -.3935E+00   -.3956E+00   -.1806E+01   -.2095E+01   -.2159E+01   -.2169E+01   -.2164E+01   -.2155E+01   -.2146E+01   -.2137E+01   -.2128E+01   -.2121E+01   -.2114E+01   -.2107E+01   -.2102E+01   -.2096E+01   -.2092E+01   -.2087E+01   -.2083E+01   -.2079E+01   -.2076E+01   -.2072E+01   -.2069E+01   -.2066E+01   -.2063E+01   -.2061E+01   -.2058E+01   -.2056E+01   -.2053E+01   -.2051E+01   -.2049E+01   -.2047E+01
0.6057E+05   0.2100E+01   -.9006E+01   -.9008E+01   -.9010E+01   -.9012E+01   -.9014E+01   -.9016E+01   -.9018E+01   -.9020E+01   -.9023E+01   -.9025E+01   -.9028E+01   -.9031E+01   -.9034E+01   -.9037E+01   -.9040E+01   -.9044E+01   -.9047E+01   -.9051E+01   -.9056E+01   -.9060E+01   -.9066E+01   -.9071E+01   -.9077E+01   -.9084E+01   -.9092E+01   -.9100E+01   -.9109E+01   -.9120E+01   -.9132E+01   -.9146E+01   -.9161E+01   -.9180E+01   -.9201E+01   -.9226E+01   -.9255E+01   -.9290E+01   -.9333E+01   -.9384E+01   -.9447E+01   -.9526E+01   -.9624E+01   -.9750E+01   -.9913E+01   -.1012E+02   -.1043E+02   -.1085E+02   -.1140E+02   -.1182E+02   -.1099E+02   -.1024E+02   -.1025E+02   -.1043E+02   -.1062E+02   -.1078E+02   -.1092E+02   -.1103E+02   -.1113E+02   -.1120E+02   -.1126E+02   -.1131E+02   -.1134E+02   -.1138E+02   -.1140E+02   -.1142E+02   -.3416E+00   -.2038E+00   -.4135E+00   -.4068E+00   -.4134E+00   -.4195E+00   -.4250E+00   -.4300E+00   -.4345E+00   -.4386E+00   -.4424E+00   -.4459E+00   -.4491E+00   -.4521E+00   -.4549E+00   -.4576E+00   -.4602E+00   -.4627E+00   -.4651E+00   -.4674E+00   -.4697E+00   -.4720E+00   -.4741E+00   -.4763E+00   -.4784E+00   -.4805E+00   -.4826E+00   -.4847E+00   -.4868E+00   -.4888E+00   -.4909E+00   -.4930E+00   -.4950E+00   -.4971E+00   -.4992E+00   -.5013E+00   -.2088E+01   -.2456E+01   -.2581E+01   -.2632E+01   -.2655E+01   -.2666E+01   -.2671E+01   -.2675E+01   -.2677E+01   -.2679E+01   -.2680E+01   -.2681E+01   -.2682E+01   -.2683E+01   -.2684E+01   -.2684E+01   -.2685E+01   -.2685E+01   -.2686E+01   -.2686E+01   -.2686E+01   -.2686E+01   -.2686E+01   -.2687E+01   -.2687E+01   -.2687E+01   -.2687E+01   -.2687E+01   -.2687E+01   -.2687E+01
0.6134E+05   0.2250E+01   -.9006E+01   -.9008E+01   -.9010E+01   -.9012E+01   -.9014E+01   -.9016E+01   -.9018E+01   -.9020E+01   -.9023E+01   -.9025E+01   -.9028E+01   -.9031E+01   -.9034E+01   -.9037E+01   -.9040E+01   -.9044E+01   -.9047E+01   -.9051E+01   -.9056E+01   -.9060E+01   -.9066E+01   -.9071E+01   -.9077E+01   -.9084E+01   -.9092E+01   -.9100E+01   -.9110E+01   -.9120E+01   -.9132E+01   -.9146E+01   -.9162E+01   -.9180E+01   -.9201E+01   -.9226E+01   -.9255E+01   -.9290E+01   -.9333E+01   -.9384E+01   -.9447E+01   -.9525E+01   -.9622E+01   -.9747E+01   -.9908E+01   -.1011E+02   -.1041E+02   -.1081E+02   -.1131E+02   -.1175E+02   -.1153E+02   -.1099E+02   -.1090E+02   -.1103E+02   -.1119E+02   -.1135E+02   -.1148E+02   -.1159E+02   -.1169E+02   -.1176E+02   -.1182E+02   -.1187E+02   -.1191E+02   -.1194E+02   -.1196E+02   -.1199E+02   0.4903E+00   0.3374E+00   -.3416E+00   -.3357E+00   -.3427E+00   -.3491E+00   -.3550E+00   -.3603E+00   -.3651E+00   -.3695E+00   -.3735E+00   -.3772E+00   -.3806E+00   -.3838E+00   -.3868E+00   -.3897E+00   -.3925E+00   -.3951E+00   -.3977E+00   -.4002E+00   -.4026E+00   -.4049E+00   -.4073E+00   -.4095E+00   -.4118E+00   -.4140E+00   -.4162E+00   -.4184E+00   -.4206E+00   -.4227E+00   -.4249E+00   -.4270E+00   -.4292E+00   -.4314E+00   -.4335E+00   -.4357E+00   -.2063E+01   -.2412E+01   -.2524E+01   -.2568E+01   -.2586E+01   -.2593E+01   -.2595E+01   -.2596E+01   -.2596E+01   -.2596E+01   -.2595E+01   -.2594E+01   -.2594E+01   -.2593E+01   -.2593E+01   -.2592E+01   -.2592E+01   -.2591E+01   -.2591E+01   -.2590E+01   -.2590E+01   -.2589E+01   -.2589E+01   -.2588E+01   -.2588E+01   -.2587E+01   -.2587E+01   -.2586E+01   -.2586E+01   -.2585E+01
0.6130E+05   0.2400E+01   -.9006E+01   -.9008E+01   -.9010E+01   -.9012E+01   -.9014E+01   -.9016E+01   -.9018E+01   -.9020E+01   -.9023E+01   -.9025E+01   -.9028E+01   -.9031E+01   -.9034E+01   -.9037E+01   -.9040E+01   -.9044E+01   -.9047E+01   -.9051E+01   -.9056E+01   -.9061E+01   -.9066E+01   -.9071E+01   -.9077E+01   -.9084E+01   -.9092E+01   -.9100E+01   -.9110E+01   -.9120E+01   -.9132E+01   -.9146E+01   -.9162E+01   -.9180E+01   -.9201E+01   -.9226E+01   -.9256E+01   -.9291E+01   -.9333E+01   -.9385E+01   -.9448E+01   -.9526E+01   -.9624E+01   -.9750E+01   -.9911E+01   -.1011E+02   -.1041E+02   -.1079E+02   -.1124E+02   -.1162E+02   -.1164E+02   -.1131E+02   -.1118E+02   -.1126E+02   -.1139E+02   -.1154E+02   -.1167E+02   -.1178E+02   -.1187E+02   -.1195E+02   -.1201E+02   -.1206E+02   -.1210E+02   -.1213E+02   -.1215E+02   -.1218E+02   -.6818E+01   -.1761E+00   -.6062E+00   -.5980E+00   -.6050E+00   -.6114E+00   -.6173E+00   -.6226E+00   -.6274E+00   -.6318E+00   -.6358E+00   -.6395E+00   -.6429E+00   -.6460E+00   -.6490E+00   -.6518E+00   -.6545E+00   -.6571E+00   -.6596E+00   -.6620E+00   -.6643E+00   -.6666E+00   -.6688E+00   -.6710E+00   -.6732E+00   -.6753E+00   -.6774E+00   -.6794E+00   -.6815E+00   -.6835E+00   -.6856E+00   -.6876E+00   -.6896E+00   -.6917E+00   -.6937E+00   -.6958E+00   -.2258E+01   -.2627E+01   -.2736E+01   -.2777E+01   -.2793E+01   -.2800E+01   -.2803E+01   -.2805E+01   -.2806E+01   -.2806E+01   -.2806E+01   -.2806E+01   -.2806E+01   -.2806E+01   -.2806E+01   -.2806E+01   -.2806E+01   -.2805E+01   -.2805E+01   -.2805E+01   -.2805E+01   -.2805E+01   -.2805E+01   -.2804E+01   -.2804E+01   -.2804E+01   -.2804E+01   -.2804E+01   -.2803E+01   -.2803E+01
0.6160E+05   0.2550E+01   -.9006E+01   -.9008E+01   -.9010E+01   -.9012E+01   -.9014E+01   -.9016E+01   -.9018E+01   -.9020E+01   -.9023E+01   -.9025E+01   -.9028E+01   -.9031E+01   -.9034E+01   -.9037E+01   -.9040E+01   -.9044E+01   -.9047E+01   -.9051E+01   -.9056E+01   -.9061E+01   -.9066E+01   -.9071E+01   -.9078E+01   -.9084E+01   -.9092E+01   -.9100E+01   -.9110E+01   -.9120E+01   -.9132E+01   -.9146E+01   -.9162E+01   -.9180E+01   -.9201E+01   -.9226E+01   -.9255E+01   -.9291E+01   -.9333E+01   -.9384E+01   -.9447E+01   -.9524E+01   -.9622E+01   -.9746E+01   -.9906E+01   -.1010E+02   -.1040E+02   -.1076E+02   -.1118E+02   -.1158E+02   -.1170E+02   -.1153E+02   -.1139E+02   -.1143E+02   -.1154E+02   -.1168E+02   -.1181E+02   -.1192E+02   -.1201E+02   -.1208E+02   -.1214E+02   -.1219E+02   -.1223E+02   -.1226E+02   -.1229E+02   -.1231E+02   -.9053E+01   0.2021E+00   0.3788E+00   0.3848E+00   0.3767E+00   0.3693E+00   0.3624E+00   0.3561E+00   0.3502E+00   0.3449E+00   0.3399E+00   0.3353E+00   0.3310E+00   0.3269E+00   0.3230E+00   0.3194E+00   0.3158E+00   0.3123E+00   0.3090E+00   0.3057E+00   0.3026E+00   0.2995E+00   0.2964E+00   0.2934E+00   0.2904E+00   0.2875E+00   0.2846E+00   0.2817E+00   0.2788E+00   0.2759E+00   0.2731E+00   0.2702E+00   0.2674E+00   0.2645E+00   0.2617E+00   0.2588E+00   -.2157E+01   -.2673E+01   -.2814E+01   -.2863E+01   -.2885E+01   -.2896E+01   -.2902E+01   -.2906E+01   -.2909E+01   -.2911E+01   -.2913E+01   -.2914E+01   -.2915E+01   -.2916E+01   -.2917E+01   -.2918E+01   -.2919E+01   -.2920E+01   -.2920E+01   -.2921E+01   -.2921E+01   -.2922E+01   -.2922E+01   -.2922E+01   -.2923E+01   -.2923E+01   -.2923E+01   -.2923E+01   -.2924E+01   -.2924E+01
0.6143E+05   0.2700E+01   -.9006E+01   -.9008E+01   -.9010E+01   -.9012E+01   -.9014E+01   -.9016E+01   -.9018E+01   -.9020E+01   -.9023E+01   -.9025E+01   -.9028E+01   -.9031E+01   -.9034E+01   -.9037E+01   -.9040E+01   -.9044E+01   -.9047E+01   -.9051E+01   -.9056E+01   -.9061E+01   -.9066E+01   -.9071E+01   -.9078E+01   -.9084E+01   -.9092E+01   -.9100E+01   -.9110E+01   -.9120E+01   -.9132E+01   -.9146E+01   -.9162E+01   -.9180E+01   -.9202E+01   -.9226E+01   -.9256E+01   -.9291E+01   -.9334E+01   -.9385E+01   -.9448E+01   -.9526E+01   -.9624E+01   -.9749E+01   -.9909E+01   -.1011E+02   -.1040E+02   -.1075E+02   -.1116E+02   -.1156E+02   -.1178E+02   -.1174E+02   -.1162E+02   -.1164E+02   -.1175E+02   -.1188E+02   -.1201E+02   -.1211E+02   -.1220E+02   -.1228E+02   -.1233E+02   -.1238E+02   -.1242E+02   -.1245E+02   -.1248E+02   -.1250E+02   -.7405E+01   -.7767E+01   -.3378E+01   -.3369E+01   -.3376E+01   -.3382E+01   -.3388E+01   -.3393E+01   -.3397E+01   -.3401E+01   -.3405E+01   -.3408E+01   -.3412E+01   -.3414E+01   -.3417E+01   -.3420E+01   -.3422E+01   -.3424E+01   -.3426E+01   -.3429E+01   -.3431E+01   -.3432E+01   -.3434E+01   -.3436E+01   -.3438E+01   -.3440E+01   -.3442E+01   -.3443E+01   -.3445E+01   -.3447E+01   -.3448E+01   -.3450E+01   -.3452E+01   -.3454E+01   -.3455E+01   -.3457E+01   -.4660E+01   -.4975E+01   -.5067E+01   -.5094E+01   -.5100E+01   -.5100E+01   -.5097E+01   -.5093E+01   -.5089E+01   -.5085E+01   -.5082E+01   -.5078E+01   -.5075E+01   -.5073E+01   -.5070E+01   -.5068E+01   -.5065E+01   -.5063E+01   -.5062E+01   -.5060E+01   -.5058E+01   -.5057E+01   -.5055E+01   -.5054E+01   -.5052E+01   -.5051E+01   -.5050E+01   -.5049E+01   -.5048E+01   -.5047E+01
0.6150E+05   0.2850E+01   -.9006E+01   -.9008E+01   -.9010E+01   -.9012E+01   -.9014E+01   -.9016E+01   -.9018E+01   -.9020E+01   -.9023E+01   -.9025E+01   -.9028E+01   -.9031E+01   -.9034E+01   -.9037E+01   -.9040E+01   -.9044E+01   -.9047E+01   -.9051E+01   -.9056E+01   -.9061E+01   -.9066E+01   -.9071E+01   -.9078E+01   -.9084E+01   -.9092E+01   -.9100E+01   -.9110E+01   -.9121E+01   -.9133E+01   -.9146E+01   -.9162E+01   -.9180E+01   -.9202E+01   -.9227E+01   -.9256E+01   -.9291E+01   -.9334E+01   -.9385E+01   -.9448E+01   -.9526E+01   -.9624E+01   -.9749E+01   -.9908E+01   -.1011E+02   -.1040E+02   -.1074E+02   -.1114E+02   -.1154E+02   -.1182E+02   -.1185E+02   -.1174E+02   -.1174E+02   -.1183E+02   -.1196E+02   -.1208E+02   -.1219E+02   -.1228E+02   -.1235E+02   -.1241E+02   -.1246E+02   -.1249E+02   -.1253E+02   -.1255E+02   -.1258E+02   -.6342E+01   -.6479E+01   -.3632E+01   -.3630E+01   -.3637E+01   -.3643E+01   -.3648E+01   -.3654E+01   -.3658E+01   -.3662E+01   -.3666E+01   -.3669E+01   -.3672E+01   -.3675E+01   -.3677E+01   -.3680E+01   -.3682E+01   -.3684E+01   -.3686E+01   -.3688E+01   -.3690E+01   -.3691E+01   -.3693E+01   -.3695E+01   -.3696E+01   -.3698E+01   -.3699E+01   -.3701E+01   -.3702E+01   -.3704E+01   -.3705E+01   -.3707E+01   -.3708E+01   -.3710E+01   -.3711E+01   -.3712E+01   -.4661E+01   -.4971E+01   -.5078E+01   -.5115E+01   -.5127E+01   -.5131E+01   -.5131E+01   -.5130E+01   -.5128E+01   -.5126E+01   -.5125E+01   -.5123E+01   -.5121E+01   -.5120E+01   -.5118E+01   -.5117E+01   -.5116E+01   -.5115E+01   -.5113E+01   -.5112E+01   -.5111E+01   -.5110E+01   -.5109E+01   -.5108E+01   -.5107E+01   -.5106E+01   -.5105E+01   -.5104E+01   -.5104E+01   -.5103E+01
0.6148E+05   0.3000E+01   -.9006E+01   -.9008E+01   -.9010E+01   -.9012E+01   -.9014E+01   -.9016E+01   -.9018E+01   -.9020E+01   -.9023E+01   -.9025E+01   -.9028E+01   -.9031E+01   -.9034E+01   -.9037E+01   -.9040E+01   -.9044E+01   -.9047E+01   -.9051E+01   -.9056E+01   -.9061E+01   -.9066E+01   -.9071E+01   -.9078E+01   -.9084E+01   -.9092E+01   -.9100E+01   -.9110E+01   -.9120E+01   -.9133E+01   -.9146E+01   -.9162E+01   -.9180E+01   -.9202E+01   -.9227E+01   -.9256E+01   -.9291E+01   -.9334E+01   -.9386E+01   -.9449E+01   -.9527E+01   -.9626E+01   -.9752E+01   -.9911E+01   -.1011E+02   -.1040E+02   -.1074E+02   -.1114E+02   -.1153E+02   -.1180E+02   -.1184E+02   -.1173E+02   -.1173E+02   -.1182E+02   -.1194E+02   -.1206E+02   -.1217E+02   -.1225E+02   -.1233E+02   -.1238E+02   -.1243E+02   -.1247E+02   -.1250E+02   -.1253E+02   -.1255E+02   -.6015E+01   -.6630E+01   -.3122E+01   -.3107E+01   -.3115E+01   -.3122E+01   -.3128E+01   -.3134E+01   -.3139E+01   -.3144E+01   -.3148E+01   -.3152E+01   -.3156E+01   -.3159E+01   -.3163E+01   -.3166E+01   -.3168E+01   -.3171E+01   -.3174E+01   -.3176E+01   -.3179E+01   -.3181E+01   -.3184E+01   -.3186E+01   -.3188E+01   -.3191E+01   -.3193E+01   -.3195E+01   -.3197E+01   -.3199E+01   -.3201E+01   -.3203E+01   -.3206E+01   -.3208E+01   -.3210E+01   -.3212E+01   -.4903E+01   -.5371E+01   -.5529E+01   -.5591E+01   -.5621E+01   -.5637E+01   -.5648E+01   -.5655E+01   -.5661E+01   -.5666E+01   -.5670E+01   -.5674E+01   -.5677E+01   -.5680E+01   -.5682E+01   -.5685E+01   -.5687E+01   -.5688E+01   -.5690E+01   -.5692E+01   -.5693E+01   -.5694E+01   -.5695E+01   -.5696E+01   -.5697E+01   -.5698E+01   -.5698E+01   -.5699E+01   -.5700E+01   -.5700E+01
