0.6018E+05   0.1118E+01   0.4340E-03   0.5287E-03   0.6029E-03   0.6823E-03   0.7683E-03   0.8599E-03   0.9577E-03   0.1062E-02   0.1174E-02   0.1293E-02   0.1422E-02   0.1560E-02   0.1709E-02   0.1870E-02   0.2044E-02   0.2234E-02   0.2441E-02   0.2668E-02   0.2916E-02   0.3201E-02   0.3494E-02   0.3832E-02   0.4223E-02   0.4633E-02   0.5130E-02   0.5658E-02   0.6305E-02   0.7027E-02   0.7868E-02   0.8853E-02   0.1002E-01   0.1141E-01   0.1309E-01   0.1513E-01   0.1766E-01   0.2083E-01   0.2486E-01   0.3009E-01   0.3700E-01   0.4638E-01   0.5941E-01   0.7770E-01   0.1038E+00   0.1403E+00   0.2042E+00   0.2923E+00   0.4175E+00   0.6023E+00   0.9719E+00   0.1156E+01   0.1297E+01   0.1409E+01   0.1502E+01   0.1583E+01   0.1651E+01   0.1710E+01   0.1765E+01   0.1807E+01   0.1850E+01   0.1883E+01   0.1917E+01   0.1946E+01   0.1971E+01   0.1995E+01   0.2695E+01   0.2732E+01   0.2789E+01   0.2797E+01   0.2807E+01   0.2819E+01   0.2832E+01   0.2844E+01   0.2856E+01   0.2867E+01   0.2877E+01   0.2886E+01   0.2895E+01   0.2903E+01   0.2911E+01   0.2918E+01   0.2925E+01   0.2931E+01   0.2937E+01   0.2943E+01   0.2948E+01   0.2953E+01   0.2958E+01   0.2962E+01   0.2967E+01   0.2971E+01   0.2974E+01   0.2978E+01   0.2981E+01   0.2984E+01   0.2987E+01   0.2990E+01   0.2993E+01   0.2995E+01   0.2998E+01   0.3000E+01
0.6019E+05   0.1345E+01   0.4346E-03   0.5293E-03   0.6036E-03   0.6831E-03   0.7692E-03   0.8609E-03   0.9589E-03   0.1063E-02   0.1175E-02   0.1295E-02   0.1423E-02   0.1562E-02   0.1711E-02   0.1873E-02   0.2048E-02   0.2238E-02   0.2446E-02   0.2673E-02   0.2922E-02   0.3208E-02   0.3502E-02   0.3842E-02   0.4235E-02   0.4648E-02   0.5148E-02   0.5680E-02   0.6331E-02   0.7060E-02   0.7908E-02   0.8903E-02   0.1008E-01   0.1148E-01   0.1318E-01   0.1524E-01   0.1779E-01   0.2098E-01   0.2503E-01   0.3025E-01   0.3711E-01   0.4632E-01   0.5895E-01   0.7638E-01   0.1008E+00   0.1344E+00   0.1914E+00   0.2682E+00   0.3801E+00   0.5712E+00   0.8909E+00   0.1065E+01   0.1198E+01   0.1304E+01   0.1393E+01   0.1471E+01   0.1537E+01   0.1594E+01   0.1648E+01   0.1689E+01   0.1730E+01   0.1763E+01   0.1796E+01   0.1823E+01   0.1848E+01   0.1871E+01   0.2691E+01   0.2736E+01   0.2803E+01   0.2810E+01   0.2821E+01   0.2833E+01   0.2845E+01   0.2858E+01   0.2870E+01   0.2881E+01   0.2891E+01   0.2901E+01   0.2910E+01   0.2918E+01   0.2926E+01   0.2933E+01   0.2940E+01   0.2946E+01   0.2952E+01   0.2958E+01   0.2963E+01   0.2968E+01   0.2973E+01   0.2978E+01   0.2982E+01   0.2986E+01   0.2990E+01   0.2993E+01   0.2997E+01   0.3000E+01   0.3003E+01   0.3006E+01   0.3008E+01   0.3011E+01   0.3013E+01   0.3016E+01
0.6019E+05   0.1573E+01   0.4356E-03   0.5305E-03   0.6049E-03   0.6844E-03   0.7706E-03   0.8624E-03   0.9604E-03   0.1065E-02   0.1177E-02   0.1297E-02   0.1426E-02   0.1564E-02   0.1714E-02   0.1876E-02   0.2051E-02   0.2242E-02   0.2450E-02   0.2678E-02   0.2928E-02   0.3215E-02   0.3511E-02   0.3852E-02   0.4247E-02   0.4662E-02   0.5165E-02   0.5700E-02   0.6356E-02   0.7090E-02   0.7945E-02   0.8947E-02   0.1013E-01   0.1155E-01   0.1326E-01   0.1534E-01   0.1791E-01   0.2111E-01   0.2517E-01   0.3037E-01   0.3716E-01   0.4617E-01   0.5838E-01   0.7493E-01   0.9764E-01   0.1285E+00   0.1792E+00   0.2459E+00   0.3434E+00   0.5093E+00   0.7880E+00   0.9627E+00   0.1094E+01   0.1200E+01   0.1288E+01   0.1366E+01   0.1432E+01   0.1489E+01   0.1542E+01   0.1583E+01   0.1624E+01   0.1656E+01   0.1689E+01   0.1717E+01   0.1742E+01   0.1764E+01   0.2687E+01   0.2743E+01   0.2821E+01   0.2828E+01   0.2838E+01   0.2850E+01   0.2863E+01   0.2876E+01   0.2888E+01   0.2899E+01   0.2909E+01   0.2919E+01   0.2928E+01   0.2936E+01   0.2944E+01   0.2952E+01   0.2959E+01   0.2965E+01   0.2971E+01   0.2977E+01   0.2982E+01   0.2987E+01   0.2992E+01   0.2997E+01   0.3001E+01   0.3005E+01   0.3009E+01   0.3012E+01   0.3016E+01   0.3019E+01   0.3022E+01   0.3025E+01   0.3028E+01   0.3030E+01   0.3032E+01   0.3035E+01
0.6018E+05   0.1800E+01   0.4364E-03   0.5313E-03   0.6057E-03   0.6854E-03   0.7716E-03   0.8634E-03   0.9616E-03   0.1066E-02   0.1178E-02   0.1298E-02   0.1427E-02   0.1566E-02   0.1716E-02   0.1878E-02   0.2054E-02   0.2245E-02   0.2454E-02   0.2682E-02   0.2933E-02   0.3221E-02   0.3518E-02   0.3860E-02   0.4257E-02   0.4674E-02   0.5179E-02   0.5718E-02   0.6377E-02   0.7116E-02   0.7976E-02   0.8987E-02   0.1018E-01   0.1161E-01   0.1333E-01   0.1543E-01   0.1801E-01   0.2123E-01   0.2528E-01   0.3046E-01   0.3717E-01   0.4600E-01   0.5780E-01   0.7356E-01   0.9477E-01   0.1232E+00   0.1686E+00   0.2272E+00   0.3131E+00   0.4602E+00   0.6948E+00   0.8688E+00   0.1002E+01   0.1110E+01   0.1200E+01   0.1280E+01   0.1347E+01   0.1405E+01   0.1459E+01   0.1500E+01   0.1543E+01   0.1575E+01   0.1608E+01   0.1636E+01   0.1662E+01   0.1684E+01   0.2690E+01   0.2760E+01   0.2854E+01   0.2861E+01   0.2871E+01   0.2883E+01   0.2896E+01   0.2908E+01   0.2920E+01   0.2932E+01   0.2942E+01   0.2952E+01   0.2961E+01   0.2969E+01   0.2977E+01   0.2985E+01   0.2992E+01   0.2998E+01   0.3004E+01   0.3010E+01   0.3015E+01   0.3020E+01   0.3025E+01   0.3030E+01   0.3034E+01   0.3038E+01   0.3042E+01   0.3046E+01   0.3049E+01   0.3052E+01   0.3055E+01   0.3058E+01   0.3061E+01   0.3063E+01   0.3066E+01   0.3068E+01
0.6062E+05   0.1950E+01   0.4368E-03   0.5317E-03   0.6062E-03   0.6858E-03   0.7721E-03   0.8640E-03   0.9622E-03   0.1067E-02   0.1179E-02   0.1299E-02   0.1428E-02   0.1567E-02   0.1717E-02   0.1880E-02   0.2056E-02   0.2247E-02   0.2456E-02   0.2685E-02   0.2936E-02   0.3224E-02   0.3521E-02   0.3864E-02   0.4262E-02   0.4680E-02   0.5187E-02   0.5727E-02   0.6389E-02   0.7130E-02   0.7994E-02   0.9008E-02   0.1021E-01   0.1164E-01   0.1337E-01   0.1547E-01   0.1806E-01   0.2128E-01   0.2534E-01   0.3050E-01   0.3716E-01   0.4586E-01   0.5741E-01   0.7268E-01   0.9301E-01   0.1200E+00   0.1624E+00   0.2166E+00   0.2966E+00   0.4330E+00   0.6409E+00   0.8136E+00   0.9496E+00   0.1060E+01   0.1152E+01   0.1234E+01   0.1302E+01   0.1361E+01   0.1416E+01   0.1458E+01   0.1501E+01   0.1534E+01   0.1568E+01   0.1596E+01   0.1622E+01   0.1645E+01   0.2685E+01   0.2771E+01   0.2878E+01   0.2884E+01   0.2894E+01   0.2906E+01   0.2919E+01   0.2932E+01   0.2944E+01   0.2955E+01   0.2965E+01   0.2975E+01   0.2984E+01   0.2993E+01   0.3001E+01   0.3008E+01   0.3015E+01   0.3022E+01   0.3028E+01   0.3034E+01   0.3039E+01   0.3044E+01   0.3049E+01   0.3054E+01   0.3058E+01   0.3062E+01   0.3066E+01   0.3069E+01   0.3073E+01   0.3076E+01   0.3079E+01   0.3082E+01   0.3085E+01   0.3087E+01   0.3090E+01   0.3092E+01
0.6057E+05   0.2100E+01   0.4371E-03   0.5321E-03   0.6066E-03   0.6863E-03   0.7726E-03   0.8645E-03   0.9628E-03   0.1068E-02   0.1180E-02   0.1300E-02   0.1429E-02   0.1568E-02   0.1718E-02   0.1881E-02   0.2057E-02   0.2249E-02   0.2458E-02   0.2687E-02   0.2939E-02   0.3227E-02   0.3525E-02   0.3868E-02   0.4267E-02   0.4686E-02   0.5194E-02   0.5736E-02   0.6399E-02   0.7142E-02   0.8009E-02   0.9027E-02   0.1023E-01   0.1167E-01   0.1340E-01   0.1551E-01   0.1811E-01   0.2133E-01   0.2538E-01   0.3053E-01   0.3714E-01   0.4573E-01   0.5705E-01   0.7189E-01   0.9145E-01   0.1172E+00   0.1570E+00   0.2076E+00   0.2821E+00   0.4068E+00   0.5944E+00   0.7644E+00   0.9031E+00   0.1016E+01   0.1111E+01   0.1195E+01   0.1264E+01   0.1324E+01   0.1380E+01   0.1423E+01   0.1467E+01   0.1500E+01   0.1535E+01   0.1564E+01   0.1590E+01   0.1614E+01   0.2673E+01   0.2782E+01   0.2905E+01   0.2911E+01   0.2921E+01   0.2933E+01   0.2946E+01   0.2958E+01   0.2971E+01   0.2982E+01   0.2992E+01   0.3002E+01   0.3011E+01   0.3020E+01   0.3028E+01   0.3035E+01   0.3042E+01   0.3049E+01   0.3055E+01   0.3061E+01   0.3066E+01   0.3071E+01   0.3076E+01   0.3081E+01   0.3085E+01   0.3089E+01   0.3093E+01   0.3097E+01   0.3100E+01   0.3103E+01   0.3107E+01   0.3109E+01   0.3112E+01   0.3115E+01   0.3117E+01   0.3120E+01
0.6134E+05   0.2250E+01   0.4374E-03   0.5325E-03   0.6070E-03   0.6867E-03   0.7730E-03   0.8650E-03   0.9633E-03   0.1068E-02   0.1180E-02   0.1301E-02   0.1430E-02   0.1569E-02   0.1719E-02   0.1882E-02   0.2058E-02   0.2250E-02   0.2459E-02   0.2689E-02   0.2941E-02   0.3230E-02   0.3528E-02   0.3872E-02   0.4271E-02   0.4691E-02   0.5200E-02   0.5743E-02   0.6408E-02   0.7153E-02   0.8022E-02   0.9043E-02   0.1025E-01   0.1169E-01   0.1343E-01   0.1555E-01   0.1815E-01   0.2137E-01   0.2542E-01   0.3055E-01   0.3711E-01   0.4560E-01   0.5672E-01   0.7118E-01   0.9008E-01   0.1148E+00   0.1525E+00   0.2001E+00   0.2698E+00   0.3827E+00   0.5546E+00   0.7223E+00   0.8638E+00   0.9796E+00   0.1077E+01   0.1162E+01   0.1232E+01   0.1293E+01   0.1351E+01   0.1394E+01   0.1438E+01   0.1472E+01   0.1508E+01   0.1538E+01   0.1564E+01   0.1588E+01   0.2662E+01   0.2799E+01   0.2943E+01   0.2948E+01   0.2958E+01   0.2970E+01   0.2983E+01   0.2996E+01   0.3008E+01   0.3019E+01   0.3030E+01   0.3039E+01   0.3048E+01   0.3057E+01   0.3065E+01   0.3072E+01   0.3080E+01   0.3086E+01   0.3092E+01   0.3098E+01   0.3104E+01   0.3109E+01   0.3114E+01   0.3118E+01   0.3122E+01   0.3127E+01   0.3130E+01   0.3134E+01   0.3138E+01   0.3141E+01   0.3144E+01   0.3147E+01   0.3150E+01   0.3152E+01   0.3155E+01   0.3157E+01
0.6130E+05   0.2400E+01   0.4376E-03   0.5327E-03   0.6073E-03   0.6870E-03   0.7734E-03   0.8653E-03   0.9637E-03   0.1069E-02   0.1181E-02   0.1301E-02   0.1430E-02   0.1570E-02   0.1720E-02   0.1883E-02   0.2059E-02   0.2251E-02   0.2460E-02   0.2690E-02   0.2942E-02   0.3232E-02   0.3530E-02   0.3875E-02   0.4274E-02   0.4695E-02   0.5205E-02   0.5749E-02   0.6415E-02   0.7162E-02   0.8033E-02   0.9056E-02   0.1027E-01   0.1171E-01   0.1345E-01   0.1557E-01   0.1818E-01   0.2141E-01   0.2545E-01   0.3056E-01   0.3708E-01   0.4549E-01   0.5644E-01   0.7060E-01   0.8897E-01   0.1129E+00   0.1489E+00   0.1942E+00   0.2600E+00   0.3639E+00   0.5208E+00   0.6872E+00   0.8314E+00   0.9498E+00   0.1049E+01   0.1136E+01   0.1207E+01   0.1269E+01   0.1327E+01   0.1371E+01   0.1416E+01   0.1451E+01   0.1487E+01   0.1517E+01   0.1545E+01   0.1569E+01   0.2544E+01   0.2752E+01   0.2924E+01   0.2929E+01   0.2939E+01   0.2951E+01   0.2964E+01   0.2976E+01   0.2989E+01   0.3000E+01   0.3011E+01   0.3020E+01   0.3030E+01   0.3038E+01   0.3046E+01   0.3054E+01   0.3061E+01   0.3067E+01   0.3073E+01   0.3079E+01   0.3085E+01   0.3090E+01   0.3095E+01   0.3099E+01   0.3104E+01   0.3108E+01   0.3112E+01   0.3115E+01   0.3119E+01   0.3122E+01   0.3125E+01   0.3128E+01   0.3131E+01   0.3133E+01   0.3136E+01   0.3138E+01
0.6160E+05   0.2550E+01   0.4378E-03   0.5329E-03   0.6075E-03   0.6872E-03   0.7736E-03   0.8656E-03   0.9639E-03   0.1069E-02   0.1181E-02   0.1302E-02   0.1431E-02   0.1570E-02   0.1720E-02   0.1883E-02   0.2060E-02   0.2252E-02   0.2461E-02   0.2691E-02   0.2944E-02   0.3233E-02   0.3532E-02   0.3877E-02   0.4277E-02   0.4698E-02   0.5208E-02   0.5753E-02   0.6421E-02   0.7168E-02   0.8041E-02   0.9065E-02   0.1028E-01   0.1173E-01   0.1347E-01   0.1559E-01   0.1820E-01   0.2143E-01   0.2547E-01   0.3057E-01   0.3706E-01   0.4539E-01   0.5621E-01   0.7012E-01   0.8808E-01   0.1114E+00   0.1461E+00   0.1896E+00   0.2523E+00   0.3490E+00   0.4927E+00   0.6565E+00   0.8030E+00   0.9234E+00   0.1024E+01   0.1112E+01   0.1184E+01   0.1246E+01   0.1305E+01   0.1348E+01   0.1394E+01   0.1429E+01   0.1466E+01   0.1496E+01   0.1523E+01   0.1548E+01   0.2470E+01   0.2733E+01   0.2944E+01   0.2948E+01   0.2958E+01   0.2970E+01   0.2983E+01   0.2996E+01   0.3008E+01   0.3019E+01   0.3030E+01   0.3040E+01   0.3049E+01   0.3057E+01   0.3065E+01   0.3073E+01   0.3080E+01   0.3087E+01   0.3093E+01   0.3099E+01   0.3104E+01   0.3109E+01   0.3114E+01   0.3119E+01   0.3123E+01   0.3127E+01   0.3131E+01   0.3135E+01   0.3138E+01   0.3142E+01   0.3145E+01   0.3148E+01   0.3150E+01   0.3153E+01   0.3155E+01   0.3158E+01
0.6143E+05   0.2700E+01   0.4379E-03   0.5331E-03   0.6076E-03   0.6874E-03   0.7738E-03   0.8658E-03   0.9642E-03   0.1069E-02   0.1181E-02   0.1302E-02   0.1431E-02   0.1570E-02   0.1721E-02   0.1884E-02   0.2060E-02   0.2252E-02   0.2462E-02   0.2692E-02   0.2945E-02   0.3234E-02   0.3533E-02   0.3878E-02   0.4279E-02   0.4700E-02   0.5211E-02   0.5756E-02   0.6425E-02   0.7173E-02   0.8047E-02   0.9073E-02   0.1029E-01   0.1174E-01   0.1348E-01   0.1561E-01   0.1822E-01   0.2145E-01   0.2549E-01   0.3058E-01   0.3704E-01   0.4533E-01   0.5605E-01   0.6979E-01   0.8744E-01   0.1103E+00   0.1441E+00   0.1863E+00   0.2469E+00   0.3385E+00   0.4733E+00   0.6342E+00   0.7829E+00   0.9050E+00   0.1006E+01   0.1095E+01   0.1168E+01   0.1231E+01   0.1290E+01   0.1334E+01   0.1380E+01   0.1415E+01   0.1452E+01   0.1482E+01   0.1510E+01   0.1535E+01   0.2456E+01   0.2631E+01   0.2951E+01   0.2954E+01   0.2963E+01   0.2975E+01   0.2988E+01   0.3001E+01   0.3013E+01   0.3025E+01   0.3035E+01   0.3045E+01   0.3054E+01   0.3063E+01   0.3071E+01   0.3078E+01   0.3085E+01   0.3092E+01   0.3098E+01   0.3104E+01   0.3110E+01   0.3115E+01   0.3120E+01   0.3124E+01   0.3129E+01   0.3133E+01   0.3137E+01   0.3140E+01   0.3144E+01   0.3147E+01   0.3150E+01   0.3153E+01   0.3156E+01   0.3158E+01   0.3161E+01   0.3163E+01
0.6150E+05   0.2850E+01   0.4380E-03   0.5332E-03   0.6077E-03   0.6875E-03   0.7739E-03   0.8659E-03   0.9643E-03   0.1069E-02   0.1182E-02   0.1302E-02   0.1431E-02   0.1571E-02   0.1721E-02   0.1884E-02   0.2061E-02   0.2253E-02   0.2463E-02   0.2692E-02   0.2945E-02   0.3235E-02   0.3534E-02   0.3879E-02   0.4280E-02   0.4701E-02   0.5213E-02   0.5758E-02   0.6427E-02   0.7176E-02   0.8051E-02   0.9077E-02   0.1029E-01   0.1174E-01   0.1349E-01   0.1562E-01   0.1823E-01   0.2146E-01   0.2549E-01   0.3058E-01   0.3703E-01   0.4528E-01   0.5594E-01   0.6957E-01   0.8705E-01   0.1096E+00   0.1429E+00   0.1844E+00   0.2436E+00   0.3322E+00   0.4619E+00   0.6195E+00   0.7692E+00   0.8925E+00   0.9948E+00   0.1085E+01   0.1158E+01   0.1221E+01   0.1280E+01   0.1324E+01   0.1371E+01   0.1406E+01   0.1443E+01   0.1474E+01   0.1501E+01   0.1526E+01   0.2455E+01   0.2584E+01   0.2955E+01   0.2956E+01   0.2965E+01   0.2977E+01   0.2990E+01   0.3003E+01   0.3015E+01   0.3027E+01   0.3037E+01   0.3047E+01   0.3056E+01   0.3065E+01   0.3073E+01   0.3080E+01   0.3088E+01   0.3094E+01   0.3100E+01   0.3106E+01   0.3112E+01   0.3117E+01   0.3122E+01   0.3126E+01   0.3131E+01   0.3135E+01   0.3139E+01   0.3142E+01   0.3146E+01   0.3149E+01   0.3152E+01   0.3155E+01   0.3158E+01   0.3160E+01   0.3163E+01   0.3165E+01
0.6148E+05   0.3000E+01   0.4381E-03   0.5332E-03   0.6078E-03   0.6875E-03   0.7739E-03   0.8659E-03   0.9643E-03   0.1069E-02   0.1182E-02   0.1302E-02   0.1431E-02   0.1571E-02   0.1721E-02   0.1884E-02   0.2061E-02   0.2253E-02   0.2463E-02   0.2693E-02   0.2945E-02   0.3235E-02   0.3534E-02   0.3880E-02   0.4280E-02   0.4702E-02   0.5213E-02   0.5759E-02   0.6428E-02   0.7177E-02   0.8052E-02   0.9078E-02   0.1029E-01   0.1175E-01   0.1349E-01   0.1562E-01   0.1823E-01   0.2146E-01   0.2550E-01   0.3058E-01   0.3702E-01   0.4526E-01   0.5590E-01   0.6950E-01   0.8691E-01   0.1094E+00   0.1425E+00   0.1837E+00   0.2425E+00   0.3302E+00   0.4582E+00   0.6149E+00   0.7649E+00   0.8888E+00   0.9917E+00   0.1082E+01   0.1156E+01   0.1219E+01   0.1278E+01   0.1323E+01   0.1369E+01   0.1404E+01   0.1442E+01   0.1472E+01   0.1500E+01   0.1525E+01   0.2463E+01   0.2583E+01   0.2952E+01   0.2955E+01   0.2964E+01   0.2976E+01   0.2989E+01   0.3002E+01   0.3014E+01   0.3025E+01   0.3036E+01   0.3046E+01   0.3055E+01   0.3064E+01   0.3072E+01   0.3079E+01   0.3086E+01   0.3093E+01   0.3099E+01   0.3105E+01   0.3110E+01   0.3116E+01   0.3121E+01   0.3125E+01   0.3129E+01   0.3134E+01   0.3137E+01   0.3141E+01   0.3145E+01   0.3148E+01   0.3151E+01   0.3154E+01   0.3157E+01   0.3159E+01   0.3162E+01   0.3164E+01
