0.6018E+05   0.1118E+01   -.9006E+01   -.9008E+01   -.9011E+01   -.9013E+01   -.9016E+01   -.9020E+01   -.9023E+01   -.9027E+01   -.9031E+01   -.9035E+01   -.9039E+01   -.9044E+01   -.9049E+01   -.9054E+01   -.9060E+01   -.9066E+01   -.9072E+01   -.9079E+01   -.9086E+01   -.9094E+01   -.9102E+01   -.9112E+01   -.9122E+01   -.9132E+01   -.9144E+01   -.9157E+01   -.9172E+01   -.9188E+01   -.9206E+01   -.9227E+01   -.9250E+01   -.9277E+01   -.9308E+01   -.9345E+01   -.9387E+01   -.9438E+01   -.9499E+01   -.9573E+01   -.9664E+01   -.9777E+01   -.9919E+01   -.1010E+02   -.1033E+02   -.1061E+02   -.1098E+02   -.1148E+02   -.1139E+02   -.1033E+02   -.4644E+01   -.4817E+01   -.4854E+01   -.4855E+01   -.4844E+01   -.4818E+01   -.4803E+01   -.4789E+01   -.4769E+01   -.4763E+01   -.4751E+01   -.4747E+01   -.4739E+01   -.4734E+01   -.4730E+01   -.4727E+01   -.2080E+00   -.2181E+00   -.2282E+00   -.2284E+00   -.2291E+00   -.2296E+00   -.2300E+00   -.2303E+00   -.2306E+00   -.2308E+00   -.2310E+00   -.2312E+00   -.2314E+00   -.2316E+00   -.2318E+00   -.2320E+00   -.2322E+00   -.2324E+00   -.2325E+00   -.2327E+00   -.2329E+00   -.2330E+00   -.2332E+00   -.2333E+00   -.2334E+00   -.2336E+00   -.2337E+00   -.2338E+00   -.2340E+00   -.2341E+00   -.2342E+00   -.2343E+00   -.2344E+00   -.2345E+00   -.2346E+00   -.2347E+00
0.6019E+05   0.1345E+01   -.9006E+01   -.9008E+01   -.9011E+01   -.9013E+01   -.9016E+01   -.9020E+01   -.9023E+01   -.9027E+01   -.9031E+01   -.9035E+01   -.9039E+01   -.9044E+01   -.9049E+01   -.9054E+01   -.9060E+01   -.9066E+01   -.9072E+01   -.9079E+01   -.9086E+01   -.9094E+01   -.9103E+01   -.9112E+01   -.9122E+01   -.9133E+01   -.9145E+01   -.9158E+01   -.9173E+01   -.9189E+01   -.9207E+01   -.9228E+01   -.9251E+01   -.9278E+01   -.9310E+01   -.9346E+01   -.9389E+01   -.9440E+01   -.9501E+01   -.9575E+01   -.9667E+01   -.9780E+01   -.9922E+01   -.1010E+02   -.1034E+02   -.1063E+02   -.1104E+02   -.1160E+02   -.1233E+02   -.9036E+01   -.6232E+01   -.6284E+01   -.6219E+01   -.6199E+01   -.6191E+01   -.6178E+01   -.6172E+01   -.6166E+01   -.6153E+01   -.6152E+01   -.6145E+01   -.6146E+01   -.6141E+01   -.6138E+01   -.6137E+01   -.6136E+01   -.1957E+00   -.2129E+00   -.2254E+00   -.2250E+00   -.2253E+00   -.2257E+00   -.2259E+00   -.2262E+00   -.2264E+00   -.2266E+00   -.2269E+00   -.2271E+00   -.2273E+00   -.2275E+00   -.2278E+00   -.2279E+00   -.2281E+00   -.2283E+00   -.2285E+00   -.2287E+00   -.2288E+00   -.2290E+00   -.2291E+00   -.2293E+00   -.2294E+00   -.2296E+00   -.2297E+00   -.2298E+00   -.2300E+00   -.2301E+00   -.2302E+00   -.2304E+00   -.2305E+00   -.2306E+00   -.2307E+00   -.2309E+00
0.6019E+05   0.1573E+01   -.9006E+01   -.9008E+01   -.9011E+01   -.9013E+01   -.9016E+01   -.9020E+01   -.9023E+01   -.9027E+01   -.9031E+01   -.9035E+01   -.9040E+01   -.9044E+01   -.9049E+01   -.9055E+01   -.9060E+01   -.9066E+01   -.9072E+01   -.9079E+01   -.9087E+01   -.9095E+01   -.9103E+01   -.9112E+01   -.9122E+01   -.9133E+01   -.9145E+01   -.9158E+01   -.9173E+01   -.9189E+01   -.9208E+01   -.9229E+01   -.9252E+01   -.9279E+01   -.9311E+01   -.9347E+01   -.9390E+01   -.9442E+01   -.9503E+01   -.9578E+01   -.9669E+01   -.9783E+01   -.9926E+01   -.1011E+02   -.1034E+02   -.1065E+02   -.1108E+02   -.1167E+02   -.1265E+02   -.1055E+02   -.7781E+01   -.7463E+01   -.7376E+01   -.7349E+01   -.7337E+01   -.7321E+01   -.7315E+01   -.7308E+01   -.7291E+01   -.7289E+01   -.7277E+01   -.7275E+01   -.7267E+01   -.7262E+01   -.7259E+01   -.7256E+01   -.1951E+00   -.2314E+00   -.2644E+00   -.2632E+00   -.2634E+00   -.2637E+00   -.2641E+00   -.2645E+00   -.2648E+00   -.2652E+00   -.2655E+00   -.2658E+00   -.2661E+00   -.2665E+00   -.2668E+00   -.2671E+00   -.2675E+00   -.2678E+00   -.2681E+00   -.2685E+00   -.2688E+00   -.2692E+00   -.2695E+00   -.2698E+00   -.2701E+00   -.2704E+00   -.2707E+00   -.2710E+00   -.2713E+00   -.2716E+00   -.2719E+00   -.2722E+00   -.2725E+00   -.2728E+00   -.2731E+00   -.2733E+00
0.6018E+05   0.1800E+01   -.9006E+01   -.9008E+01   -.9011E+01   -.9013E+01   -.9016E+01   -.9020E+01   -.9023E+01   -.9027E+01   -.9031E+01   -.9035E+01   -.9040E+01   -.9044E+01   -.9049E+01   -.9055E+01   -.9060E+01   -.9066E+01   -.9073E+01   -.9079E+01   -.9087E+01   -.9095E+01   -.9103E+01   -.9112E+01   -.9123E+01   -.9133E+01   -.9146E+01   -.9158E+01   -.9174E+01   -.9190E+01   -.9208E+01   -.9229E+01   -.9253E+01   -.9280E+01   -.9312E+01   -.9349E+01   -.9392E+01   -.9443E+01   -.9505E+01   -.9580E+01   -.9671E+01   -.9785E+01   -.9928E+01   -.1011E+02   -.1035E+02   -.1065E+02   -.1109E+02   -.1168E+02   -.1252E+02   -.1208E+02   -.9157E+01   -.8704E+01   -.8585E+01   -.8562E+01   -.8572E+01   -.8589E+01   -.8611E+01   -.8624E+01   -.8624E+01   -.8635E+01   -.8629E+01   -.8634E+01   -.8629E+01   -.8630E+01   -.8630E+01   -.8631E+01   -.1818E+00   -.2184E+00   -.2420E+00   -.2432E+00   -.2435E+00   -.2442E+00   -.2450E+00   -.2459E+00   -.2467E+00   -.2474E+00   -.2480E+00   -.2486E+00   -.2492E+00   -.2498E+00   -.2504E+00   -.2509E+00   -.2514E+00   -.2519E+00   -.2524E+00   -.2529E+00   -.2533E+00   -.2537E+00   -.2541E+00   -.2545E+00   -.2549E+00   -.2553E+00   -.2556E+00   -.2559E+00   -.2563E+00   -.2566E+00   -.2569E+00   -.2572E+00   -.2574E+00   -.2577E+00   -.2580E+00   -.2583E+00
0.6062E+05   0.1950E+01   -.9006E+01   -.9008E+01   -.9011E+01   -.9013E+01   -.9016E+01   -.9020E+01   -.9023E+01   -.9027E+01   -.9031E+01   -.9035E+01   -.9040E+01   -.9044E+01   -.9049E+01   -.9055E+01   -.9060E+01   -.9066E+01   -.9073E+01   -.9079E+01   -.9087E+01   -.9095E+01   -.9103E+01   -.9112E+01   -.9123E+01   -.9133E+01   -.9146E+01   -.9159E+01   -.9174E+01   -.9190E+01   -.9209E+01   -.9230E+01   -.9253E+01   -.9281E+01   -.9312E+01   -.9349E+01   -.9393E+01   -.9444E+01   -.9506E+01   -.9581E+01   -.9673E+01   -.9786E+01   -.9929E+01   -.1011E+02   -.1035E+02   -.1065E+02   -.1109E+02   -.1166E+02   -.1246E+02   -.1281E+02   -.1014E+02   -.9497E+01   -.9353E+01   -.9308E+01   -.9305E+01   -.9311E+01   -.9332E+01   -.9346E+01   -.9345E+01   -.9357E+01   -.9351E+01   -.9357E+01   -.9352E+01   -.9353E+01   -.9353E+01   -.9354E+01   -.1188E+00   -.1556E+00   -.1802E+00   -.1796E+00   -.1799E+00   -.1802E+00   -.1805E+00   -.1807E+00   -.1810E+00   -.1812E+00   -.1815E+00   -.1818E+00   -.1822E+00   -.1825E+00   -.1828E+00   -.1831E+00   -.1834E+00   -.1836E+00   -.1839E+00   -.1842E+00   -.1844E+00   -.1847E+00   -.1849E+00   -.1851E+00   -.1853E+00   -.1855E+00   -.1857E+00   -.1859E+00   -.1861E+00   -.1863E+00   -.1864E+00   -.1866E+00   -.1868E+00   -.1870E+00   -.1871E+00   -.1873E+00
0.6057E+05   0.2100E+01   -.9006E+01   -.9008E+01   -.9011E+01   -.9013E+01   -.9016E+01   -.9020E+01   -.9023E+01   -.9027E+01   -.9031E+01   -.9035E+01   -.9040E+01   -.9044E+01   -.9049E+01   -.9055E+01   -.9060E+01   -.9066E+01   -.9073E+01   -.9080E+01   -.9087E+01   -.9095E+01   -.9103E+01   -.9112E+01   -.9123E+01   -.9133E+01   -.9146E+01   -.9159E+01   -.9174E+01   -.9190E+01   -.9209E+01   -.9230E+01   -.9254E+01   -.9281E+01   -.9313E+01   -.9350E+01   -.9394E+01   -.9445E+01   -.9507E+01   -.9583E+01   -.9675E+01   -.9790E+01   -.9934E+01   -.1012E+02   -.1036E+02   -.1067E+02   -.1111E+02   -.1168E+02   -.1243E+02   -.1302E+02   -.1090E+02   -.1005E+02   -.9806E+01   -.9711E+01   -.9682E+01   -.9676E+01   -.9692E+01   -.9703E+01   -.9700E+01   -.9710E+01   -.9701E+01   -.9705E+01   -.9696E+01   -.9694E+01   -.9690E+01   -.9688E+01   -.1571E+00   0.5552E-02   -.2906E-01   -.3210E-01   -.3235E-01   -.3260E-01   -.3303E-01   -.3352E-01   -.3388E-01   -.3419E-01   -.3444E-01   -.3464E-01   -.3486E-01   -.3508E-01   -.3526E-01   -.3542E-01   -.3559E-01   -.3574E-01   -.3589E-01   -.3604E-01   -.3619E-01   -.3633E-01   -.3648E-01   -.3661E-01   -.3674E-01   -.3686E-01   -.3697E-01   -.3708E-01   -.3719E-01   -.3730E-01   -.3740E-01   -.3750E-01   -.3760E-01   -.3768E-01   -.3777E-01   -.3786E-01
0.6134E+05   0.2250E+01   -.9006E+01   -.9008E+01   -.9011E+01   -.9013E+01   -.9016E+01   -.9020E+01   -.9023E+01   -.9027E+01   -.9031E+01   -.9035E+01   -.9040E+01   -.9044E+01   -.9049E+01   -.9055E+01   -.9060E+01   -.9066E+01   -.9073E+01   -.9080E+01   -.9087E+01   -.9095E+01   -.9103E+01   -.9113E+01   -.9123E+01   -.9134E+01   -.9146E+01   -.9159E+01   -.9174E+01   -.9191E+01   -.9209E+01   -.9230E+01   -.9254E+01   -.9282E+01   -.9313E+01   -.9350E+01   -.9394E+01   -.9446E+01   -.9508E+01   -.9583E+01   -.9675E+01   -.9789E+01   -.9933E+01   -.1012E+02   -.1035E+02   -.1065E+02   -.1109E+02   -.1164E+02   -.1234E+02   -.1294E+02   -.1179E+02   -.1084E+02   -.1053E+02   -.1043E+02   -.1042E+02   -.1043E+02   -.1047E+02   -.1052E+02   -.1054E+02   -.1057E+02   -.1058E+02   -.1060E+02   -.1061E+02   -.1061E+02   -.1062E+02   -.1063E+02   0.5604E+00   0.4272E+00   0.3497E+00   0.3502E+00   0.3502E+00   0.3500E+00   0.3498E+00   0.3496E+00   0.3493E+00   0.3490E+00   0.3487E+00   0.3483E+00   0.3479E+00   0.3476E+00   0.3472E+00   0.3468E+00   0.3464E+00   0.3461E+00   0.3457E+00   0.3454E+00   0.3451E+00   0.3447E+00   0.3444E+00   0.3441E+00   0.3438E+00   0.3436E+00   0.3433E+00   0.3430E+00   0.3428E+00   0.3425E+00   0.3423E+00   0.3421E+00   0.3418E+00   0.3416E+00   0.3414E+00   0.3412E+00
0.6130E+05   0.2400E+01   -.9006E+01   -.9008E+01   -.9011E+01   -.9013E+01   -.9016E+01   -.9020E+01   -.9023E+01   -.9027E+01   -.9031E+01   -.9035E+01   -.9040E+01   -.9044E+01   -.9049E+01   -.9055E+01   -.9060E+01   -.9066E+01   -.9073E+01   -.9080E+01   -.9087E+01   -.9095E+01   -.9103E+01   -.9113E+01   -.9123E+01   -.9134E+01   -.9146E+01   -.9159E+01   -.9174E+01   -.9191E+01   -.9209E+01   -.9231E+01   -.9254E+01   -.9282E+01   -.9314E+01   -.9351E+01   -.9395E+01   -.9446E+01   -.9509E+01   -.9584E+01   -.9676E+01   -.9790E+01   -.9935E+01   -.1012E+02   -.1036E+02   -.1065E+02   -.1109E+02   -.1162E+02   -.1227E+02   -.1280E+02   -.1240E+02   -.1132E+02   -.1086E+02   -.1065E+02   -.1055E+02   -.1048E+02   -.1047E+02   -.1048E+02   -.1047E+02   -.1048E+02   -.1047E+02   -.1047E+02   -.1046E+02   -.1046E+02   -.1046E+02   -.1045E+02   -.6930E+01   -.9891E-01   -.2203E+00   -.2205E+00   -.2213E+00   -.2223E+00   -.2233E+00   -.2244E+00   -.2254E+00   -.2264E+00   -.2273E+00   -.2282E+00   -.2291E+00   -.2299E+00   -.2305E+00   -.2311E+00   -.2317E+00   -.2322E+00   -.2327E+00   -.2332E+00   -.2335E+00   -.2339E+00   -.2343E+00   -.2346E+00   -.2349E+00   -.2351E+00   -.2354E+00   -.2356E+00   -.2359E+00   -.2361E+00   -.2363E+00   -.2365E+00   -.2367E+00   -.2369E+00   -.2371E+00   -.2373E+00
0.6160E+05   0.2550E+01   -.9006E+01   -.9008E+01   -.9011E+01   -.9013E+01   -.9016E+01   -.9020E+01   -.9023E+01   -.9027E+01   -.9031E+01   -.9035E+01   -.9040E+01   -.9044E+01   -.9049E+01   -.9055E+01   -.9060E+01   -.9066E+01   -.9073E+01   -.9080E+01   -.9087E+01   -.9095E+01   -.9103E+01   -.9113E+01   -.9123E+01   -.9134E+01   -.9146E+01   -.9159E+01   -.9174E+01   -.9191E+01   -.9210E+01   -.9231E+01   -.9255E+01   -.9282E+01   -.9314E+01   -.9351E+01   -.9395E+01   -.9446E+01   -.9508E+01   -.9583E+01   -.9675E+01   -.9789E+01   -.9932E+01   -.1011E+02   -.1035E+02   -.1064E+02   -.1107E+02   -.1158E+02   -.1221E+02   -.1274E+02   -.1255E+02   -.1176E+02   -.1121E+02   -.1094E+02   -.1080E+02   -.1072E+02   -.1069E+02   -.1069E+02   -.1066E+02   -.1067E+02   -.1066E+02   -.1066E+02   -.1065E+02   -.1065E+02   -.1065E+02   -.1065E+02   -.9306E+01   0.1758E+00   -.5139E+00   -.5213E+00   -.5220E+00   -.5226E+00   -.5232E+00   -.5238E+00   -.5244E+00   -.5250E+00   -.5255E+00   -.5260E+00   -.5265E+00   -.5270E+00   -.5274E+00   -.5278E+00   -.5282E+00   -.5285E+00   -.5288E+00   -.5291E+00   -.5294E+00   -.5297E+00   -.5300E+00   -.5302E+00   -.5305E+00   -.5307E+00   -.5309E+00   -.5311E+00   -.5313E+00   -.5315E+00   -.5317E+00   -.5319E+00   -.5320E+00   -.5322E+00   -.5324E+00   -.5326E+00
0.6143E+05   0.2700E+01   -.9006E+01   -.9008E+01   -.9011E+01   -.9013E+01   -.9016E+01   -.9020E+01   -.9023E+01   -.9027E+01   -.9031E+01   -.9035E+01   -.9040E+01   -.9044E+01   -.9049E+01   -.9055E+01   -.9060E+01   -.9066E+01   -.9073E+01   -.9080E+01   -.9087E+01   -.9095E+01   -.9103E+01   -.9113E+01   -.9123E+01   -.9134E+01   -.9146E+01   -.9159E+01   -.9174E+01   -.9191E+01   -.9210E+01   -.9231E+01   -.9255E+01   -.9282E+01   -.9314E+01   -.9351E+01   -.9395E+01   -.9447E+01   -.9509E+01   -.9584E+01   -.9677E+01   -.9791E+01   -.9934E+01   -.1012E+02   -.1035E+02   -.1065E+02   -.1107E+02   -.1158E+02   -.1218E+02   -.1274E+02   -.1270E+02   -.1201E+02   -.1144E+02   -.1114E+02   -.1101E+02   -.1093E+02   -.1091E+02   -.1090E+02   -.1088E+02   -.1089E+02   -.1087E+02   -.1087E+02   -.1086E+02   -.1086E+02   -.1085E+02   -.1085E+02   -.7606E+01   -.8073E+01   -.1744E+00   -.3296E+00   -.3302E+00   -.3309E+00   -.3315E+00   -.3322E+00   -.3329E+00   -.3335E+00   -.3341E+00   -.3348E+00   -.3353E+00   -.3359E+00   -.3365E+00   -.3370E+00   -.3375E+00   -.3380E+00   -.3384E+00   -.3388E+00   -.3392E+00   -.3396E+00   -.3399E+00   -.3402E+00   -.3405E+00   -.3408E+00   -.3411E+00   -.3414E+00   -.3416E+00   -.3418E+00   -.3421E+00   -.3423E+00   -.3425E+00   -.3427E+00   -.3429E+00   -.3431E+00
0.6150E+05   0.2850E+01   -.9006E+01   -.9008E+01   -.9011E+01   -.9013E+01   -.9016E+01   -.9020E+01   -.9023E+01   -.9027E+01   -.9031E+01   -.9035E+01   -.9040E+01   -.9044E+01   -.9049E+01   -.9055E+01   -.9060E+01   -.9066E+01   -.9073E+01   -.9080E+01   -.9087E+01   -.9095E+01   -.9104E+01   -.9113E+01   -.9123E+01   -.9134E+01   -.9146E+01   -.9159E+01   -.9175E+01   -.9191E+01   -.9210E+01   -.9231E+01   -.9255E+01   -.9283E+01   -.9314E+01   -.9352E+01   -.9395E+01   -.9447E+01   -.9509E+01   -.9585E+01   -.9677E+01   -.9791E+01   -.9934E+01   -.1012E+02   -.1035E+02   -.1065E+02   -.1107E+02   -.1157E+02   -.1217E+02   -.1272E+02   -.1276E+02   -.1210E+02   -.1150E+02   -.1116E+02   -.1100E+02   -.1090E+02   -.1086E+02   -.1084E+02   -.1081E+02   -.1080E+02   -.1078E+02   -.1078E+02   -.1076E+02   -.1075E+02   -.1074E+02   -.1073E+02   -.6132E+01   -.6462E+01   0.3714E+00   -.6024E-01   -.6084E-01   -.6135E-01   -.6176E-01   -.6215E-01   -.6251E-01   -.6282E-01   -.6310E-01   -.6337E-01   -.6363E-01   -.6387E-01   -.6409E-01   -.6429E-01   -.6446E-01   -.6463E-01   -.6479E-01   -.6495E-01   -.6510E-01   -.6524E-01   -.6538E-01   -.6551E-01   -.6563E-01   -.6575E-01   -.6585E-01   -.6595E-01   -.6606E-01   -.6616E-01   -.6625E-01   -.6635E-01   -.6644E-01   -.6654E-01   -.6663E-01   -.6672E-01
0.6148E+05   0.3000E+01   -.9006E+01   -.9008E+01   -.9011E+01   -.9013E+01   -.9016E+01   -.9020E+01   -.9023E+01   -.9027E+01   -.9031E+01   -.9035E+01   -.9040E+01   -.9044E+01   -.9049E+01   -.9055E+01   -.9060E+01   -.9066E+01   -.9073E+01   -.9080E+01   -.9087E+01   -.9095E+01   -.9104E+01   -.9113E+01   -.9123E+01   -.9134E+01   -.9146E+01   -.9159E+01   -.9175E+01   -.9191E+01   -.9210E+01   -.9231E+01   -.9255E+01   -.9282E+01   -.9314E+01   -.9352E+01   -.9395E+01   -.9447E+01   -.9510E+01   -.9585E+01   -.9678E+01   -.9792E+01   -.9936E+01   -.1012E+02   -.1035E+02   -.1065E+02   -.1107E+02   -.1157E+02   -.1217E+02   -.1271E+02   -.1275E+02   -.1208E+02   -.1146E+02   -.1111E+02   -.1092E+02   -.1078E+02   -.1072E+02   -.1067E+02   -.1062E+02   -.1060E+02   -.1056E+02   -.1055E+02   -.1052E+02   -.1049E+02   -.1047E+02   -.1046E+02   -.5470E+01   -.6206E+01   0.2024E+00   -.1739E+00   -.1742E+00   -.1745E+00   -.1749E+00   -.1753E+00   -.1756E+00   -.1760E+00   -.1764E+00   -.1767E+00   -.1770E+00   -.1773E+00   -.1776E+00   -.1779E+00   -.1782E+00   -.1785E+00   -.1787E+00   -.1790E+00   -.1792E+00   -.1794E+00   -.1796E+00   -.1799E+00   -.1801E+00   -.1803E+00   -.1804E+00   -.1806E+00   -.1808E+00   -.1810E+00   -.1811E+00   -.1813E+00   -.1815E+00   -.1816E+00   -.1818E+00   -.1819E+00
