0.6210E+05   0.1118E+01   0.9205E-04   0.1039E-03   0.1165E-03   0.1297E-03   0.1437E-03   0.1585E-03   0.1742E-03   0.1909E-03   0.2088E-03   0.2279E-03   0.2485E-03   0.2707E-03   0.2947E-03   0.3208E-03   0.3493E-03   0.3805E-03   0.4147E-03   0.4524E-03   0.4941E-03   0.5403E-03   0.5918E-03   0.6494E-03   0.7140E-03   0.7869E-03   0.8694E-03   0.9633E-03   0.1071E-02   0.1194E-02   0.1337E-02   0.1504E-02   0.1699E-02   0.1931E-02   0.2206E-02   0.2539E-02   0.2943E-02   0.3442E-02   0.4067E-02   0.4860E-02   0.5886E-02   0.7237E-02   0.9055E-02   0.1155E-01   0.1502E-01   0.2007E-01   0.2678E-01   0.3478E-01   0.4212E-01   0.4158E-01   0.1260E+00   0.1527E+00   0.1672E+00   0.1761E+00   0.1822E+00   0.1869E+00   0.1904E+00   0.1930E+00   0.1952E+00   0.1969E+00   0.1982E+00   0.1994E+00   0.2003E+00   0.2011E+00   0.2017E+00   0.2023E+00   0.2028E+00   0.2032E+00   0.2035E+00   0.2038E+00   0.2041E+00   0.2043E+00   0.2046E+00   0.2047E+00   0.2049E+00   0.2050E+00   0.2052E+00   0.2053E+00   0.2054E+00   0.2055E+00   0.2056E+00   0.2057E+00   0.2057E+00   0.2058E+00   0.2059E+00   0.2059E+00   0.2060E+00   0.2060E+00   0.2060E+00   0.2061E+00   0.2061E+00   0.2062E+00   0.2062E+00   0.2062E+00   0.2062E+00   0.2063E+00   0.2063E+00   0.2063E+00   0.2063E+00   0.2063E+00
0.6210E+05   0.1370E+01   0.9139E-04   0.1033E-03   0.1158E-03   0.1290E-03   0.1430E-03   0.1578E-03   0.1735E-03   0.1903E-03   0.2081E-03   0.2273E-03   0.2479E-03   0.2701E-03   0.2942E-03   0.3204E-03   0.3489E-03   0.3802E-03   0.4145E-03   0.4523E-03   0.4942E-03   0.5406E-03   0.5923E-03   0.6501E-03   0.7151E-03   0.7883E-03   0.8713E-03   0.9657E-03   0.1074E-02   0.1198E-02   0.1342E-02   0.1510E-02   0.1706E-02   0.1938E-02   0.2215E-02   0.2548E-02   0.2952E-02   0.3449E-02   0.4068E-02   0.4850E-02   0.5852E-02   0.7158E-02   0.8889E-02   0.1122E-01   0.1438E-01   0.1883E-01   0.2452E-01   0.3095E-01   0.3657E-01   0.4649E-01   0.9966E-01   0.1241E+00   0.1370E+00   0.1448E+00   0.1501E+00   0.1540E+00   0.1570E+00   0.1593E+00   0.1611E+00   0.1626E+00   0.1637E+00   0.1647E+00   0.1655E+00   0.1662E+00   0.1668E+00   0.1673E+00   0.1677E+00   0.1680E+00   0.1683E+00   0.1686E+00   0.1688E+00   0.1690E+00   0.1692E+00   0.1694E+00   0.1695E+00   0.1697E+00   0.1698E+00   0.1699E+00   0.1700E+00   0.1701E+00   0.1701E+00   0.1702E+00   0.1703E+00   0.1703E+00   0.1704E+00   0.1704E+00   0.1705E+00   0.1705E+00   0.1705E+00   0.1706E+00   0.1706E+00   0.1706E+00   0.1707E+00   0.1707E+00   0.1707E+00   0.1707E+00   0.1707E+00   0.1708E+00   0.1708E+00   0.1708E+00
0.6210E+05   0.1623E+01   0.9194E-04   0.1038E-03   0.1163E-03   0.1296E-03   0.1435E-03   0.1584E-03   0.1741E-03   0.1908E-03   0.2087E-03   0.2279E-03   0.2485E-03   0.2708E-03   0.2949E-03   0.3211E-03   0.3497E-03   0.3811E-03   0.4155E-03   0.4534E-03   0.4954E-03   0.5420E-03   0.5939E-03   0.6519E-03   0.7171E-03   0.7907E-03   0.8741E-03   0.9690E-03   0.1078E-02   0.1203E-02   0.1347E-02   0.1516E-02   0.1713E-02   0.1946E-02   0.2223E-02   0.2556E-02   0.2959E-02   0.3453E-02   0.4065E-02   0.4832E-02   0.5807E-02   0.7064E-02   0.8703E-02   0.1086E-01   0.1373E-01   0.1760E-01   0.2237E-01   0.2755E-01   0.3246E-01   0.4505E-01   0.7951E-01   0.1014E+00   0.1132E+00   0.1203E+00   0.1251E+00   0.1286E+00   0.1312E+00   0.1332E+00   0.1348E+00   0.1361E+00   0.1371E+00   0.1380E+00   0.1387E+00   0.1393E+00   0.1398E+00   0.1402E+00   0.1406E+00   0.1409E+00   0.1412E+00   0.1414E+00   0.1417E+00   0.1418E+00   0.1420E+00   0.1421E+00   0.1423E+00   0.1424E+00   0.1425E+00   0.1426E+00   0.1427E+00   0.1427E+00   0.1428E+00   0.1429E+00   0.1429E+00   0.1430E+00   0.1430E+00   0.1431E+00   0.1431E+00   0.1431E+00   0.1432E+00   0.1432E+00   0.1432E+00   0.1433E+00   0.1433E+00   0.1433E+00   0.1433E+00   0.1433E+00   0.1433E+00   0.1434E+00   0.1434E+00   0.1434E+00
0.6210E+05   0.1875E+01   0.9215E-04   0.1040E-03   0.1165E-03   0.1298E-03   0.1437E-03   0.1586E-03   0.1743E-03   0.1910E-03   0.2089E-03   0.2281E-03   0.2488E-03   0.2711E-03   0.2952E-03   0.3215E-03   0.3502E-03   0.3816E-03   0.4161E-03   0.4541E-03   0.4962E-03   0.5429E-03   0.5950E-03   0.6533E-03   0.7187E-03   0.7926E-03   0.8763E-03   0.9716E-03   0.1081E-02   0.1206E-02   0.1351E-02   0.1520E-02   0.1718E-02   0.1952E-02   0.2230E-02   0.2562E-02   0.2964E-02   0.3454E-02   0.4058E-02   0.4810E-02   0.5757E-02   0.6962E-02   0.8511E-02   0.1051E-01   0.1310E-01   0.1649E-01   0.2053E-01   0.2491E-01   0.2998E-01   0.4187E-01   0.6546E-01   0.8380E-01   0.9470E-01   0.1013E+00   0.1058E+00   0.1091E+00   0.1115E+00   0.1133E+00   0.1147E+00   0.1159E+00   0.1168E+00   0.1176E+00   0.1183E+00   0.1188E+00   0.1193E+00   0.1197E+00   0.1200E+00   0.1203E+00   0.1205E+00   0.1208E+00   0.1209E+00   0.1211E+00   0.1213E+00   0.1214E+00   0.1215E+00   0.1216E+00   0.1217E+00   0.1218E+00   0.1219E+00   0.1219E+00   0.1220E+00   0.1221E+00   0.1221E+00   0.1221E+00   0.1222E+00   0.1222E+00   0.1223E+00   0.1223E+00   0.1223E+00   0.1224E+00   0.1224E+00   0.1224E+00   0.1224E+00   0.1224E+00   0.1225E+00   0.1225E+00   0.1225E+00   0.1225E+00   0.1225E+00   0.1225E+00
0.6247E+05   0.2062E+01   0.9229E-04   0.1041E-03   0.1167E-03   0.1299E-03   0.1439E-03   0.1587E-03   0.1744E-03   0.1912E-03   0.2091E-03   0.2283E-03   0.2489E-03   0.2713E-03   0.2954E-03   0.3218E-03   0.3505E-03   0.3819E-03   0.4165E-03   0.4546E-03   0.4967E-03   0.5435E-03   0.5957E-03   0.6541E-03   0.7198E-03   0.7938E-03   0.8778E-03   0.9734E-03   0.1083E-02   0.1209E-02   0.1354E-02   0.1524E-02   0.1722E-02   0.1956E-02   0.2233E-02   0.2565E-02   0.2966E-02   0.3453E-02   0.4050E-02   0.4791E-02   0.5717E-02   0.6886E-02   0.8371E-02   0.1026E-01   0.1267E-01   0.1576E-01   0.1939E-01   0.2344E-01   0.2867E-01   0.3951E-01   0.5791E-01   0.7360E-01   0.8373E-01   0.9010E-01   0.9439E-01   0.9755E-01   0.9987E-01   0.1016E+00   0.1030E+00   0.1041E+00   0.1050E+00   0.1057E+00   0.1063E+00   0.1069E+00   0.1073E+00   0.1077E+00   0.1080E+00   0.1083E+00   0.1085E+00   0.1087E+00   0.1089E+00   0.1090E+00   0.1092E+00   0.1093E+00   0.1094E+00   0.1095E+00   0.1096E+00   0.1097E+00   0.1097E+00   0.1098E+00   0.1099E+00   0.1099E+00   0.1100E+00   0.1100E+00   0.1101E+00   0.1101E+00   0.1101E+00   0.1102E+00   0.1102E+00   0.1102E+00   0.1102E+00   0.1103E+00   0.1103E+00   0.1103E+00   0.1103E+00   0.1103E+00   0.1103E+00   0.1103E+00   0.1104E+00   0.1104E+00
0.6242E+05   0.2250E+01   0.9242E-04   0.1043E-03   0.1168E-03   0.1300E-03   0.1440E-03   0.1588E-03   0.1745E-03   0.1913E-03   0.2092E-03   0.2284E-03   0.2491E-03   0.2714E-03   0.2957E-03   0.3220E-03   0.3507E-03   0.3822E-03   0.4168E-03   0.4550E-03   0.4972E-03   0.5441E-03   0.5964E-03   0.6549E-03   0.7207E-03   0.7949E-03   0.8791E-03   0.9749E-03   0.1085E-02   0.1211E-02   0.1357E-02   0.1526E-02   0.1725E-02   0.1959E-02   0.2237E-02   0.2568E-02   0.2967E-02   0.3451E-02   0.4042E-02   0.4771E-02   0.5677E-02   0.6811E-02   0.8237E-02   0.1003E-01   0.1228E-01   0.1513E-01   0.1846E-01   0.2231E-01   0.2759E-01   0.3730E-01   0.5203E-01   0.6542E-01   0.7475E-01   0.8086E-01   0.8503E-01   0.8812E-01   0.9039E-01   0.9211E-01   0.9344E-01   0.9450E-01   0.9536E-01   0.9607E-01   0.9665E-01   0.9714E-01   0.9755E-01   0.9791E-01   0.9821E-01   0.9847E-01   0.9870E-01   0.9889E-01   0.9906E-01   0.9921E-01   0.9935E-01   0.9947E-01   0.9957E-01   0.9966E-01   0.9975E-01   0.9982E-01   0.9989E-01   0.9995E-01   0.1000E+00   0.1001E+00   0.1001E+00   0.1001E+00   0.1002E+00   0.1002E+00   0.1002E+00   0.1003E+00   0.1003E+00   0.1003E+00   0.1003E+00   0.1004E+00   0.1004E+00   0.1004E+00   0.1004E+00   0.1004E+00   0.1004E+00   0.1005E+00   0.1005E+00   0.1005E+00
0.6273E+05   0.2437E+01   0.9253E-04   0.1044E-03   0.1169E-03   0.1301E-03   0.1441E-03   0.1589E-03   0.1746E-03   0.1914E-03   0.2093E-03   0.2285E-03   0.2492E-03   0.2716E-03   0.2958E-03   0.3222E-03   0.3510E-03   0.3825E-03   0.4171E-03   0.4553E-03   0.4976E-03   0.5446E-03   0.5970E-03   0.6556E-03   0.7215E-03   0.7959E-03   0.8802E-03   0.9763E-03   0.1086E-02   0.1213E-02   0.1359E-02   0.1529E-02   0.1728E-02   0.1962E-02   0.2239E-02   0.2570E-02   0.2967E-02   0.3448E-02   0.4033E-02   0.4752E-02   0.5639E-02   0.6741E-02   0.8114E-02   0.9823E-02   0.1194E-01   0.1459E-01   0.1771E-01   0.2143E-01   0.2666E-01   0.3532E-01   0.4744E-01   0.5892E-01   0.6747E-01   0.7331E-01   0.7739E-01   0.8043E-01   0.8268E-01   0.8437E-01   0.8568E-01   0.8672E-01   0.8755E-01   0.8823E-01   0.8880E-01   0.8927E-01   0.8967E-01   0.9001E-01   0.9030E-01   0.9055E-01   0.9076E-01   0.9095E-01   0.9112E-01   0.9126E-01   0.9139E-01   0.9150E-01   0.9160E-01   0.9169E-01   0.9177E-01   0.9184E-01   0.9191E-01   0.9197E-01   0.9202E-01   0.9207E-01   0.9211E-01   0.9215E-01   0.9219E-01   0.9222E-01   0.9225E-01   0.9228E-01   0.9230E-01   0.9233E-01   0.9235E-01   0.9237E-01   0.9238E-01   0.9240E-01   0.9241E-01   0.9242E-01   0.9244E-01   0.9245E-01   0.9246E-01   0.9246E-01
0.6270E+05   0.2625E+01   0.9263E-04   0.1045E-03   0.1170E-03   0.1302E-03   0.1442E-03   0.1590E-03   0.1747E-03   0.1915E-03   0.2094E-03   0.2287E-03   0.2494E-03   0.2717E-03   0.2960E-03   0.3224E-03   0.3512E-03   0.3827E-03   0.4174E-03   0.4556E-03   0.4980E-03   0.5450E-03   0.5975E-03   0.6562E-03   0.7222E-03   0.7968E-03   0.8812E-03   0.9775E-03   0.1088E-02   0.1214E-02   0.1361E-02   0.1531E-02   0.1730E-02   0.1964E-02   0.2241E-02   0.2572E-02   0.2967E-02   0.3445E-02   0.4025E-02   0.4733E-02   0.5604E-02   0.6677E-02   0.8003E-02   0.9639E-02   0.1165E-01   0.1415E-01   0.1712E-01   0.2075E-01   0.2584E-01   0.3362E-01   0.4384E-01   0.5380E-01   0.6163E-01   0.6722E-01   0.7120E-01   0.7421E-01   0.7644E-01   0.7813E-01   0.7943E-01   0.8045E-01   0.8126E-01   0.8193E-01   0.8248E-01   0.8294E-01   0.8332E-01   0.8365E-01   0.8393E-01   0.8418E-01   0.8439E-01   0.8457E-01   0.8473E-01   0.8487E-01   0.8499E-01   0.8510E-01   0.8520E-01   0.8528E-01   0.8536E-01   0.8543E-01   0.8549E-01   0.8555E-01   0.8560E-01   0.8565E-01   0.8569E-01   0.8573E-01   0.8576E-01   0.8579E-01   0.8582E-01   0.8585E-01   0.8587E-01   0.8589E-01   0.8591E-01   0.8593E-01   0.8595E-01   0.8596E-01   0.8598E-01   0.8599E-01   0.8600E-01   0.8601E-01   0.8602E-01   0.8603E-01
0.6325E+05   0.2812E+01   0.9271E-04   0.1045E-03   0.1170E-03   0.1303E-03   0.1443E-03   0.1591E-03   0.1748E-03   0.1916E-03   0.2095E-03   0.2288E-03   0.2495E-03   0.2718E-03   0.2961E-03   0.3225E-03   0.3513E-03   0.3829E-03   0.4176E-03   0.4559E-03   0.4983E-03   0.5454E-03   0.5979E-03   0.6567E-03   0.7228E-03   0.7975E-03   0.8821E-03   0.9785E-03   0.1089E-02   0.1216E-02   0.1362E-02   0.1533E-02   0.1732E-02   0.1966E-02   0.2243E-02   0.2573E-02   0.2967E-02   0.3442E-02   0.4017E-02   0.4717E-02   0.5572E-02   0.6620E-02   0.7907E-02   0.9483E-02   0.1141E-01   0.1380E-01   0.1665E-01   0.2022E-01   0.2515E-01   0.3220E-01   0.4104E-01   0.4981E-01   0.5702E-01   0.6237E-01   0.6627E-01   0.6926E-01   0.7148E-01   0.7317E-01   0.7446E-01   0.7547E-01   0.7628E-01   0.7693E-01   0.7747E-01   0.7792E-01   0.7829E-01   0.7861E-01   0.7889E-01   0.7912E-01   0.7933E-01   0.7951E-01   0.7966E-01   0.7980E-01   0.7992E-01   0.8002E-01   0.8012E-01   0.8020E-01   0.8028E-01   0.8035E-01   0.8041E-01   0.8046E-01   0.8051E-01   0.8056E-01   0.8060E-01   0.8063E-01   0.8067E-01   0.8070E-01   0.8073E-01   0.8075E-01   0.8077E-01   0.8080E-01   0.8081E-01   0.8083E-01   0.8085E-01   0.8086E-01   0.8088E-01   0.8089E-01   0.8090E-01   0.8091E-01   0.8092E-01   0.8092E-01
0.6322E+05   0.3000E+01   0.9277E-04   0.1046E-03   0.1171E-03   0.1303E-03   0.1443E-03   0.1591E-03   0.1749E-03   0.1917E-03   0.2096E-03   0.2288E-03   0.2496E-03   0.2719E-03   0.2962E-03   0.3226E-03   0.3515E-03   0.3831E-03   0.4178E-03   0.4561E-03   0.4986E-03   0.5457E-03   0.5983E-03   0.6572E-03   0.7233E-03   0.7981E-03   0.8828E-03   0.9793E-03   0.1090E-02   0.1217E-02   0.1364E-02   0.1534E-02   0.1733E-02   0.1968E-02   0.2245E-02   0.2574E-02   0.2967E-02   0.3439E-02   0.4010E-02   0.4702E-02   0.5545E-02   0.6573E-02   0.7826E-02   0.9355E-02   0.1122E-01   0.1352E-01   0.1630E-01   0.1981E-01   0.2457E-01   0.3105E-01   0.3890E-01   0.4676E-01   0.5346E-01   0.5860E-01   0.6243E-01   0.6540E-01   0.6762E-01   0.6930E-01   0.7059E-01   0.7160E-01   0.7240E-01   0.7305E-01   0.7358E-01   0.7402E-01   0.7439E-01   0.7470E-01   0.7497E-01   0.7520E-01   0.7540E-01   0.7558E-01   0.7573E-01   0.7586E-01   0.7598E-01   0.7609E-01   0.7618E-01   0.7626E-01   0.7633E-01   0.7640E-01   0.7646E-01   0.7651E-01   0.7656E-01   0.7660E-01   0.7664E-01   0.7668E-01   0.7671E-01   0.7674E-01   0.7677E-01   0.7680E-01   0.7682E-01   0.7684E-01   0.7686E-01   0.7687E-01   0.7689E-01   0.7690E-01   0.7692E-01   0.7693E-01   0.7694E-01   0.7695E-01   0.7696E-01   0.7696E-01
0.6351E+05   0.3188E+01   0.9283E-04   0.1047E-03   0.1172E-03   0.1304E-03   0.1444E-03   0.1592E-03   0.1749E-03   0.1917E-03   0.2096E-03   0.2289E-03   0.2496E-03   0.2720E-03   0.2963E-03   0.3227E-03   0.3516E-03   0.3832E-03   0.4180E-03   0.4563E-03   0.4988E-03   0.5459E-03   0.5986E-03   0.6575E-03   0.7237E-03   0.7985E-03   0.8833E-03   0.9799E-03   0.1090E-02   0.1218E-02   0.1365E-02   0.1535E-02   0.1735E-02   0.1969E-02   0.2246E-02   0.2574E-02   0.2966E-02   0.3437E-02   0.4004E-02   0.4691E-02   0.5523E-02   0.6535E-02   0.7763E-02   0.9256E-02   0.1107E-01   0.1331E-01   0.1605E-01   0.1951E-01   0.2412E-01   0.3016E-01   0.3731E-01   0.4452E-01   0.5083E-01   0.5579E-01   0.5956E-01   0.6251E-01   0.6473E-01   0.6642E-01   0.6771E-01   0.6872E-01   0.6951E-01   0.7015E-01   0.7068E-01   0.7112E-01   0.7148E-01   0.7179E-01   0.7206E-01   0.7228E-01   0.7248E-01   0.7265E-01   0.7280E-01   0.7293E-01   0.7305E-01   0.7315E-01   0.7324E-01   0.7332E-01   0.7339E-01   0.7346E-01   0.7352E-01   0.7357E-01   0.7362E-01   0.7366E-01   0.7370E-01   0.7373E-01   0.7377E-01   0.7380E-01   0.7382E-01   0.7385E-01   0.7387E-01   0.7389E-01   0.7391E-01   0.7393E-01   0.7394E-01   0.7395E-01   0.7397E-01   0.7398E-01   0.7399E-01   0.7400E-01   0.7400E-01   0.7401E-01
0.6334E+05   0.3375E+01   0.9287E-04   0.1047E-03   0.1172E-03   0.1304E-03   0.1444E-03   0.1592E-03   0.1750E-03   0.1918E-03   0.2097E-03   0.2289E-03   0.2497E-03   0.2721E-03   0.2964E-03   0.3228E-03   0.3517E-03   0.3833E-03   0.4181E-03   0.4564E-03   0.4989E-03   0.5461E-03   0.5988E-03   0.6577E-03   0.7240E-03   0.7989E-03   0.8837E-03   0.9804E-03   0.1091E-02   0.1218E-02   0.1365E-02   0.1536E-02   0.1735E-02   0.1970E-02   0.2246E-02   0.2574E-02   0.2966E-02   0.3435E-02   0.4000E-02   0.4682E-02   0.5507E-02   0.6507E-02   0.7718E-02   0.9185E-02   0.1097E-01   0.1317E-01   0.1587E-01   0.1929E-01   0.2379E-01   0.2954E-01   0.3622E-01   0.4299E-01   0.4901E-01   0.5385E-01   0.5757E-01   0.6051E-01   0.6273E-01   0.6442E-01   0.6571E-01   0.6672E-01   0.6751E-01   0.6815E-01   0.6867E-01   0.6911E-01   0.6947E-01   0.6978E-01   0.7004E-01   0.7026E-01   0.7046E-01   0.7063E-01   0.7077E-01   0.7090E-01   0.7102E-01   0.7112E-01   0.7121E-01   0.7129E-01   0.7136E-01   0.7143E-01   0.7148E-01   0.7154E-01   0.7158E-01   0.7162E-01   0.7166E-01   0.7170E-01   0.7173E-01   0.7176E-01   0.7179E-01   0.7181E-01   0.7183E-01   0.7185E-01   0.7187E-01   0.7189E-01   0.7190E-01   0.7191E-01   0.7193E-01   0.7194E-01   0.7195E-01   0.7196E-01   0.7196E-01   0.7197E-01
0.6339E+05   0.3562E+01   0.9289E-04   0.1047E-03   0.1172E-03   0.1304E-03   0.1444E-03   0.1593E-03   0.1750E-03   0.1918E-03   0.2097E-03   0.2290E-03   0.2497E-03   0.2721E-03   0.2964E-03   0.3228E-03   0.3517E-03   0.3833E-03   0.4181E-03   0.4565E-03   0.4990E-03   0.5462E-03   0.5989E-03   0.6579E-03   0.7242E-03   0.7990E-03   0.8839E-03   0.9806E-03   0.1091E-02   0.1219E-02   0.1366E-02   0.1536E-02   0.1736E-02   0.1970E-02   0.2247E-02   0.2575E-02   0.2966E-02   0.3434E-02   0.3997E-02   0.4677E-02   0.5498E-02   0.6490E-02   0.7690E-02   0.9142E-02   0.1091E-01   0.1308E-01   0.1577E-01   0.1917E-01   0.2360E-01   0.2917E-01   0.3559E-01   0.4210E-01   0.4795E-01   0.5271E-01   0.5640E-01   0.5933E-01   0.6156E-01   0.6325E-01   0.6454E-01   0.6555E-01   0.6634E-01   0.6698E-01   0.6750E-01   0.6793E-01   0.6829E-01   0.6859E-01   0.6885E-01   0.6908E-01   0.6927E-01   0.6944E-01   0.6958E-01   0.6971E-01   0.6983E-01   0.6993E-01   0.7002E-01   0.7010E-01   0.7017E-01   0.7023E-01   0.7029E-01   0.7034E-01   0.7039E-01   0.7043E-01   0.7047E-01   0.7050E-01   0.7053E-01   0.7056E-01   0.7059E-01   0.7061E-01   0.7063E-01   0.7065E-01   0.7067E-01   0.7069E-01   0.7070E-01   0.7072E-01   0.7073E-01   0.7074E-01   0.7075E-01   0.7076E-01   0.7076E-01   0.7077E-01
0.6338E+05   0.3750E+01   0.9289E-04   0.1047E-03   0.1172E-03   0.1304E-03   0.1444E-03   0.1593E-03   0.1750E-03   0.1918E-03   0.2097E-03   0.2290E-03   0.2497E-03   0.2721E-03   0.2964E-03   0.3228E-03   0.3517E-03   0.3834E-03   0.4181E-03   0.4565E-03   0.4990E-03   0.5462E-03   0.5989E-03   0.6579E-03   0.7242E-03   0.7991E-03   0.8840E-03   0.9807E-03   0.1091E-02   0.1219E-02   0.1366E-02   0.1537E-02   0.1736E-02   0.1970E-02   0.2247E-02   0.2575E-02   0.2965E-02   0.3434E-02   0.3996E-02   0.4675E-02   0.5494E-02   0.6485E-02   0.7681E-02   0.9128E-02   0.1089E-01   0.1306E-01   0.1573E-01   0.1913E-01   0.2353E-01   0.2905E-01   0.3538E-01   0.4180E-01   0.4760E-01   0.5233E-01   0.5601E-01   0.5894E-01   0.6117E-01   0.6286E-01   0.6415E-01   0.6516E-01   0.6595E-01   0.6659E-01   0.6711E-01   0.6754E-01   0.6790E-01   0.6820E-01   0.6846E-01   0.6868E-01   0.6888E-01   0.6905E-01   0.6919E-01   0.6932E-01   0.6943E-01   0.6953E-01   0.6962E-01   0.6970E-01   0.6977E-01   0.6984E-01   0.6989E-01   0.6995E-01   0.6999E-01   0.7003E-01   0.7007E-01   0.7011E-01   0.7014E-01   0.7017E-01   0.7019E-01   0.7022E-01   0.7024E-01   0.7026E-01   0.7028E-01   0.7029E-01   0.7031E-01   0.7032E-01   0.7033E-01   0.7034E-01   0.7035E-01   0.7036E-01   0.7037E-01   0.7038E-01
