0.6210E+05   0.1118E+01   -.3001E+02   -.3002E+02   -.3002E+02   -.3003E+02   -.3003E+02   -.3004E+02   -.3004E+02   -.3005E+02   -.3005E+02   -.3006E+02   -.3006E+02   -.3007E+02   -.3008E+02   -.3008E+02   -.3009E+02   -.3010E+02   -.3011E+02   -.3012E+02   -.3013E+02   -.3014E+02   -.3015E+02   -.3016E+02   -.3017E+02   -.3019E+02   -.3021E+02   -.3022E+02   -.3024E+02   -.3027E+02   -.3029E+02   -.3032E+02   -.3036E+02   -.3040E+02   -.3045E+02   -.3050E+02   -.3056E+02   -.3064E+02   -.3073E+02   -.3084E+02   -.3097E+02   -.3113E+02   -.3133E+02   -.3157E+02   -.3184E+02   -.3215E+02   -.3246E+02   -.3285E+02   -.3427E+02   -.5874E+02   -.2905E+02   -.3146E+02   -.3298E+02   -.3392E+02   -.3453E+02   -.3496E+02   -.3527E+02   -.3550E+02   -.3568E+02   -.3583E+02   -.3594E+02   -.3604E+02   -.3612E+02   -.3619E+02   -.3625E+02   -.3630E+02   -.3635E+02   -.3639E+02   -.3642E+02   -.3645E+02   -.3648E+02   -.3650E+02   -.3653E+02   -.3655E+02   -.3656E+02   -.3658E+02   -.3659E+02   -.3661E+02   -.3662E+02   -.3663E+02   -.3664E+02   -.3665E+02   -.3666E+02   -.3667E+02   -.3668E+02   -.3668E+02   -.3669E+02   -.3669E+02   -.3670E+02   -.3671E+02   -.3671E+02   -.3671E+02   -.3672E+02   -.3672E+02   -.3673E+02   -.3673E+02   -.3673E+02   -.3674E+02   -.3674E+02   -.3674E+02
0.6210E+05   0.1370E+01   -.3002E+02   -.3002E+02   -.3002E+02   -.3003E+02   -.3003E+02   -.3004E+02   -.3004E+02   -.3005E+02   -.3005E+02   -.3006E+02   -.3006E+02   -.3007E+02   -.3008E+02   -.3008E+02   -.3009E+02   -.3010E+02   -.3011E+02   -.3012E+02   -.3013E+02   -.3014E+02   -.3015E+02   -.3016E+02   -.3017E+02   -.3019E+02   -.3021E+02   -.3023E+02   -.3025E+02   -.3027E+02   -.3030E+02   -.3033E+02   -.3036E+02   -.3040E+02   -.3045E+02   -.3050E+02   -.3056E+02   -.3064E+02   -.3073E+02   -.3084E+02   -.3097E+02   -.3113E+02   -.3132E+02   -.3156E+02   -.3184E+02   -.3216E+02   -.3253E+02   -.3308E+02   -.3497E+02   -.4390E+02   -.3139E+02   -.3271E+02   -.3417E+02   -.3517E+02   -.3585E+02   -.3637E+02   -.3675E+02   -.3703E+02   -.3725E+02   -.3743E+02   -.3757E+02   -.3769E+02   -.3778E+02   -.3786E+02   -.3793E+02   -.3799E+02   -.3804E+02   -.3809E+02   -.3813E+02   -.3816E+02   -.3819E+02   -.3822E+02   -.3824E+02   -.3827E+02   -.3828E+02   -.3830E+02   -.3832E+02   -.3833E+02   -.3835E+02   -.3836E+02   -.3837E+02   -.3838E+02   -.3839E+02   -.3840E+02   -.3840E+02   -.3841E+02   -.3842E+02   -.3843E+02   -.3843E+02   -.3844E+02   -.3844E+02   -.3845E+02   -.3845E+02   -.3845E+02   -.3846E+02   -.3846E+02   -.3846E+02   -.3847E+02   -.3847E+02   -.3847E+02
0.6210E+05   0.1623E+01   -.3002E+02   -.3002E+02   -.3002E+02   -.3003E+02   -.3003E+02   -.3004E+02   -.3004E+02   -.3005E+02   -.3005E+02   -.3006E+02   -.3006E+02   -.3007E+02   -.3008E+02   -.3008E+02   -.3009E+02   -.3010E+02   -.3011E+02   -.3012E+02   -.3013E+02   -.3014E+02   -.3015E+02   -.3016E+02   -.3017E+02   -.3019E+02   -.3021E+02   -.3023E+02   -.3025E+02   -.3027E+02   -.3030E+02   -.3033E+02   -.3036E+02   -.3040E+02   -.3045E+02   -.3050E+02   -.3057E+02   -.3064E+02   -.3073E+02   -.3084E+02   -.3097E+02   -.3113E+02   -.3133E+02   -.3156E+02   -.3185E+02   -.3219E+02   -.3263E+02   -.3333E+02   -.3525E+02   -.3840E+02   -.3364E+02   -.3401E+02   -.3520E+02   -.3615E+02   -.3685E+02   -.3739E+02   -.3780E+02   -.3811E+02   -.3836E+02   -.3855E+02   -.3871E+02   -.3883E+02   -.3894E+02   -.3903E+02   -.3910E+02   -.3917E+02   -.3922E+02   -.3927E+02   -.3931E+02   -.3935E+02   -.3938E+02   -.3941E+02   -.3943E+02   -.3946E+02   -.3948E+02   -.3949E+02   -.3951E+02   -.3953E+02   -.3954E+02   -.3955E+02   -.3956E+02   -.3958E+02   -.3958E+02   -.3959E+02   -.3960E+02   -.3961E+02   -.3962E+02   -.3962E+02   -.3963E+02   -.3963E+02   -.3964E+02   -.3964E+02   -.3965E+02   -.3965E+02   -.3966E+02   -.3966E+02   -.3966E+02   -.3967E+02   -.3967E+02   -.3967E+02
0.6210E+05   0.1875E+01   -.3002E+02   -.3002E+02   -.3002E+02   -.3003E+02   -.3003E+02   -.3004E+02   -.3004E+02   -.3005E+02   -.3005E+02   -.3006E+02   -.3006E+02   -.3007E+02   -.3008E+02   -.3008E+02   -.3009E+02   -.3010E+02   -.3011E+02   -.3012E+02   -.3013E+02   -.3014E+02   -.3015E+02   -.3016E+02   -.3018E+02   -.3019E+02   -.3021E+02   -.3023E+02   -.3025E+02   -.3027E+02   -.3030E+02   -.3033E+02   -.3036E+02   -.3040E+02   -.3045E+02   -.3051E+02   -.3057E+02   -.3064E+02   -.3073E+02   -.3084E+02   -.3097E+02   -.3113E+02   -.3132E+02   -.3155E+02   -.3184E+02   -.3219E+02   -.3267E+02   -.3341E+02   -.3490E+02   -.3620E+02   -.3463E+02   -.3472E+02   -.3559E+02   -.3640E+02   -.3703E+02   -.3755E+02   -.3795E+02   -.3826E+02   -.3850E+02   -.3870E+02   -.3886E+02   -.3899E+02   -.3910E+02   -.3919E+02   -.3926E+02   -.3933E+02   -.3938E+02   -.3943E+02   -.3947E+02   -.3951E+02   -.3954E+02   -.3957E+02   -.3960E+02   -.3962E+02   -.3964E+02   -.3966E+02   -.3968E+02   -.3969E+02   -.3971E+02   -.3972E+02   -.3973E+02   -.3974E+02   -.3975E+02   -.3976E+02   -.3977E+02   -.3978E+02   -.3978E+02   -.3979E+02   -.3980E+02   -.3980E+02   -.3981E+02   -.3981E+02   -.3982E+02   -.3982E+02   -.3982E+02   -.3983E+02   -.3983E+02   -.3983E+02   -.3984E+02   -.3984E+02
0.6247E+05   0.2062E+01   -.3002E+02   -.3002E+02   -.3002E+02   -.3003E+02   -.3003E+02   -.3004E+02   -.3004E+02   -.3005E+02   -.3005E+02   -.3006E+02   -.3006E+02   -.3007E+02   -.3008E+02   -.3008E+02   -.3009E+02   -.3010E+02   -.3011E+02   -.3012E+02   -.3013E+02   -.3014E+02   -.3015E+02   -.3016E+02   -.3018E+02   -.3019E+02   -.3021E+02   -.3023E+02   -.3025E+02   -.3027E+02   -.3030E+02   -.3033E+02   -.3036E+02   -.3041E+02   -.3045E+02   -.3051E+02   -.3057E+02   -.3065E+02   -.3074E+02   -.3084E+02   -.3097E+02   -.3113E+02   -.3132E+02   -.3155E+02   -.3183E+02   -.3220E+02   -.3268E+02   -.3340E+02   -.3458E+02   -.3543E+02   -.3490E+02   -.3504E+02   -.3576E+02   -.3647E+02   -.3705E+02   -.3754E+02   -.3792E+02   -.3822E+02   -.3847E+02   -.3866E+02   -.3882E+02   -.3895E+02   -.3905E+02   -.3914E+02   -.3922E+02   -.3929E+02   -.3934E+02   -.3939E+02   -.3943E+02   -.3947E+02   -.3950E+02   -.3953E+02   -.3956E+02   -.3958E+02   -.3960E+02   -.3962E+02   -.3964E+02   -.3965E+02   -.3967E+02   -.3968E+02   -.3969E+02   -.3970E+02   -.3971E+02   -.3972E+02   -.3973E+02   -.3974E+02   -.3974E+02   -.3975E+02   -.3976E+02   -.3976E+02   -.3977E+02   -.3977E+02   -.3978E+02   -.3978E+02   -.3978E+02   -.3979E+02   -.3979E+02   -.3979E+02   -.3980E+02   -.3980E+02
0.6242E+05   0.2250E+01   -.3002E+02   -.3002E+02   -.3002E+02   -.3003E+02   -.3003E+02   -.3004E+02   -.3004E+02   -.3005E+02   -.3005E+02   -.3006E+02   -.3006E+02   -.3007E+02   -.3008E+02   -.3008E+02   -.3009E+02   -.3010E+02   -.3011E+02   -.3012E+02   -.3013E+02   -.3014E+02   -.3015E+02   -.3016E+02   -.3018E+02   -.3019E+02   -.3021E+02   -.3023E+02   -.3025E+02   -.3027E+02   -.3030E+02   -.3033E+02   -.3037E+02   -.3041E+02   -.3045E+02   -.3051E+02   -.3057E+02   -.3065E+02   -.3074E+02   -.3084E+02   -.3097E+02   -.3113E+02   -.3132E+02   -.3155E+02   -.3183E+02   -.3219E+02   -.3267E+02   -.3334E+02   -.3429E+02   -.3498E+02   -.3494E+02   -.3518E+02   -.3579E+02   -.3643E+02   -.3697E+02   -.3742E+02   -.3779E+02   -.3808E+02   -.3831E+02   -.3850E+02   -.3866E+02   -.3879E+02   -.3889E+02   -.3898E+02   -.3906E+02   -.3912E+02   -.3918E+02   -.3923E+02   -.3927E+02   -.3931E+02   -.3934E+02   -.3937E+02   -.3939E+02   -.3942E+02   -.3944E+02   -.3946E+02   -.3947E+02   -.3949E+02   -.3950E+02   -.3951E+02   -.3953E+02   -.3954E+02   -.3955E+02   -.3956E+02   -.3956E+02   -.3957E+02   -.3958E+02   -.3958E+02   -.3959E+02   -.3960E+02   -.3960E+02   -.3961E+02   -.3961E+02   -.3961E+02   -.3962E+02   -.3962E+02   -.3963E+02   -.3963E+02   -.3963E+02   -.3963E+02
0.6273E+05   0.2437E+01   -.3002E+02   -.3002E+02   -.3002E+02   -.3003E+02   -.3003E+02   -.3004E+02   -.3004E+02   -.3005E+02   -.3005E+02   -.3006E+02   -.3006E+02   -.3007E+02   -.3008E+02   -.3008E+02   -.3009E+02   -.3010E+02   -.3011E+02   -.3012E+02   -.3013E+02   -.3014E+02   -.3015E+02   -.3016E+02   -.3018E+02   -.3019E+02   -.3021E+02   -.3023E+02   -.3025E+02   -.3027E+02   -.3030E+02   -.3033E+02   -.3037E+02   -.3041E+02   -.3045E+02   -.3051E+02   -.3057E+02   -.3065E+02   -.3074E+02   -.3084E+02   -.3097E+02   -.3112E+02   -.3131E+02   -.3153E+02   -.3181E+02   -.3216E+02   -.3262E+02   -.3322E+02   -.3398E+02   -.3457E+02   -.3475E+02   -.3506E+02   -.3559E+02   -.3615E+02   -.3664E+02   -.3705E+02   -.3740E+02   -.3768E+02   -.3790E+02   -.3809E+02   -.3824E+02   -.3836E+02   -.3847E+02   -.3856E+02   -.3863E+02   -.3870E+02   -.3875E+02   -.3880E+02   -.3884E+02   -.3888E+02   -.3891E+02   -.3894E+02   -.3896E+02   -.3899E+02   -.3901E+02   -.3902E+02   -.3904E+02   -.3906E+02   -.3907E+02   -.3908E+02   -.3909E+02   -.3910E+02   -.3911E+02   -.3912E+02   -.3913E+02   -.3914E+02   -.3915E+02   -.3915E+02   -.3916E+02   -.3916E+02   -.3917E+02   -.3917E+02   -.3918E+02   -.3918E+02   -.3919E+02   -.3919E+02   -.3919E+02   -.3920E+02   -.3920E+02   -.3920E+02
0.6270E+05   0.2625E+01   -.3002E+02   -.3002E+02   -.3002E+02   -.3003E+02   -.3003E+02   -.3004E+02   -.3004E+02   -.3005E+02   -.3005E+02   -.3006E+02   -.3006E+02   -.3007E+02   -.3008E+02   -.3008E+02   -.3009E+02   -.3010E+02   -.3011E+02   -.3012E+02   -.3013E+02   -.3014E+02   -.3015E+02   -.3016E+02   -.3018E+02   -.3019E+02   -.3021E+02   -.3023E+02   -.3025E+02   -.3027E+02   -.3030E+02   -.3033E+02   -.3037E+02   -.3041E+02   -.3045E+02   -.3051E+02   -.3057E+02   -.3065E+02   -.3074E+02   -.3084E+02   -.3097E+02   -.3112E+02   -.3130E+02   -.3153E+02   -.3180E+02   -.3215E+02   -.3259E+02   -.3315E+02   -.3380E+02   -.3435E+02   -.3468E+02   -.3505E+02   -.3555E+02   -.3606E+02   -.3651E+02   -.3691E+02   -.3723E+02   -.3750E+02   -.3772E+02   -.3790E+02   -.3805E+02   -.3818E+02   -.3828E+02   -.3837E+02   -.3844E+02   -.3850E+02   -.3856E+02   -.3861E+02   -.3865E+02   -.3868E+02   -.3872E+02   -.3875E+02   -.3877E+02   -.3879E+02   -.3881E+02   -.3883E+02   -.3885E+02   -.3886E+02   -.3888E+02   -.3889E+02   -.3890E+02   -.3891E+02   -.3892E+02   -.3893E+02   -.3894E+02   -.3895E+02   -.3895E+02   -.3896E+02   -.3897E+02   -.3897E+02   -.3898E+02   -.3898E+02   -.3898E+02   -.3899E+02   -.3899E+02   -.3900E+02   -.3900E+02   -.3900E+02   -.3901E+02   -.3901E+02
0.6325E+05   0.2812E+01   -.3002E+02   -.3002E+02   -.3002E+02   -.3003E+02   -.3003E+02   -.3004E+02   -.3004E+02   -.3005E+02   -.3005E+02   -.3006E+02   -.3006E+02   -.3007E+02   -.3008E+02   -.3008E+02   -.3009E+02   -.3010E+02   -.3011E+02   -.3012E+02   -.3013E+02   -.3014E+02   -.3015E+02   -.3016E+02   -.3018E+02   -.3019E+02   -.3021E+02   -.3023E+02   -.3025E+02   -.3027E+02   -.3030E+02   -.3033E+02   -.3037E+02   -.3041E+02   -.3046E+02   -.3051E+02   -.3057E+02   -.3065E+02   -.3074E+02   -.3084E+02   -.3097E+02   -.3112E+02   -.3130E+02   -.3152E+02   -.3179E+02   -.3213E+02   -.3255E+02   -.3307E+02   -.3364E+02   -.3416E+02   -.3456E+02   -.3497E+02   -.3545E+02   -.3592E+02   -.3634E+02   -.3672E+02   -.3703E+02   -.3729E+02   -.3751E+02   -.3768E+02   -.3783E+02   -.3795E+02   -.3805E+02   -.3814E+02   -.3821E+02   -.3828E+02   -.3833E+02   -.3838E+02   -.3842E+02   -.3846E+02   -.3849E+02   -.3852E+02   -.3854E+02   -.3856E+02   -.3858E+02   -.3860E+02   -.3862E+02   -.3863E+02   -.3865E+02   -.3866E+02   -.3867E+02   -.3868E+02   -.3869E+02   -.3870E+02   -.3871E+02   -.3872E+02   -.3872E+02   -.3873E+02   -.3873E+02   -.3874E+02   -.3874E+02   -.3875E+02   -.3875E+02   -.3876E+02   -.3876E+02   -.3877E+02   -.3877E+02   -.3877E+02   -.3877E+02   -.3878E+02
0.6322E+05   0.3000E+01   -.3002E+02   -.3002E+02   -.3002E+02   -.3003E+02   -.3003E+02   -.3004E+02   -.3004E+02   -.3005E+02   -.3005E+02   -.3006E+02   -.3006E+02   -.3007E+02   -.3008E+02   -.3008E+02   -.3009E+02   -.3010E+02   -.3011E+02   -.3012E+02   -.3013E+02   -.3014E+02   -.3015E+02   -.3016E+02   -.3018E+02   -.3019E+02   -.3021E+02   -.3023E+02   -.3025E+02   -.3027E+02   -.3030E+02   -.3033E+02   -.3037E+02   -.3041E+02   -.3046E+02   -.3051E+02   -.3057E+02   -.3065E+02   -.3074E+02   -.3084E+02   -.3097E+02   -.3112E+02   -.3130E+02   -.3152E+02   -.3178E+02   -.3211E+02   -.3251E+02   -.3299E+02   -.3351E+02   -.3401E+02   -.3444E+02   -.3487E+02   -.3533E+02   -.3577E+02   -.3617E+02   -.3652E+02   -.3683E+02   -.3708E+02   -.3729E+02   -.3746E+02   -.3761E+02   -.3773E+02   -.3783E+02   -.3791E+02   -.3798E+02   -.3805E+02   -.3810E+02   -.3815E+02   -.3819E+02   -.3822E+02   -.3826E+02   -.3828E+02   -.3831E+02   -.3833E+02   -.3835E+02   -.3837E+02   -.3839E+02   -.3840E+02   -.3842E+02   -.3843E+02   -.3844E+02   -.3845E+02   -.3846E+02   -.3847E+02   -.3848E+02   -.3848E+02   -.3849E+02   -.3850E+02   -.3850E+02   -.3851E+02   -.3851E+02   -.3852E+02   -.3852E+02   -.3853E+02   -.3853E+02   -.3853E+02   -.3854E+02   -.3854E+02   -.3854E+02   -.3854E+02
0.6351E+05   0.3188E+01   -.3002E+02   -.3002E+02   -.3002E+02   -.3003E+02   -.3003E+02   -.3004E+02   -.3004E+02   -.3005E+02   -.3005E+02   -.3006E+02   -.3006E+02   -.3007E+02   -.3008E+02   -.3008E+02   -.3009E+02   -.3010E+02   -.3011E+02   -.3012E+02   -.3013E+02   -.3014E+02   -.3015E+02   -.3016E+02   -.3018E+02   -.3019E+02   -.3021E+02   -.3023E+02   -.3025E+02   -.3027E+02   -.3030E+02   -.3033E+02   -.3037E+02   -.3041E+02   -.3046E+02   -.3051E+02   -.3057E+02   -.3065E+02   -.3074E+02   -.3084E+02   -.3097E+02   -.3112E+02   -.3130E+02   -.3151E+02   -.3177E+02   -.3210E+02   -.3249E+02   -.3294E+02   -.3343E+02   -.3391E+02   -.3436E+02   -.3480E+02   -.3525E+02   -.3568E+02   -.3606E+02   -.3640E+02   -.3670E+02   -.3694E+02   -.3715E+02   -.3732E+02   -.3746E+02   -.3758E+02   -.3768E+02   -.3776E+02   -.3784E+02   -.3790E+02   -.3795E+02   -.3800E+02   -.3804E+02   -.3808E+02   -.3811E+02   -.3814E+02   -.3816E+02   -.3818E+02   -.3820E+02   -.3822E+02   -.3824E+02   -.3825E+02   -.3827E+02   -.3828E+02   -.3829E+02   -.3830E+02   -.3831E+02   -.3832E+02   -.3833E+02   -.3833E+02   -.3834E+02   -.3835E+02   -.3835E+02   -.3836E+02   -.3836E+02   -.3837E+02   -.3837E+02   -.3837E+02   -.3838E+02   -.3838E+02   -.3839E+02   -.3839E+02   -.3839E+02   -.3839E+02
0.6334E+05   0.3375E+01   -.3002E+02   -.3002E+02   -.3002E+02   -.3003E+02   -.3003E+02   -.3004E+02   -.3004E+02   -.3005E+02   -.3005E+02   -.3006E+02   -.3006E+02   -.3007E+02   -.3008E+02   -.3008E+02   -.3009E+02   -.3010E+02   -.3011E+02   -.3012E+02   -.3013E+02   -.3014E+02   -.3015E+02   -.3016E+02   -.3018E+02   -.3019E+02   -.3021E+02   -.3023E+02   -.3025E+02   -.3027E+02   -.3030E+02   -.3033E+02   -.3037E+02   -.3041E+02   -.3046E+02   -.3051E+02   -.3057E+02   -.3065E+02   -.3074E+02   -.3084E+02   -.3097E+02   -.3112E+02   -.3129E+02   -.3151E+02   -.3177E+02   -.3209E+02   -.3247E+02   -.3290E+02   -.3337E+02   -.3384E+02   -.3430E+02   -.3474E+02   -.3518E+02   -.3560E+02   -.3597E+02   -.3631E+02   -.3659E+02   -.3684E+02   -.3704E+02   -.3721E+02   -.3735E+02   -.3747E+02   -.3757E+02   -.3765E+02   -.3772E+02   -.3778E+02   -.3784E+02   -.3788E+02   -.3793E+02   -.3796E+02   -.3799E+02   -.3802E+02   -.3805E+02   -.3807E+02   -.3809E+02   -.3811E+02   -.3812E+02   -.3814E+02   -.3815E+02   -.3816E+02   -.3817E+02   -.3818E+02   -.3819E+02   -.3820E+02   -.3821E+02   -.3822E+02   -.3822E+02   -.3823E+02   -.3824E+02   -.3824E+02   -.3825E+02   -.3825E+02   -.3826E+02   -.3826E+02   -.3826E+02   -.3827E+02   -.3827E+02   -.3827E+02   -.3828E+02   -.3828E+02
0.6339E+05   0.3562E+01   -.3002E+02   -.3002E+02   -.3002E+02   -.3003E+02   -.3003E+02   -.3004E+02   -.3004E+02   -.3005E+02   -.3005E+02   -.3006E+02   -.3006E+02   -.3007E+02   -.3008E+02   -.3008E+02   -.3009E+02   -.3010E+02   -.3011E+02   -.3012E+02   -.3013E+02   -.3014E+02   -.3015E+02   -.3016E+02   -.3018E+02   -.3019E+02   -.3021E+02   -.3023E+02   -.3025E+02   -.3027E+02   -.3030E+02   -.3033E+02   -.3037E+02   -.3041E+02   -.3046E+02   -.3051E+02   -.3058E+02   -.3065E+02   -.3074E+02   -.3084E+02   -.3097E+02   -.3112E+02   -.3129E+02   -.3151E+02   -.3177E+02   -.3208E+02   -.3246E+02   -.3288E+02   -.3334E+02   -.3381E+02   -.3427E+02   -.3472E+02   -.3515E+02   -.3556E+02   -.3593E+02   -.3626E+02   -.3655E+02   -.3679E+02   -.3699E+02   -.3715E+02   -.3729E+02   -.3741E+02   -.3751E+02   -.3760E+02   -.3767E+02   -.3773E+02   -.3778E+02   -.3783E+02   -.3787E+02   -.3790E+02   -.3794E+02   -.3796E+02   -.3799E+02   -.3801E+02   -.3803E+02   -.3805E+02   -.3807E+02   -.3808E+02   -.3809E+02   -.3811E+02   -.3812E+02   -.3813E+02   -.3814E+02   -.3815E+02   -.3815E+02   -.3816E+02   -.3817E+02   -.3817E+02   -.3818E+02   -.3818E+02   -.3819E+02   -.3819E+02   -.3820E+02   -.3820E+02   -.3821E+02   -.3821E+02   -.3821E+02   -.3822E+02   -.3822E+02   -.3822E+02
0.6338E+05   0.3750E+01   -.3002E+02   -.3002E+02   -.3002E+02   -.3003E+02   -.3003E+02   -.3004E+02   -.3004E+02   -.3005E+02   -.3005E+02   -.3006E+02   -.3006E+02   -.3007E+02   -.3008E+02   -.3008E+02   -.3009E+02   -.3010E+02   -.3011E+02   -.3012E+02   -.3013E+02   -.3014E+02   -.3015E+02   -.3016E+02   -.3018E+02   -.3019E+02   -.3021E+02   -.3023E+02   -.3025E+02   -.3027E+02   -.3030E+02   -.3033E+02   -.3037E+02   -.3041E+02   -.3046E+02   -.3051E+02   -.3058E+02   -.3065E+02   -.3074E+02   -.3084E+02   -.3097E+02   -.3112E+02   -.3129E+02   -.3151E+02   -.3176E+02   -.3208E+02   -.3245E+02   -.3287E+02   -.3333E+02   -.3380E+02   -.3425E+02   -.3470E+02   -.3514E+02   -.3555E+02   -.3591E+02   -.3624E+02   -.3652E+02   -.3676E+02   -.3696E+02   -.3713E+02   -.3727E+02   -.3739E+02   -.3749E+02   -.3757E+02   -.3764E+02   -.3770E+02   -.3776E+02   -.3780E+02   -.3784E+02   -.3788E+02   -.3791E+02   -.3794E+02   -.3796E+02   -.3799E+02   -.3801E+02   -.3802E+02   -.3804E+02   -.3805E+02   -.3807E+02   -.3808E+02   -.3809E+02   -.3810E+02   -.3811E+02   -.3812E+02   -.3813E+02   -.3813E+02   -.3814E+02   -.3815E+02   -.3815E+02   -.3816E+02   -.3816E+02   -.3817E+02   -.3817E+02   -.3818E+02   -.3818E+02   -.3818E+02   -.3819E+02   -.3819E+02   -.3819E+02   -.3820E+02
