0.6018E+05   0.1118E+01   -.9004E+01   -.9006E+01   -.9007E+01   -.9009E+01   -.9011E+01   -.9013E+01   -.9015E+01   -.9017E+01   -.9019E+01   -.9021E+01   -.9023E+01   -.9025E+01   -.9028E+01   -.9030E+01   -.9033E+01   -.9036E+01   -.9039E+01   -.9043E+01   -.9046E+01   -.9050E+01   -.9054E+01   -.9059E+01   -.9064E+01   -.9070E+01   -.9076E+01   -.9083E+01   -.9090E+01   -.9099E+01   -.9108E+01   -.9119E+01   -.9132E+01   -.9146E+01   -.9163E+01   -.9183E+01   -.9206E+01   -.9234E+01   -.9267E+01   -.9307E+01   -.9356E+01   -.9417E+01   -.9493E+01   -.9586E+01   -.9701E+01   -.9843E+01   -.1001E+02   -.1026E+02   -.1101E+02   -.2495E+02   -.7520E+01   -.8465E+01   -.9135E+01   -.9628E+01   -.9951E+01   -.1021E+02   -.1040E+02   -.1053E+02   -.1062E+02   -.1068E+02   -.1072E+02   -.1074E+02   -.1074E+02   -.1073E+02   -.1072E+02   -.1069E+02   -.1066E+02   -.1063E+02   -.1059E+02   -.1055E+02   -.1051E+02   -.1047E+02   -.1042E+02   -.1038E+02   -.1033E+02   -.1029E+02   -.1024E+02   -.1020E+02   -.1015E+02   -.1011E+02   -.1007E+02   -.1002E+02   -.9980E+01   -.9938E+01   -.9896E+01   -.9855E+01   -.9815E+01   -.9776E+01   -.9737E+01   -.9699E+01   -.9662E+01   -.9625E+01   -.9589E+01   -.9554E+01   -.9520E+01   -.9486E+01   -.9452E+01   -.9420E+01   -.9388E+01   -.9356E+01
0.6019E+05   0.1345E+01   -.9004E+01   -.9006E+01   -.9007E+01   -.9009E+01   -.9011E+01   -.9013E+01   -.9015E+01   -.9017E+01   -.9019E+01   -.9021E+01   -.9023E+01   -.9025E+01   -.9028E+01   -.9030E+01   -.9033E+01   -.9036E+01   -.9039E+01   -.9043E+01   -.9046E+01   -.9050E+01   -.9055E+01   -.9059E+01   -.9064E+01   -.9070E+01   -.9076E+01   -.9083E+01   -.9091E+01   -.9099E+01   -.9109E+01   -.9120E+01   -.9132E+01   -.9147E+01   -.9164E+01   -.9184E+01   -.9207E+01   -.9235E+01   -.9268E+01   -.9308E+01   -.9358E+01   -.9419E+01   -.9495E+01   -.9589E+01   -.9707E+01   -.9858E+01   -.1006E+02   -.1036E+02   -.1116E+02   -.1509E+02   -.6909E+01   -.9461E+01   -.9910E+01   -.1029E+02   -.1057E+02   -.1080E+02   -.1097E+02   -.1109E+02   -.1119E+02   -.1127E+02   -.1133E+02   -.1139E+02   -.1143E+02   -.1147E+02   -.1150E+02   -.1152E+02   -.1154E+02   -.1156E+02   -.1157E+02   -.1158E+02   -.1158E+02   -.1159E+02   -.1159E+02   -.1159E+02   -.1159E+02   -.1159E+02   -.1159E+02   -.1159E+02   -.1159E+02   -.1159E+02   -.1158E+02   -.1158E+02   -.1158E+02   -.1158E+02   -.1157E+02   -.1157E+02   -.1156E+02   -.1156E+02   -.1156E+02   -.1155E+02   -.1155E+02   -.1155E+02   -.1154E+02   -.1154E+02   -.1154E+02   -.1153E+02   -.1153E+02   -.1153E+02   -.1152E+02   -.1152E+02
0.6019E+05   0.1573E+01   -.9004E+01   -.9006E+01   -.9008E+01   -.9009E+01   -.9011E+01   -.9013E+01   -.9015E+01   -.9017E+01   -.9019E+01   -.9021E+01   -.9023E+01   -.9025E+01   -.9028E+01   -.9031E+01   -.9033E+01   -.9036E+01   -.9039E+01   -.9043E+01   -.9046E+01   -.9050E+01   -.9055E+01   -.9059E+01   -.9064E+01   -.9070E+01   -.9076E+01   -.9083E+01   -.9091E+01   -.9099E+01   -.9109E+01   -.9120E+01   -.9133E+01   -.9148E+01   -.9164E+01   -.9184E+01   -.9208E+01   -.9236E+01   -.9269E+01   -.9310E+01   -.9359E+01   -.9421E+01   -.9497E+01   -.9592E+01   -.9713E+01   -.9872E+01   -.1009E+02   -.1045E+02   -.1128E+02   -.1240E+02   -.9937E+01   -.1047E+02   -.1085E+02   -.1120E+02   -.1147E+02   -.1168E+02   -.1185E+02   -.1198E+02   -.1208E+02   -.1216E+02   -.1222E+02   -.1227E+02   -.1232E+02   -.1235E+02   -.1239E+02   -.1241E+02   -.1243E+02   -.1245E+02   -.1247E+02   -.1249E+02   -.1250E+02   -.1251E+02   -.1252E+02   -.1253E+02   -.1254E+02   -.1254E+02   -.1255E+02   -.1255E+02   -.1256E+02   -.1256E+02   -.1257E+02   -.1257E+02   -.1257E+02   -.1258E+02   -.1258E+02   -.1258E+02   -.1258E+02   -.1258E+02   -.1259E+02   -.1259E+02   -.1259E+02   -.1259E+02   -.1259E+02   -.1259E+02   -.1259E+02   -.1259E+02   -.1259E+02   -.1259E+02   -.1259E+02   -.1259E+02
0.6018E+05   0.1800E+01   -.9004E+01   -.9006E+01   -.9008E+01   -.9009E+01   -.9011E+01   -.9013E+01   -.9015E+01   -.9017E+01   -.9019E+01   -.9021E+01   -.9023E+01   -.9025E+01   -.9028E+01   -.9031E+01   -.9033E+01   -.9036E+01   -.9039E+01   -.9043E+01   -.9047E+01   -.9050E+01   -.9055E+01   -.9059E+01   -.9065E+01   -.9070E+01   -.9076E+01   -.9083E+01   -.9091E+01   -.9100E+01   -.9109E+01   -.9121E+01   -.9133E+01   -.9148E+01   -.9165E+01   -.9185E+01   -.9208E+01   -.9236E+01   -.9270E+01   -.9311E+01   -.9360E+01   -.9422E+01   -.9498E+01   -.9594E+01   -.9716E+01   -.9879E+01   -.1011E+02   -.1047E+02   -.1113E+02   -.1166E+02   -.1101E+02   -.1094E+02   -.1123E+02   -.1154E+02   -.1179E+02   -.1200E+02   -.1217E+02   -.1230E+02   -.1240E+02   -.1249E+02   -.1255E+02   -.1261E+02   -.1266E+02   -.1270E+02   -.1274E+02   -.1277E+02   -.1279E+02   -.1282E+02   -.1284E+02   -.1285E+02   -.1287E+02   -.1288E+02   -.1290E+02   -.1291E+02   -.1292E+02   -.1293E+02   -.1294E+02   -.1295E+02   -.1295E+02   -.1296E+02   -.1297E+02   -.1297E+02   -.1298E+02   -.1298E+02   -.1299E+02   -.1299E+02   -.1300E+02   -.1300E+02   -.1300E+02   -.1301E+02   -.1301E+02   -.1301E+02   -.1302E+02   -.1302E+02   -.1302E+02   -.1302E+02   -.1303E+02   -.1303E+02   -.1303E+02   -.1303E+02
0.6062E+05   0.1950E+01   -.9004E+01   -.9006E+01   -.9008E+01   -.9009E+01   -.9011E+01   -.9013E+01   -.9015E+01   -.9017E+01   -.9019E+01   -.9021E+01   -.9023E+01   -.9025E+01   -.9028E+01   -.9031E+01   -.9033E+01   -.9036E+01   -.9040E+01   -.9043E+01   -.9047E+01   -.9051E+01   -.9055E+01   -.9060E+01   -.9065E+01   -.9070E+01   -.9077E+01   -.9083E+01   -.9091E+01   -.9100E+01   -.9110E+01   -.9121E+01   -.9134E+01   -.9148E+01   -.9165E+01   -.9185E+01   -.9209E+01   -.9237E+01   -.9271E+01   -.9312E+01   -.9361E+01   -.9423E+01   -.9499E+01   -.9595E+01   -.9718E+01   -.9880E+01   -.1011E+02   -.1046E+02   -.1104E+02   -.1146E+02   -.1119E+02   -.1111E+02   -.1136E+02   -.1164E+02   -.1189E+02   -.1209E+02   -.1225E+02   -.1238E+02   -.1249E+02   -.1257E+02   -.1264E+02   -.1270E+02   -.1275E+02   -.1279E+02   -.1283E+02   -.1286E+02   -.1289E+02   -.1291E+02   -.1293E+02   -.1295E+02   -.1297E+02   -.1298E+02   -.1300E+02   -.1301E+02   -.1302E+02   -.1303E+02   -.1304E+02   -.1305E+02   -.1306E+02   -.1307E+02   -.1308E+02   -.1308E+02   -.1309E+02   -.1310E+02   -.1310E+02   -.1311E+02   -.1311E+02   -.1312E+02   -.1312E+02   -.1313E+02   -.1313E+02   -.1314E+02   -.1314E+02   -.1314E+02   -.1315E+02   -.1315E+02   -.1316E+02   -.1316E+02   -.1316E+02   -.1316E+02
0.6057E+05   0.2100E+01   -.9004E+01   -.9006E+01   -.9008E+01   -.9009E+01   -.9011E+01   -.9013E+01   -.9015E+01   -.9017E+01   -.9019E+01   -.9021E+01   -.9023E+01   -.9025E+01   -.9028E+01   -.9031E+01   -.9033E+01   -.9036E+01   -.9040E+01   -.9043E+01   -.9047E+01   -.9051E+01   -.9055E+01   -.9060E+01   -.9065E+01   -.9070E+01   -.9077E+01   -.9084E+01   -.9091E+01   -.9100E+01   -.9110E+01   -.9121E+01   -.9134E+01   -.9149E+01   -.9166E+01   -.9186E+01   -.9210E+01   -.9238E+01   -.9272E+01   -.9313E+01   -.9363E+01   -.9425E+01   -.9503E+01   -.9601E+01   -.9727E+01   -.9896E+01   -.1013E+02   -.1047E+02   -.1094E+02   -.1126E+02   -.1118E+02   -.1121E+02   -.1142E+02   -.1167E+02   -.1190E+02   -.1209E+02   -.1225E+02   -.1238E+02   -.1248E+02   -.1257E+02   -.1264E+02   -.1270E+02   -.1275E+02   -.1279E+02   -.1283E+02   -.1286E+02   -.1289E+02   -.1291E+02   -.1293E+02   -.1295E+02   -.1297E+02   -.1299E+02   -.1300E+02   -.1302E+02   -.1303E+02   -.1304E+02   -.1305E+02   -.1306E+02   -.1307E+02   -.1308E+02   -.1309E+02   -.1309E+02   -.1310E+02   -.1311E+02   -.1311E+02   -.1312E+02   -.1313E+02   -.1313E+02   -.1314E+02   -.1314E+02   -.1315E+02   -.1315E+02   -.1316E+02   -.1316E+02   -.1316E+02   -.1317E+02   -.1317E+02   -.1317E+02   -.1318E+02   -.1318E+02
0.6134E+05   0.2250E+01   -.9004E+01   -.9006E+01   -.9008E+01   -.9009E+01   -.9011E+01   -.9013E+01   -.9015E+01   -.9017E+01   -.9019E+01   -.9021E+01   -.9023E+01   -.9026E+01   -.9028E+01   -.9031E+01   -.9033E+01   -.9036E+01   -.9040E+01   -.9043E+01   -.9047E+01   -.9051E+01   -.9055E+01   -.9060E+01   -.9065E+01   -.9070E+01   -.9077E+01   -.9084E+01   -.9091E+01   -.9100E+01   -.9110E+01   -.9121E+01   -.9134E+01   -.9149E+01   -.9166E+01   -.9186E+01   -.9210E+01   -.9238E+01   -.9272E+01   -.9313E+01   -.9363E+01   -.9425E+01   -.9502E+01   -.9599E+01   -.9723E+01   -.9889E+01   -.1012E+02   -.1044E+02   -.1084E+02   -.1113E+02   -.1117E+02   -.1121E+02   -.1139E+02   -.1162E+02   -.1183E+02   -.1201E+02   -.1216E+02   -.1229E+02   -.1239E+02   -.1248E+02   -.1255E+02   -.1260E+02   -.1265E+02   -.1270E+02   -.1273E+02   -.1277E+02   -.1279E+02   -.1282E+02   -.1284E+02   -.1286E+02   -.1288E+02   -.1289E+02   -.1291E+02   -.1292E+02   -.1294E+02   -.1295E+02   -.1296E+02   -.1297E+02   -.1298E+02   -.1298E+02   -.1299E+02   -.1300E+02   -.1301E+02   -.1301E+02   -.1302E+02   -.1303E+02   -.1303E+02   -.1304E+02   -.1304E+02   -.1305E+02   -.1305E+02   -.1306E+02   -.1306E+02   -.1307E+02   -.1307E+02   -.1308E+02   -.1308E+02   -.1308E+02   -.1309E+02   -.1309E+02
0.6130E+05   0.2400E+01   -.9004E+01   -.9006E+01   -.9008E+01   -.9009E+01   -.9011E+01   -.9013E+01   -.9015E+01   -.9017E+01   -.9019E+01   -.9021E+01   -.9023E+01   -.9026E+01   -.9028E+01   -.9031E+01   -.9033E+01   -.9036E+01   -.9040E+01   -.9043E+01   -.9047E+01   -.9051E+01   -.9055E+01   -.9060E+01   -.9065E+01   -.9070E+01   -.9077E+01   -.9084E+01   -.9091E+01   -.9100E+01   -.9110E+01   -.9121E+01   -.9134E+01   -.9149E+01   -.9166E+01   -.9186E+01   -.9210E+01   -.9238E+01   -.9272E+01   -.9313E+01   -.9364E+01   -.9426E+01   -.9503E+01   -.9601E+01   -.9726E+01   -.9892E+01   -.1012E+02   -.1041E+02   -.1076E+02   -.1101E+02   -.1110E+02   -.1119E+02   -.1136E+02   -.1156E+02   -.1176E+02   -.1193E+02   -.1208E+02   -.1220E+02   -.1230E+02   -.1238E+02   -.1245E+02   -.1251E+02   -.1256E+02   -.1260E+02   -.1264E+02   -.1267E+02   -.1270E+02   -.1272E+02   -.1274E+02   -.1276E+02   -.1278E+02   -.1280E+02   -.1281E+02   -.1282E+02   -.1284E+02   -.1285E+02   -.1286E+02   -.1287E+02   -.1288E+02   -.1289E+02   -.1290E+02   -.1290E+02   -.1291E+02   -.1292E+02   -.1292E+02   -.1293E+02   -.1294E+02   -.1294E+02   -.1295E+02   -.1295E+02   -.1296E+02   -.1296E+02   -.1297E+02   -.1297E+02   -.1297E+02   -.1298E+02   -.1298E+02   -.1299E+02   -.1299E+02   -.1299E+02
0.6160E+05   0.2550E+01   -.9004E+01   -.9006E+01   -.9008E+01   -.9009E+01   -.9011E+01   -.9013E+01   -.9015E+01   -.9017E+01   -.9019E+01   -.9021E+01   -.9023E+01   -.9026E+01   -.9028E+01   -.9031E+01   -.9033E+01   -.9036E+01   -.9040E+01   -.9043E+01   -.9047E+01   -.9051E+01   -.9055E+01   -.9060E+01   -.9065E+01   -.9071E+01   -.9077E+01   -.9084E+01   -.9091E+01   -.9100E+01   -.9110E+01   -.9121E+01   -.9134E+01   -.9149E+01   -.9166E+01   -.9186E+01   -.9210E+01   -.9238E+01   -.9272E+01   -.9313E+01   -.9363E+01   -.9425E+01   -.9501E+01   -.9598E+01   -.9723E+01   -.9887E+01   -.1011E+02   -.1039E+02   -.1070E+02   -.1094E+02   -.1106E+02   -.1116E+02   -.1132E+02   -.1151E+02   -.1169E+02   -.1185E+02   -.1200E+02   -.1211E+02   -.1221E+02   -.1230E+02   -.1236E+02   -.1242E+02   -.1247E+02   -.1251E+02   -.1255E+02   -.1258E+02   -.1261E+02   -.1263E+02   -.1265E+02   -.1267E+02   -.1269E+02   -.1271E+02   -.1272E+02   -.1274E+02   -.1275E+02   -.1276E+02   -.1277E+02   -.1278E+02   -.1279E+02   -.1280E+02   -.1281E+02   -.1281E+02   -.1282E+02   -.1283E+02   -.1283E+02   -.1284E+02   -.1285E+02   -.1285E+02   -.1286E+02   -.1286E+02   -.1287E+02   -.1287E+02   -.1288E+02   -.1288E+02   -.1288E+02   -.1289E+02   -.1289E+02   -.1290E+02   -.1290E+02   -.1290E+02
0.6143E+05   0.2700E+01   -.9004E+01   -.9006E+01   -.9008E+01   -.9009E+01   -.9011E+01   -.9013E+01   -.9015E+01   -.9017E+01   -.9019E+01   -.9021E+01   -.9023E+01   -.9026E+01   -.9028E+01   -.9031E+01   -.9033E+01   -.9036E+01   -.9040E+01   -.9043E+01   -.9047E+01   -.9051E+01   -.9055E+01   -.9060E+01   -.9065E+01   -.9071E+01   -.9077E+01   -.9084E+01   -.9092E+01   -.9100E+01   -.9110E+01   -.9121E+01   -.9134E+01   -.9149E+01   -.9166E+01   -.9187E+01   -.9210E+01   -.9239E+01   -.9273E+01   -.9314E+01   -.9364E+01   -.9426E+01   -.9503E+01   -.9600E+01   -.9725E+01   -.9889E+01   -.1011E+02   -.1037E+02   -.1066E+02   -.1090E+02   -.1103E+02   -.1115E+02   -.1130E+02   -.1148E+02   -.1166E+02   -.1182E+02   -.1196E+02   -.1208E+02   -.1217E+02   -.1226E+02   -.1232E+02   -.1238E+02   -.1243E+02   -.1247E+02   -.1251E+02   -.1254E+02   -.1257E+02   -.1259E+02   -.1261E+02   -.1263E+02   -.1265E+02   -.1267E+02   -.1268E+02   -.1269E+02   -.1271E+02   -.1272E+02   -.1273E+02   -.1274E+02   -.1275E+02   -.1276E+02   -.1276E+02   -.1277E+02   -.1278E+02   -.1279E+02   -.1279E+02   -.1280E+02   -.1280E+02   -.1281E+02   -.1281E+02   -.1282E+02   -.1282E+02   -.1283E+02   -.1283E+02   -.1284E+02   -.1284E+02   -.1285E+02   -.1285E+02   -.1285E+02   -.1286E+02   -.1286E+02
0.6150E+05   0.2850E+01   -.9004E+01   -.9006E+01   -.9008E+01   -.9009E+01   -.9011E+01   -.9013E+01   -.9015E+01   -.9017E+01   -.9019E+01   -.9021E+01   -.9023E+01   -.9026E+01   -.9028E+01   -.9031E+01   -.9033E+01   -.9036E+01   -.9040E+01   -.9043E+01   -.9047E+01   -.9051E+01   -.9055E+01   -.9060E+01   -.9065E+01   -.9071E+01   -.9077E+01   -.9084E+01   -.9092E+01   -.9100E+01   -.9110E+01   -.9122E+01   -.9134E+01   -.9149E+01   -.9167E+01   -.9187E+01   -.9210E+01   -.9239E+01   -.9273E+01   -.9314E+01   -.9364E+01   -.9426E+01   -.9503E+01   -.9600E+01   -.9725E+01   -.9889E+01   -.1011E+02   -.1037E+02   -.1064E+02   -.1087E+02   -.1103E+02   -.1116E+02   -.1131E+02   -.1148E+02   -.1165E+02   -.1181E+02   -.1195E+02   -.1206E+02   -.1216E+02   -.1224E+02   -.1231E+02   -.1237E+02   -.1242E+02   -.1246E+02   -.1249E+02   -.1253E+02   -.1255E+02   -.1258E+02   -.1260E+02   -.1262E+02   -.1264E+02   -.1265E+02   -.1267E+02   -.1268E+02   -.1269E+02   -.1270E+02   -.1271E+02   -.1272E+02   -.1273E+02   -.1274E+02   -.1275E+02   -.1276E+02   -.1276E+02   -.1277E+02   -.1278E+02   -.1278E+02   -.1279E+02   -.1279E+02   -.1280E+02   -.1281E+02   -.1281E+02   -.1281E+02   -.1282E+02   -.1282E+02   -.1283E+02   -.1283E+02   -.1284E+02   -.1284E+02   -.1284E+02   -.1285E+02
0.6148E+05   0.3000E+01   -.9004E+01   -.9006E+01   -.9008E+01   -.9009E+01   -.9011E+01   -.9013E+01   -.9015E+01   -.9017E+01   -.9019E+01   -.9021E+01   -.9023E+01   -.9026E+01   -.9028E+01   -.9031E+01   -.9033E+01   -.9036E+01   -.9040E+01   -.9043E+01   -.9047E+01   -.9051E+01   -.9055E+01   -.9060E+01   -.9065E+01   -.9071E+01   -.9077E+01   -.9084E+01   -.9092E+01   -.9100E+01   -.9110E+01   -.9122E+01   -.9134E+01   -.9149E+01   -.9167E+01   -.9187E+01   -.9211E+01   -.9239E+01   -.9273E+01   -.9314E+01   -.9365E+01   -.9427E+01   -.9504E+01   -.9602E+01   -.9727E+01   -.9890E+01   -.1010E+02   -.1036E+02   -.1063E+02   -.1086E+02   -.1101E+02   -.1113E+02   -.1128E+02   -.1146E+02   -.1163E+02   -.1179E+02   -.1192E+02   -.1204E+02   -.1214E+02   -.1222E+02   -.1228E+02   -.1234E+02   -.1239E+02   -.1243E+02   -.1247E+02   -.1250E+02   -.1253E+02   -.1255E+02   -.1257E+02   -.1259E+02   -.1261E+02   -.1263E+02   -.1264E+02   -.1265E+02   -.1267E+02   -.1268E+02   -.1269E+02   -.1270E+02   -.1271E+02   -.1271E+02   -.1272E+02   -.1273E+02   -.1274E+02   -.1274E+02   -.1275E+02   -.1276E+02   -.1276E+02   -.1277E+02   -.1277E+02   -.1278E+02   -.1278E+02   -.1279E+02   -.1279E+02   -.1280E+02   -.1280E+02   -.1280E+02   -.1281E+02   -.1281E+02   -.1281E+02   -.1282E+02
