0.6206E+05   0.1118E+01   0.2178E-03   0.2601E-03   0.3047E-03   0.3513E-03   0.3999E-03   0.4506E-03   0.5035E-03   0.5589E-03   0.6171E-03   0.6782E-03   0.7428E-03   0.8111E-03   0.8837E-03   0.9612E-03   0.1044E-02   0.1133E-02   0.1229E-02   0.1332E-02   0.1445E-02   0.1567E-02   0.1701E-02   0.1848E-02   0.2011E-02   0.2192E-02   0.2393E-02   0.2618E-02   0.2872E-02   0.3161E-02   0.3490E-02   0.3869E-02   0.4309E-02   0.4823E-02   0.5431E-02   0.6159E-02   0.7040E-02   0.8122E-02   0.9472E-02   0.1119E-01   0.1341E-01   0.1636E-01   0.2036E-01   0.2592E-01   0.3415E-01   0.4553E-01   0.6087E-01   0.8116E-01   0.1045E+00   0.1303E+00   0.3799E+00   0.4571E+00   0.4987E+00   0.5244E+00   0.5411E+00   0.5528E+00   0.5618E+00   0.5685E+00   0.5738E+00   0.5780E+00   0.5814E+00   0.5842E+00   0.5865E+00   0.5885E+00   0.5901E+00   0.5916E+00   0.5928E+00   0.5938E+00   0.5947E+00   0.5955E+00   0.5962E+00   0.5969E+00   0.5974E+00   0.5979E+00   0.5984E+00   0.5988E+00   0.5991E+00   0.5995E+00   0.5998E+00   0.6001E+00   0.6003E+00   0.6005E+00   0.6008E+00   0.6009E+00   0.6011E+00   0.6013E+00   0.6015E+00   0.6016E+00   0.6017E+00   0.6019E+00   0.6020E+00   0.6021E+00   0.6022E+00   0.6023E+00   0.6024E+00   0.6024E+00   0.6025E+00   0.6026E+00   0.6026E+00   0.6027E+00
0.6206E+05   0.1412E+01   0.2168E-03   0.2593E-03   0.3039E-03   0.3505E-03   0.3992E-03   0.4500E-03   0.5031E-03   0.5586E-03   0.6169E-03   0.6782E-03   0.7430E-03   0.8116E-03   0.8844E-03   0.9621E-03   0.1045E-02   0.1134E-02   0.1231E-02   0.1335E-02   0.1448E-02   0.1571E-02   0.1705E-02   0.1854E-02   0.2017E-02   0.2199E-02   0.2401E-02   0.2628E-02   0.2884E-02   0.3173E-02   0.3504E-02   0.3885E-02   0.4326E-02   0.4841E-02   0.5450E-02   0.6175E-02   0.7050E-02   0.8119E-02   0.9446E-02   0.1112E-01   0.1327E-01   0.1607E-01   0.1981E-01   0.2489E-01   0.3218E-01   0.4193E-01   0.5456E-01   0.7054E-01   0.8877E-01   0.1310E+00   0.2681E+00   0.3337E+00   0.3686E+00   0.3899E+00   0.4037E+00   0.4133E+00   0.4205E+00   0.4260E+00   0.4303E+00   0.4337E+00   0.4364E+00   0.4387E+00   0.4406E+00   0.4422E+00   0.4435E+00   0.4447E+00   0.4457E+00   0.4465E+00   0.4473E+00   0.4480E+00   0.4485E+00   0.4491E+00   0.4495E+00   0.4499E+00   0.4503E+00   0.4506E+00   0.4509E+00   0.4512E+00   0.4515E+00   0.4517E+00   0.4519E+00   0.4521E+00   0.4523E+00   0.4524E+00   0.4526E+00   0.4527E+00   0.4528E+00   0.4530E+00   0.4531E+00   0.4532E+00   0.4533E+00   0.4534E+00   0.4534E+00   0.4535E+00   0.4536E+00   0.4536E+00   0.4537E+00   0.4538E+00   0.4538E+00   0.4539E+00
0.6206E+05   0.1706E+01   0.2182E-03   0.2607E-03   0.3054E-03   0.3521E-03   0.4009E-03   0.4518E-03   0.5049E-03   0.5606E-03   0.6190E-03   0.6805E-03   0.7454E-03   0.8142E-03   0.8872E-03   0.9652E-03   0.1049E-02   0.1138E-02   0.1235E-02   0.1339E-02   0.1453E-02   0.1576E-02   0.1712E-02   0.1861E-02   0.2025E-02   0.2207E-02   0.2411E-02   0.2639E-02   0.2896E-02   0.3187E-02   0.3519E-02   0.3901E-02   0.4343E-02   0.4858E-02   0.5465E-02   0.6186E-02   0.7053E-02   0.8106E-02   0.9405E-02   0.1103E-01   0.1308E-01   0.1573E-01   0.1920E-01   0.2380E-01   0.3017E-01   0.3839E-01   0.4863E-01   0.6114E-01   0.7659E-01   0.1142E+00   0.1938E+00   0.2470E+00   0.2769E+00   0.2953E+00   0.3070E+00   0.3152E+00   0.3214E+00   0.3260E+00   0.3296E+00   0.3325E+00   0.3348E+00   0.3367E+00   0.3383E+00   0.3396E+00   0.3408E+00   0.3417E+00   0.3426E+00   0.3433E+00   0.3440E+00   0.3445E+00   0.3450E+00   0.3455E+00   0.3459E+00   0.3462E+00   0.3465E+00   0.3468E+00   0.3471E+00   0.3473E+00   0.3475E+00   0.3477E+00   0.3479E+00   0.3480E+00   0.3482E+00   0.3483E+00   0.3485E+00   0.3486E+00   0.3487E+00   0.3488E+00   0.3489E+00   0.3490E+00   0.3490E+00   0.3491E+00   0.3492E+00   0.3493E+00   0.3493E+00   0.3494E+00   0.3494E+00   0.3495E+00   0.3495E+00   0.3495E+00
0.6206E+05   0.2000E+01   0.2190E-03   0.2615E-03   0.3062E-03   0.3530E-03   0.4019E-03   0.4528E-03   0.5061E-03   0.5619E-03   0.6204E-03   0.6820E-03   0.7471E-03   0.8160E-03   0.8893E-03   0.9675E-03   0.1051E-02   0.1141E-02   0.1238E-02   0.1343E-02   0.1457E-02   0.1581E-02   0.1717E-02   0.1866E-02   0.2031E-02   0.2215E-02   0.2419E-02   0.2648E-02   0.2906E-02   0.3198E-02   0.3531E-02   0.3914E-02   0.4356E-02   0.4871E-02   0.5475E-02   0.6191E-02   0.7048E-02   0.8083E-02   0.9350E-02   0.1092E-01   0.1288E-01   0.1537E-01   0.1857E-01   0.2271E-01   0.2826E-01   0.3518E-01   0.4357E-01   0.5383E-01   0.6796E-01   0.9763E-01   0.1471E+00   0.1874E+00   0.2127E+00   0.2288E+00   0.2393E+00   0.2465E+00   0.2520E+00   0.2561E+00   0.2593E+00   0.2618E+00   0.2638E+00   0.2655E+00   0.2669E+00   0.2681E+00   0.2691E+00   0.2700E+00   0.2707E+00   0.2713E+00   0.2719E+00   0.2724E+00   0.2728E+00   0.2732E+00   0.2736E+00   0.2739E+00   0.2742E+00   0.2744E+00   0.2747E+00   0.2749E+00   0.2750E+00   0.2752E+00   0.2754E+00   0.2755E+00   0.2757E+00   0.2758E+00   0.2759E+00   0.2760E+00   0.2761E+00   0.2762E+00   0.2763E+00   0.2763E+00   0.2764E+00   0.2765E+00   0.2765E+00   0.2766E+00   0.2766E+00   0.2767E+00   0.2767E+00   0.2768E+00   0.2768E+00   0.2768E+00
0.6246E+05   0.2250E+01   0.2195E-03   0.2621E-03   0.3068E-03   0.3536E-03   0.4025E-03   0.4536E-03   0.5069E-03   0.5628E-03   0.6214E-03   0.6831E-03   0.7483E-03   0.8174E-03   0.8908E-03   0.9692E-03   0.1053E-02   0.1143E-02   0.1240E-02   0.1345E-02   0.1460E-02   0.1584E-02   0.1721E-02   0.1871E-02   0.2036E-02   0.2220E-02   0.2425E-02   0.2655E-02   0.2913E-02   0.3206E-02   0.3540E-02   0.3923E-02   0.4365E-02   0.4879E-02   0.5481E-02   0.6192E-02   0.7039E-02   0.8059E-02   0.9298E-02   0.1082E-01   0.1271E-01   0.1507E-01   0.1806E-01   0.2185E-01   0.2680E-01   0.3284E-01   0.4011E-01   0.4915E-01   0.6219E-01   0.8592E-01   0.1209E+00   0.1521E+00   0.1738E+00   0.1882E+00   0.1978E+00   0.2045E+00   0.2096E+00   0.2134E+00   0.2164E+00   0.2187E+00   0.2206E+00   0.2222E+00   0.2235E+00   0.2246E+00   0.2255E+00   0.2263E+00   0.2270E+00   0.2276E+00   0.2281E+00   0.2285E+00   0.2289E+00   0.2293E+00   0.2296E+00   0.2299E+00   0.2302E+00   0.2304E+00   0.2306E+00   0.2308E+00   0.2310E+00   0.2311E+00   0.2313E+00   0.2314E+00   0.2315E+00   0.2316E+00   0.2317E+00   0.2318E+00   0.2319E+00   0.2320E+00   0.2321E+00   0.2322E+00   0.2322E+00   0.2323E+00   0.2323E+00   0.2324E+00   0.2324E+00   0.2325E+00   0.2325E+00   0.2326E+00   0.2326E+00   0.2326E+00
0.6242E+05   0.2500E+01   0.2200E-03   0.2626E-03   0.3074E-03   0.3543E-03   0.4032E-03   0.4543E-03   0.5077E-03   0.5637E-03   0.6224E-03   0.6842E-03   0.7495E-03   0.8187E-03   0.8923E-03   0.9708E-03   0.1055E-02   0.1145E-02   0.1242E-02   0.1348E-02   0.1462E-02   0.1587E-02   0.1724E-02   0.1874E-02   0.2041E-02   0.2225E-02   0.2431E-02   0.2661E-02   0.2920E-02   0.3214E-02   0.3548E-02   0.3931E-02   0.4373E-02   0.4885E-02   0.5484E-02   0.6190E-02   0.7028E-02   0.8031E-02   0.9243E-02   0.1072E-01   0.1253E-01   0.1478E-01   0.1757E-01   0.2107E-01   0.2553E-01   0.3089E-01   0.3735E-01   0.4553E-01   0.5735E-01   0.7644E-01   0.1022E+00   0.1266E+00   0.1450E+00   0.1579E+00   0.1668E+00   0.1731E+00   0.1779E+00   0.1815E+00   0.1844E+00   0.1866E+00   0.1884E+00   0.1898E+00   0.1911E+00   0.1921E+00   0.1930E+00   0.1937E+00   0.1944E+00   0.1949E+00   0.1954E+00   0.1958E+00   0.1962E+00   0.1966E+00   0.1969E+00   0.1971E+00   0.1974E+00   0.1976E+00   0.1978E+00   0.1980E+00   0.1981E+00   0.1983E+00   0.1984E+00   0.1985E+00   0.1986E+00   0.1988E+00   0.1988E+00   0.1989E+00   0.1990E+00   0.1991E+00   0.1992E+00   0.1992E+00   0.1993E+00   0.1993E+00   0.1994E+00   0.1994E+00   0.1995E+00   0.1995E+00   0.1996E+00   0.1996E+00   0.1996E+00   0.1997E+00
0.6278E+05   0.2750E+01   0.2204E-03   0.2630E-03   0.3078E-03   0.3547E-03   0.4037E-03   0.4549E-03   0.5084E-03   0.5643E-03   0.6231E-03   0.6850E-03   0.7504E-03   0.8197E-03   0.8934E-03   0.9721E-03   0.1056E-02   0.1147E-02   0.1244E-02   0.1350E-02   0.1465E-02   0.1590E-02   0.1727E-02   0.1878E-02   0.2044E-02   0.2229E-02   0.2435E-02   0.2666E-02   0.2926E-02   0.3220E-02   0.3555E-02   0.3938E-02   0.4379E-02   0.4890E-02   0.5486E-02   0.6186E-02   0.7015E-02   0.8002E-02   0.9188E-02   0.1062E-01   0.1237E-01   0.1451E-01   0.1714E-01   0.2038E-01   0.2444E-01   0.2930E-01   0.3517E-01   0.4268E-01   0.5328E-01   0.6886E-01   0.8868E-01   0.1080E+00   0.1235E+00   0.1351E+00   0.1433E+00   0.1493E+00   0.1539E+00   0.1574E+00   0.1602E+00   0.1623E+00   0.1641E+00   0.1655E+00   0.1666E+00   0.1676E+00   0.1685E+00   0.1692E+00   0.1698E+00   0.1703E+00   0.1708E+00   0.1712E+00   0.1716E+00   0.1719E+00   0.1722E+00   0.1724E+00   0.1727E+00   0.1729E+00   0.1731E+00   0.1732E+00   0.1734E+00   0.1735E+00   0.1736E+00   0.1738E+00   0.1739E+00   0.1740E+00   0.1741E+00   0.1742E+00   0.1742E+00   0.1743E+00   0.1744E+00   0.1744E+00   0.1745E+00   0.1745E+00   0.1746E+00   0.1746E+00   0.1747E+00   0.1747E+00   0.1747E+00   0.1748E+00   0.1748E+00   0.1748E+00
0.6275E+05   0.3000E+01   0.2208E-03   0.2634E-03   0.3083E-03   0.3552E-03   0.4043E-03   0.4555E-03   0.5090E-03   0.5650E-03   0.6239E-03   0.6859E-03   0.7513E-03   0.8207E-03   0.8945E-03   0.9733E-03   0.1058E-02   0.1148E-02   0.1246E-02   0.1352E-02   0.1467E-02   0.1592E-02   0.1730E-02   0.1881E-02   0.2048E-02   0.2233E-02   0.2439E-02   0.2671E-02   0.2931E-02   0.3225E-02   0.3560E-02   0.3943E-02   0.4383E-02   0.4893E-02   0.5487E-02   0.6182E-02   0.7002E-02   0.7975E-02   0.9137E-02   0.1053E-01   0.1222E-01   0.1427E-01   0.1676E-01   0.1979E-01   0.2355E-01   0.2803E-01   0.3347E-01   0.4042E-01   0.4991E-01   0.6289E-01   0.7867E-01   0.9434E-01   0.1076E+00   0.1180E+00   0.1256E+00   0.1313E+00   0.1357E+00   0.1392E+00   0.1418E+00   0.1440E+00   0.1457E+00   0.1470E+00   0.1482E+00   0.1492E+00   0.1500E+00   0.1507E+00   0.1512E+00   0.1518E+00   0.1522E+00   0.1526E+00   0.1530E+00   0.1533E+00   0.1535E+00   0.1538E+00   0.1540E+00   0.1542E+00   0.1544E+00   0.1545E+00   0.1547E+00   0.1548E+00   0.1550E+00   0.1551E+00   0.1552E+00   0.1553E+00   0.1554E+00   0.1554E+00   0.1555E+00   0.1556E+00   0.1557E+00   0.1557E+00   0.1558E+00   0.1558E+00   0.1559E+00   0.1559E+00   0.1559E+00   0.1560E+00   0.1560E+00   0.1560E+00   0.1561E+00   0.1561E+00
0.6307E+05   0.3250E+01   0.2211E-03   0.2637E-03   0.3086E-03   0.3556E-03   0.4047E-03   0.4559E-03   0.5095E-03   0.5656E-03   0.6245E-03   0.6865E-03   0.7521E-03   0.8215E-03   0.8954E-03   0.9743E-03   0.1059E-02   0.1149E-02   0.1247E-02   0.1353E-02   0.1468E-02   0.1594E-02   0.1732E-02   0.1883E-02   0.2050E-02   0.2236E-02   0.2443E-02   0.2674E-02   0.2935E-02   0.3230E-02   0.3565E-02   0.3947E-02   0.4387E-02   0.4896E-02   0.5486E-02   0.6177E-02   0.6989E-02   0.7949E-02   0.9090E-02   0.1045E-01   0.1209E-01   0.1406E-01   0.1643E-01   0.1931E-01   0.2283E-01   0.2703E-01   0.3214E-01   0.3862E-01   0.4717E-01   0.5824E-01   0.7124E-01   0.8429E-01   0.9577E-01   0.1051E+00   0.1122E+00   0.1177E+00   0.1220E+00   0.1254E+00   0.1280E+00   0.1301E+00   0.1318E+00   0.1331E+00   0.1343E+00   0.1352E+00   0.1360E+00   0.1367E+00   0.1373E+00   0.1378E+00   0.1382E+00   0.1386E+00   0.1389E+00   0.1392E+00   0.1395E+00   0.1397E+00   0.1399E+00   0.1401E+00   0.1403E+00   0.1405E+00   0.1406E+00   0.1407E+00   0.1409E+00   0.1410E+00   0.1411E+00   0.1412E+00   0.1413E+00   0.1413E+00   0.1414E+00   0.1415E+00   0.1415E+00   0.1416E+00   0.1416E+00   0.1417E+00   0.1417E+00   0.1418E+00   0.1418E+00   0.1419E+00   0.1419E+00   0.1419E+00   0.1419E+00   0.1420E+00
0.6304E+05   0.3500E+01   0.2214E-03   0.2641E-03   0.3090E-03   0.3560E-03   0.4051E-03   0.4563E-03   0.5099E-03   0.5661E-03   0.6250E-03   0.6871E-03   0.7527E-03   0.8222E-03   0.8962E-03   0.9751E-03   0.1060E-02   0.1151E-02   0.1249E-02   0.1355E-02   0.1470E-02   0.1596E-02   0.1734E-02   0.1885E-02   0.2053E-02   0.2239E-02   0.2446E-02   0.2678E-02   0.2938E-02   0.3233E-02   0.3568E-02   0.3951E-02   0.4390E-02   0.4897E-02   0.5486E-02   0.6172E-02   0.6977E-02   0.7926E-02   0.9050E-02   0.1039E-01   0.1198E-01   0.1389E-01   0.1617E-01   0.1892E-01   0.2227E-01   0.2626E-01   0.3112E-01   0.3722E-01   0.4501E-01   0.5469E-01   0.6577E-01   0.7695E-01   0.8708E-01   0.9560E-01   0.1023E+00   0.1075E+00   0.1117E+00   0.1151E+00   0.1177E+00   0.1198E+00   0.1214E+00   0.1228E+00   0.1239E+00   0.1248E+00   0.1256E+00   0.1263E+00   0.1268E+00   0.1273E+00   0.1278E+00   0.1281E+00   0.1285E+00   0.1288E+00   0.1290E+00   0.1293E+00   0.1295E+00   0.1297E+00   0.1298E+00   0.1300E+00   0.1301E+00   0.1303E+00   0.1304E+00   0.1305E+00   0.1306E+00   0.1307E+00   0.1308E+00   0.1308E+00   0.1309E+00   0.1310E+00   0.1310E+00   0.1311E+00   0.1311E+00   0.1312E+00   0.1312E+00   0.1313E+00   0.1313E+00   0.1313E+00   0.1314E+00   0.1314E+00   0.1314E+00   0.1314E+00
0.6336E+05   0.3750E+01   0.2215E-03   0.2642E-03   0.3091E-03   0.3561E-03   0.4052E-03   0.4565E-03   0.5101E-03   0.5663E-03   0.6253E-03   0.6874E-03   0.7531E-03   0.8227E-03   0.8967E-03   0.9757E-03   0.1060E-02   0.1151E-02   0.1249E-02   0.1356E-02   0.1471E-02   0.1597E-02   0.1735E-02   0.1887E-02   0.2054E-02   0.2241E-02   0.2448E-02   0.2680E-02   0.2941E-02   0.3236E-02   0.3571E-02   0.3953E-02   0.4392E-02   0.4898E-02   0.5485E-02   0.6168E-02   0.6967E-02   0.7907E-02   0.9016E-02   0.1033E-01   0.1189E-01   0.1375E-01   0.1597E-01   0.1863E-01   0.2185E-01   0.2569E-01   0.3036E-01   0.3616E-01   0.4338E-01   0.5207E-01   0.6185E-01   0.7174E-01   0.8088E-01   0.8878E-01   0.9516E-01   0.1002E+00   0.1043E+00   0.1076E+00   0.1102E+00   0.1123E+00   0.1139E+00   0.1153E+00   0.1164E+00   0.1173E+00   0.1181E+00   0.1188E+00   0.1193E+00   0.1198E+00   0.1202E+00   0.1206E+00   0.1209E+00   0.1212E+00   0.1215E+00   0.1217E+00   0.1219E+00   0.1221E+00   0.1223E+00   0.1224E+00   0.1225E+00   0.1227E+00   0.1228E+00   0.1229E+00   0.1230E+00   0.1231E+00   0.1232E+00   0.1232E+00   0.1233E+00   0.1234E+00   0.1234E+00   0.1235E+00   0.1235E+00   0.1236E+00   0.1236E+00   0.1237E+00   0.1237E+00   0.1237E+00   0.1238E+00   0.1238E+00   0.1238E+00   0.1238E+00
0.6317E+05   0.4000E+01   0.2218E-03   0.2644E-03   0.3094E-03   0.3564E-03   0.4055E-03   0.4568E-03   0.5105E-03   0.5667E-03   0.6257E-03   0.6878E-03   0.7535E-03   0.8231E-03   0.8972E-03   0.9762E-03   0.1061E-02   0.1152E-02   0.1250E-02   0.1356E-02   0.1472E-02   0.1598E-02   0.1736E-02   0.1888E-02   0.2056E-02   0.2242E-02   0.2449E-02   0.2682E-02   0.2943E-02   0.3238E-02   0.3573E-02   0.3955E-02   0.4394E-02   0.4899E-02   0.5484E-02   0.6165E-02   0.6960E-02   0.7893E-02   0.8992E-02   0.1029E-01   0.1183E-01   0.1365E-01   0.1583E-01   0.1842E-01   0.2155E-01   0.2530E-01   0.2984E-01   0.3542E-01   0.4224E-01   0.5029E-01   0.5921E-01   0.6826E-01   0.7673E-01   0.8419E-01   0.9033E-01   0.9524E-01   0.9931E-01   0.1026E+00   0.1052E+00   0.1072E+00   0.1089E+00   0.1102E+00   0.1113E+00   0.1122E+00   0.1130E+00   0.1137E+00   0.1142E+00   0.1147E+00   0.1151E+00   0.1155E+00   0.1158E+00   0.1161E+00   0.1164E+00   0.1166E+00   0.1168E+00   0.1170E+00   0.1171E+00   0.1173E+00   0.1174E+00   0.1176E+00   0.1177E+00   0.1178E+00   0.1179E+00   0.1180E+00   0.1180E+00   0.1181E+00   0.1182E+00   0.1182E+00   0.1183E+00   0.1184E+00   0.1184E+00   0.1185E+00   0.1185E+00   0.1185E+00   0.1186E+00   0.1186E+00   0.1186E+00   0.1187E+00   0.1187E+00   0.1187E+00
0.6322E+05   0.4250E+01   0.2218E-03   0.2645E-03   0.3094E-03   0.3564E-03   0.4056E-03   0.4569E-03   0.5105E-03   0.5667E-03   0.6258E-03   0.6880E-03   0.7537E-03   0.8233E-03   0.8974E-03   0.9764E-03   0.1061E-02   0.1152E-02   0.1250E-02   0.1357E-02   0.1472E-02   0.1598E-02   0.1737E-02   0.1889E-02   0.2057E-02   0.2243E-02   0.2450E-02   0.2683E-02   0.2944E-02   0.3239E-02   0.3574E-02   0.3956E-02   0.4394E-02   0.4899E-02   0.5483E-02   0.6162E-02   0.6955E-02   0.7885E-02   0.8978E-02   0.1027E-01   0.1179E-01   0.1360E-01   0.1574E-01   0.1830E-01   0.2138E-01   0.2507E-01   0.2953E-01   0.3499E-01   0.4157E-01   0.4924E-01   0.5769E-01   0.6626E-01   0.7435E-01   0.8155E-01   0.8754E-01   0.9238E-01   0.9642E-01   0.9965E-01   0.1022E+00   0.1043E+00   0.1060E+00   0.1073E+00   0.1084E+00   0.1093E+00   0.1101E+00   0.1107E+00   0.1113E+00   0.1118E+00   0.1122E+00   0.1126E+00   0.1129E+00   0.1132E+00   0.1134E+00   0.1136E+00   0.1138E+00   0.1140E+00   0.1142E+00   0.1143E+00   0.1145E+00   0.1146E+00   0.1147E+00   0.1148E+00   0.1149E+00   0.1150E+00   0.1151E+00   0.1152E+00   0.1152E+00   0.1153E+00   0.1153E+00   0.1154E+00   0.1154E+00   0.1155E+00   0.1155E+00   0.1156E+00   0.1156E+00   0.1156E+00   0.1157E+00   0.1157E+00   0.1157E+00   0.1157E+00
0.6320E+05   0.4500E+01   0.2218E-03   0.2645E-03   0.3094E-03   0.3565E-03   0.4056E-03   0.4569E-03   0.5106E-03   0.5668E-03   0.6258E-03   0.6880E-03   0.7537E-03   0.8234E-03   0.8974E-03   0.9765E-03   0.1061E-02   0.1152E-02   0.1250E-02   0.1357E-02   0.1472E-02   0.1599E-02   0.1737E-02   0.1889E-02   0.2057E-02   0.2243E-02   0.2451E-02   0.2683E-02   0.2944E-02   0.3239E-02   0.3574E-02   0.3957E-02   0.4395E-02   0.4899E-02   0.5483E-02   0.6162E-02   0.6954E-02   0.7882E-02   0.8972E-02   0.1026E-01   0.1178E-01   0.1358E-01   0.1571E-01   0.1826E-01   0.2133E-01   0.2500E-01   0.2943E-01   0.3484E-01   0.4135E-01   0.4890E-01   0.5719E-01   0.6560E-01   0.7357E-01   0.8068E-01   0.8663E-01   0.9144E-01   0.9546E-01   0.9869E-01   0.1013E+00   0.1033E+00   0.1050E+00   0.1063E+00   0.1074E+00   0.1084E+00   0.1091E+00   0.1098E+00   0.1103E+00   0.1108E+00   0.1112E+00   0.1116E+00   0.1119E+00   0.1122E+00   0.1124E+00   0.1127E+00   0.1129E+00   0.1130E+00   0.1132E+00   0.1134E+00   0.1135E+00   0.1136E+00   0.1137E+00   0.1138E+00   0.1139E+00   0.1140E+00   0.1141E+00   0.1142E+00   0.1142E+00   0.1143E+00   0.1144E+00   0.1144E+00   0.1145E+00   0.1145E+00   0.1146E+00   0.1146E+00   0.1146E+00   0.1147E+00   0.1147E+00   0.1147E+00   0.1147E+00   0.1148E+00
