0.6206E+05   0.1118E+01   -.2201E+01   -.2201E+01   -.2202E+01   -.2202E+01   -.2202E+01   -.2203E+01   -.2203E+01   -.2203E+01   -.2204E+01   -.2204E+01   -.2204E+01   -.2205E+01   -.2205E+01   -.2206E+01   -.2206E+01   -.2207E+01   -.2207E+01   -.2208E+01   -.2209E+01   -.2209E+01   -.2210E+01   -.2211E+01   -.2212E+01   -.2213E+01   -.2214E+01   -.2215E+01   -.2216E+01   -.2218E+01   -.2219E+01   -.2221E+01   -.2223E+01   -.2226E+01   -.2229E+01   -.2232E+01   -.2236E+01   -.2240E+01   -.2246E+01   -.2253E+01   -.2261E+01   -.2272E+01   -.2285E+01   -.2301E+01   -.2321E+01   -.2345E+01   -.2372E+01   -.2410E+01   -.2516E+01   -.3456E+01   -.1980E+01   -.2145E+01   -.2245E+01   -.2308E+01   -.2348E+01   -.2376E+01   -.2396E+01   -.2411E+01   -.2422E+01   -.2430E+01   -.2437E+01   -.2443E+01   -.2448E+01   -.2452E+01   -.2455E+01   -.2458E+01   -.2461E+01   -.2463E+01   -.2465E+01   -.2467E+01   -.2468E+01   -.2470E+01   -.2471E+01   -.2472E+01   -.2473E+01   -.2474E+01   -.2475E+01   -.2476E+01   -.2477E+01   -.2477E+01   -.2478E+01   -.2478E+01   -.2479E+01   -.2479E+01   -.2480E+01   -.2480E+01   -.2481E+01   -.2481E+01   -.2481E+01   -.2482E+01   -.2482E+01   -.2482E+01   -.2483E+01   -.2483E+01   -.2483E+01   -.2483E+01   -.2483E+01   -.2484E+01   -.2484E+01   -.2484E+01
0.6206E+05   0.1412E+01   -.2201E+01   -.2201E+01   -.2202E+01   -.2202E+01   -.2202E+01   -.2203E+01   -.2203E+01   -.2203E+01   -.2204E+01   -.2204E+01   -.2204E+01   -.2205E+01   -.2205E+01   -.2206E+01   -.2206E+01   -.2207E+01   -.2207E+01   -.2208E+01   -.2209E+01   -.2209E+01   -.2210E+01   -.2211E+01   -.2212E+01   -.2213E+01   -.2214E+01   -.2215E+01   -.2216E+01   -.2218E+01   -.2219E+01   -.2221E+01   -.2223E+01   -.2226E+01   -.2229E+01   -.2232E+01   -.2236E+01   -.2241E+01   -.2246E+01   -.2253E+01   -.2261E+01   -.2271E+01   -.2284E+01   -.2300E+01   -.2320E+01   -.2345E+01   -.2375E+01   -.2420E+01   -.2535E+01   -.2848E+01   -.2354E+01   -.2458E+01   -.2557E+01   -.2625E+01   -.2671E+01   -.2704E+01   -.2729E+01   -.2748E+01   -.2762E+01   -.2774E+01   -.2783E+01   -.2790E+01   -.2796E+01   -.2802E+01   -.2806E+01   -.2810E+01   -.2813E+01   -.2816E+01   -.2818E+01   -.2821E+01   -.2823E+01   -.2824E+01   -.2826E+01   -.2827E+01   -.2829E+01   -.2830E+01   -.2831E+01   -.2832E+01   -.2833E+01   -.2833E+01   -.2834E+01   -.2835E+01   -.2836E+01   -.2836E+01   -.2837E+01   -.2837E+01   -.2838E+01   -.2838E+01   -.2838E+01   -.2839E+01   -.2839E+01   -.2840E+01   -.2840E+01   -.2840E+01   -.2840E+01   -.2841E+01   -.2841E+01   -.2841E+01   -.2841E+01   -.2841E+01
0.6206E+05   0.1706E+01   -.2201E+01   -.2201E+01   -.2202E+01   -.2202E+01   -.2202E+01   -.2203E+01   -.2203E+01   -.2203E+01   -.2204E+01   -.2204E+01   -.2204E+01   -.2205E+01   -.2205E+01   -.2206E+01   -.2206E+01   -.2207E+01   -.2207E+01   -.2208E+01   -.2209E+01   -.2209E+01   -.2210E+01   -.2211E+01   -.2212E+01   -.2213E+01   -.2214E+01   -.2215E+01   -.2216E+01   -.2218E+01   -.2220E+01   -.2221E+01   -.2224E+01   -.2226E+01   -.2229E+01   -.2232E+01   -.2236E+01   -.2241E+01   -.2246E+01   -.2253E+01   -.2261E+01   -.2271E+01   -.2283E+01   -.2299E+01   -.2318E+01   -.2343E+01   -.2375E+01   -.2424E+01   -.2530E+01   -.2657E+01   -.2524E+01   -.2577E+01   -.2659E+01   -.2722E+01   -.2768E+01   -.2801E+01   -.2827E+01   -.2846E+01   -.2861E+01   -.2874E+01   -.2884E+01   -.2892E+01   -.2898E+01   -.2904E+01   -.2909E+01   -.2913E+01   -.2916E+01   -.2919E+01   -.2922E+01   -.2924E+01   -.2926E+01   -.2928E+01   -.2930E+01   -.2931E+01   -.2933E+01   -.2934E+01   -.2935E+01   -.2936E+01   -.2937E+01   -.2938E+01   -.2939E+01   -.2939E+01   -.2940E+01   -.2941E+01   -.2941E+01   -.2942E+01   -.2942E+01   -.2943E+01   -.2943E+01   -.2943E+01   -.2944E+01   -.2944E+01   -.2945E+01   -.2945E+01   -.2945E+01   -.2945E+01   -.2946E+01   -.2946E+01   -.2946E+01   -.2946E+01
0.6206E+05   0.2000E+01   -.2201E+01   -.2201E+01   -.2202E+01   -.2202E+01   -.2202E+01   -.2203E+01   -.2203E+01   -.2203E+01   -.2204E+01   -.2204E+01   -.2204E+01   -.2205E+01   -.2205E+01   -.2206E+01   -.2206E+01   -.2207E+01   -.2207E+01   -.2208E+01   -.2209E+01   -.2209E+01   -.2210E+01   -.2211E+01   -.2212E+01   -.2213E+01   -.2214E+01   -.2215E+01   -.2216E+01   -.2218E+01   -.2220E+01   -.2221E+01   -.2224E+01   -.2226E+01   -.2229E+01   -.2232E+01   -.2236E+01   -.2241E+01   -.2246E+01   -.2253E+01   -.2261E+01   -.2270E+01   -.2282E+01   -.2297E+01   -.2316E+01   -.2340E+01   -.2371E+01   -.2419E+01   -.2500E+01   -.2574E+01   -.2567E+01   -.2607E+01   -.2670E+01   -.2724E+01   -.2765E+01   -.2796E+01   -.2820E+01   -.2839E+01   -.2854E+01   -.2866E+01   -.2876E+01   -.2884E+01   -.2891E+01   -.2896E+01   -.2901E+01   -.2905E+01   -.2909E+01   -.2912E+01   -.2915E+01   -.2917E+01   -.2919E+01   -.2921E+01   -.2922E+01   -.2924E+01   -.2925E+01   -.2927E+01   -.2928E+01   -.2929E+01   -.2930E+01   -.2930E+01   -.2931E+01   -.2932E+01   -.2933E+01   -.2933E+01   -.2934E+01   -.2934E+01   -.2935E+01   -.2935E+01   -.2936E+01   -.2936E+01   -.2937E+01   -.2937E+01   -.2937E+01   -.2937E+01   -.2938E+01   -.2938E+01   -.2938E+01   -.2939E+01   -.2939E+01   -.2939E+01
0.6246E+05   0.2250E+01   -.2201E+01   -.2201E+01   -.2202E+01   -.2202E+01   -.2202E+01   -.2203E+01   -.2203E+01   -.2203E+01   -.2204E+01   -.2204E+01   -.2204E+01   -.2205E+01   -.2205E+01   -.2206E+01   -.2206E+01   -.2207E+01   -.2207E+01   -.2208E+01   -.2209E+01   -.2209E+01   -.2210E+01   -.2211E+01   -.2212E+01   -.2213E+01   -.2214E+01   -.2215E+01   -.2216E+01   -.2218E+01   -.2220E+01   -.2222E+01   -.2224E+01   -.2226E+01   -.2229E+01   -.2232E+01   -.2236E+01   -.2241E+01   -.2246E+01   -.2252E+01   -.2260E+01   -.2270E+01   -.2281E+01   -.2296E+01   -.2314E+01   -.2337E+01   -.2367E+01   -.2410E+01   -.2472E+01   -.2529E+01   -.2557E+01   -.2597E+01   -.2648E+01   -.2694E+01   -.2731E+01   -.2759E+01   -.2782E+01   -.2800E+01   -.2814E+01   -.2826E+01   -.2835E+01   -.2843E+01   -.2850E+01   -.2855E+01   -.2860E+01   -.2864E+01   -.2867E+01   -.2870E+01   -.2873E+01   -.2875E+01   -.2877E+01   -.2879E+01   -.2881E+01   -.2882E+01   -.2884E+01   -.2885E+01   -.2886E+01   -.2887E+01   -.2888E+01   -.2889E+01   -.2889E+01   -.2890E+01   -.2891E+01   -.2891E+01   -.2892E+01   -.2892E+01   -.2893E+01   -.2893E+01   -.2894E+01   -.2894E+01   -.2895E+01   -.2895E+01   -.2895E+01   -.2896E+01   -.2896E+01   -.2896E+01   -.2896E+01   -.2897E+01   -.2897E+01   -.2897E+01
0.6242E+05   0.2500E+01   -.2201E+01   -.2201E+01   -.2202E+01   -.2202E+01   -.2202E+01   -.2203E+01   -.2203E+01   -.2203E+01   -.2204E+01   -.2204E+01   -.2204E+01   -.2205E+01   -.2205E+01   -.2206E+01   -.2206E+01   -.2207E+01   -.2207E+01   -.2208E+01   -.2209E+01   -.2209E+01   -.2210E+01   -.2211E+01   -.2212E+01   -.2213E+01   -.2214E+01   -.2215E+01   -.2217E+01   -.2218E+01   -.2220E+01   -.2222E+01   -.2224E+01   -.2226E+01   -.2229E+01   -.2232E+01   -.2236E+01   -.2241E+01   -.2246E+01   -.2252E+01   -.2260E+01   -.2269E+01   -.2280E+01   -.2294E+01   -.2311E+01   -.2333E+01   -.2361E+01   -.2399E+01   -.2447E+01   -.2494E+01   -.2530E+01   -.2569E+01   -.2612E+01   -.2651E+01   -.2684E+01   -.2709E+01   -.2730E+01   -.2747E+01   -.2761E+01   -.2772E+01   -.2781E+01   -.2788E+01   -.2795E+01   -.2800E+01   -.2804E+01   -.2808E+01   -.2812E+01   -.2815E+01   -.2817E+01   -.2819E+01   -.2821E+01   -.2823E+01   -.2825E+01   -.2826E+01   -.2828E+01   -.2829E+01   -.2830E+01   -.2831E+01   -.2832E+01   -.2833E+01   -.2833E+01   -.2834E+01   -.2835E+01   -.2835E+01   -.2836E+01   -.2836E+01   -.2837E+01   -.2837E+01   -.2838E+01   -.2838E+01   -.2838E+01   -.2839E+01   -.2839E+01   -.2839E+01   -.2840E+01   -.2840E+01   -.2840E+01   -.2840E+01   -.2840E+01   -.2841E+01
0.6278E+05   0.2750E+01   -.2201E+01   -.2201E+01   -.2202E+01   -.2202E+01   -.2202E+01   -.2203E+01   -.2203E+01   -.2203E+01   -.2204E+01   -.2204E+01   -.2204E+01   -.2205E+01   -.2205E+01   -.2206E+01   -.2206E+01   -.2207E+01   -.2207E+01   -.2208E+01   -.2209E+01   -.2209E+01   -.2210E+01   -.2211E+01   -.2212E+01   -.2213E+01   -.2214E+01   -.2215E+01   -.2217E+01   -.2218E+01   -.2220E+01   -.2222E+01   -.2224E+01   -.2226E+01   -.2229E+01   -.2232E+01   -.2236E+01   -.2241E+01   -.2246E+01   -.2252E+01   -.2260E+01   -.2269E+01   -.2279E+01   -.2293E+01   -.2309E+01   -.2330E+01   -.2355E+01   -.2389E+01   -.2429E+01   -.2470E+01   -.2507E+01   -.2544E+01   -.2582E+01   -.2617E+01   -.2647E+01   -.2670E+01   -.2690E+01   -.2705E+01   -.2718E+01   -.2729E+01   -.2738E+01   -.2745E+01   -.2751E+01   -.2756E+01   -.2761E+01   -.2764E+01   -.2768E+01   -.2771E+01   -.2773E+01   -.2775E+01   -.2777E+01   -.2779E+01   -.2781E+01   -.2782E+01   -.2783E+01   -.2785E+01   -.2786E+01   -.2787E+01   -.2787E+01   -.2788E+01   -.2789E+01   -.2790E+01   -.2790E+01   -.2791E+01   -.2791E+01   -.2792E+01   -.2792E+01   -.2793E+01   -.2793E+01   -.2794E+01   -.2794E+01   -.2794E+01   -.2795E+01   -.2795E+01   -.2795E+01   -.2795E+01   -.2796E+01   -.2796E+01   -.2796E+01   -.2796E+01
0.6275E+05   0.3000E+01   -.2201E+01   -.2201E+01   -.2202E+01   -.2202E+01   -.2202E+01   -.2203E+01   -.2203E+01   -.2203E+01   -.2204E+01   -.2204E+01   -.2205E+01   -.2205E+01   -.2205E+01   -.2206E+01   -.2206E+01   -.2207E+01   -.2207E+01   -.2208E+01   -.2209E+01   -.2209E+01   -.2210E+01   -.2211E+01   -.2212E+01   -.2213E+01   -.2214E+01   -.2215E+01   -.2217E+01   -.2218E+01   -.2220E+01   -.2222E+01   -.2224E+01   -.2226E+01   -.2229E+01   -.2232E+01   -.2236E+01   -.2241E+01   -.2246E+01   -.2252E+01   -.2259E+01   -.2268E+01   -.2278E+01   -.2291E+01   -.2307E+01   -.2326E+01   -.2349E+01   -.2378E+01   -.2412E+01   -.2448E+01   -.2482E+01   -.2516E+01   -.2550E+01   -.2581E+01   -.2607E+01   -.2628E+01   -.2646E+01   -.2661E+01   -.2674E+01   -.2684E+01   -.2692E+01   -.2699E+01   -.2705E+01   -.2710E+01   -.2715E+01   -.2718E+01   -.2722E+01   -.2724E+01   -.2727E+01   -.2729E+01   -.2731E+01   -.2733E+01   -.2734E+01   -.2736E+01   -.2737E+01   -.2738E+01   -.2739E+01   -.2740E+01   -.2741E+01   -.2742E+01   -.2742E+01   -.2743E+01   -.2744E+01   -.2744E+01   -.2745E+01   -.2745E+01   -.2746E+01   -.2746E+01   -.2747E+01   -.2747E+01   -.2747E+01   -.2748E+01   -.2748E+01   -.2748E+01   -.2748E+01   -.2749E+01   -.2749E+01   -.2749E+01   -.2749E+01   -.2750E+01
0.6307E+05   0.3250E+01   -.2201E+01   -.2201E+01   -.2202E+01   -.2202E+01   -.2202E+01   -.2203E+01   -.2203E+01   -.2203E+01   -.2204E+01   -.2204E+01   -.2205E+01   -.2205E+01   -.2205E+01   -.2206E+01   -.2206E+01   -.2207E+01   -.2207E+01   -.2208E+01   -.2209E+01   -.2209E+01   -.2210E+01   -.2211E+01   -.2212E+01   -.2213E+01   -.2214E+01   -.2215E+01   -.2217E+01   -.2218E+01   -.2220E+01   -.2222E+01   -.2224E+01   -.2226E+01   -.2229E+01   -.2232E+01   -.2236E+01   -.2241E+01   -.2246E+01   -.2252E+01   -.2259E+01   -.2267E+01   -.2278E+01   -.2290E+01   -.2305E+01   -.2323E+01   -.2345E+01   -.2371E+01   -.2401E+01   -.2433E+01   -.2466E+01   -.2498E+01   -.2528E+01   -.2556E+01   -.2580E+01   -.2600E+01   -.2617E+01   -.2632E+01   -.2644E+01   -.2653E+01   -.2662E+01   -.2669E+01   -.2674E+01   -.2679E+01   -.2684E+01   -.2687E+01   -.2690E+01   -.2693E+01   -.2696E+01   -.2698E+01   -.2700E+01   -.2701E+01   -.2703E+01   -.2704E+01   -.2706E+01   -.2707E+01   -.2708E+01   -.2709E+01   -.2709E+01   -.2710E+01   -.2711E+01   -.2712E+01   -.2712E+01   -.2713E+01   -.2713E+01   -.2714E+01   -.2714E+01   -.2715E+01   -.2715E+01   -.2715E+01   -.2716E+01   -.2716E+01   -.2716E+01   -.2717E+01   -.2717E+01   -.2717E+01   -.2717E+01   -.2718E+01   -.2718E+01   -.2718E+01
0.6304E+05   0.3500E+01   -.2201E+01   -.2201E+01   -.2202E+01   -.2202E+01   -.2202E+01   -.2203E+01   -.2203E+01   -.2203E+01   -.2204E+01   -.2204E+01   -.2205E+01   -.2205E+01   -.2205E+01   -.2206E+01   -.2206E+01   -.2207E+01   -.2207E+01   -.2208E+01   -.2209E+01   -.2209E+01   -.2210E+01   -.2211E+01   -.2212E+01   -.2213E+01   -.2214E+01   -.2215E+01   -.2217E+01   -.2218E+01   -.2220E+01   -.2222E+01   -.2224E+01   -.2226E+01   -.2229E+01   -.2232E+01   -.2236E+01   -.2241E+01   -.2246E+01   -.2252E+01   -.2259E+01   -.2267E+01   -.2277E+01   -.2289E+01   -.2303E+01   -.2320E+01   -.2341E+01   -.2365E+01   -.2392E+01   -.2421E+01   -.2450E+01   -.2479E+01   -.2507E+01   -.2533E+01   -.2556E+01   -.2574E+01   -.2591E+01   -.2604E+01   -.2616E+01   -.2625E+01   -.2633E+01   -.2640E+01   -.2646E+01   -.2651E+01   -.2655E+01   -.2659E+01   -.2662E+01   -.2664E+01   -.2667E+01   -.2669E+01   -.2671E+01   -.2673E+01   -.2674E+01   -.2675E+01   -.2677E+01   -.2678E+01   -.2679E+01   -.2680E+01   -.2681E+01   -.2681E+01   -.2682E+01   -.2683E+01   -.2683E+01   -.2684E+01   -.2684E+01   -.2685E+01   -.2685E+01   -.2686E+01   -.2686E+01   -.2686E+01   -.2687E+01   -.2687E+01   -.2687E+01   -.2688E+01   -.2688E+01   -.2688E+01   -.2688E+01   -.2689E+01   -.2689E+01   -.2689E+01
0.6336E+05   0.3750E+01   -.2201E+01   -.2201E+01   -.2202E+01   -.2202E+01   -.2202E+01   -.2203E+01   -.2203E+01   -.2203E+01   -.2204E+01   -.2204E+01   -.2205E+01   -.2205E+01   -.2205E+01   -.2206E+01   -.2206E+01   -.2207E+01   -.2208E+01   -.2208E+01   -.2209E+01   -.2209E+01   -.2210E+01   -.2211E+01   -.2212E+01   -.2213E+01   -.2214E+01   -.2215E+01   -.2217E+01   -.2218E+01   -.2220E+01   -.2222E+01   -.2224E+01   -.2226E+01   -.2229E+01   -.2232E+01   -.2236E+01   -.2240E+01   -.2246E+01   -.2251E+01   -.2258E+01   -.2267E+01   -.2276E+01   -.2288E+01   -.2302E+01   -.2318E+01   -.2338E+01   -.2360E+01   -.2385E+01   -.2412E+01   -.2439E+01   -.2467E+01   -.2493E+01   -.2517E+01   -.2538E+01   -.2556E+01   -.2572E+01   -.2585E+01   -.2596E+01   -.2606E+01   -.2614E+01   -.2620E+01   -.2626E+01   -.2631E+01   -.2635E+01   -.2638E+01   -.2642E+01   -.2644E+01   -.2647E+01   -.2649E+01   -.2651E+01   -.2652E+01   -.2654E+01   -.2655E+01   -.2656E+01   -.2657E+01   -.2658E+01   -.2659E+01   -.2660E+01   -.2661E+01   -.2662E+01   -.2662E+01   -.2663E+01   -.2663E+01   -.2664E+01   -.2664E+01   -.2665E+01   -.2665E+01   -.2666E+01   -.2666E+01   -.2666E+01   -.2667E+01   -.2667E+01   -.2667E+01   -.2668E+01   -.2668E+01   -.2668E+01   -.2668E+01   -.2668E+01   -.2669E+01
0.6317E+05   0.4000E+01   -.2201E+01   -.2201E+01   -.2202E+01   -.2202E+01   -.2202E+01   -.2203E+01   -.2203E+01   -.2203E+01   -.2204E+01   -.2204E+01   -.2205E+01   -.2205E+01   -.2205E+01   -.2206E+01   -.2206E+01   -.2207E+01   -.2208E+01   -.2208E+01   -.2209E+01   -.2209E+01   -.2210E+01   -.2211E+01   -.2212E+01   -.2213E+01   -.2214E+01   -.2215E+01   -.2217E+01   -.2218E+01   -.2220E+01   -.2222E+01   -.2224E+01   -.2226E+01   -.2229E+01   -.2232E+01   -.2236E+01   -.2240E+01   -.2245E+01   -.2251E+01   -.2258E+01   -.2266E+01   -.2276E+01   -.2287E+01   -.2301E+01   -.2317E+01   -.2335E+01   -.2356E+01   -.2380E+01   -.2405E+01   -.2431E+01   -.2457E+01   -.2482E+01   -.2505E+01   -.2525E+01   -.2542E+01   -.2558E+01   -.2571E+01   -.2582E+01   -.2591E+01   -.2599E+01   -.2605E+01   -.2611E+01   -.2615E+01   -.2620E+01   -.2623E+01   -.2626E+01   -.2629E+01   -.2631E+01   -.2633E+01   -.2635E+01   -.2637E+01   -.2638E+01   -.2640E+01   -.2641E+01   -.2642E+01   -.2643E+01   -.2644E+01   -.2645E+01   -.2646E+01   -.2646E+01   -.2647E+01   -.2647E+01   -.2648E+01   -.2649E+01   -.2649E+01   -.2649E+01   -.2650E+01   -.2650E+01   -.2651E+01   -.2651E+01   -.2651E+01   -.2652E+01   -.2652E+01   -.2652E+01   -.2652E+01   -.2652E+01   -.2653E+01   -.2653E+01   -.2653E+01
0.6322E+05   0.4250E+01   -.2201E+01   -.2201E+01   -.2202E+01   -.2202E+01   -.2202E+01   -.2203E+01   -.2203E+01   -.2203E+01   -.2204E+01   -.2204E+01   -.2205E+01   -.2205E+01   -.2205E+01   -.2206E+01   -.2206E+01   -.2207E+01   -.2208E+01   -.2208E+01   -.2209E+01   -.2209E+01   -.2210E+01   -.2211E+01   -.2212E+01   -.2213E+01   -.2214E+01   -.2215E+01   -.2217E+01   -.2218E+01   -.2220E+01   -.2222E+01   -.2224E+01   -.2226E+01   -.2229E+01   -.2232E+01   -.2236E+01   -.2240E+01   -.2245E+01   -.2251E+01   -.2258E+01   -.2266E+01   -.2276E+01   -.2287E+01   -.2300E+01   -.2316E+01   -.2334E+01   -.2354E+01   -.2377E+01   -.2402E+01   -.2427E+01   -.2453E+01   -.2477E+01   -.2499E+01   -.2519E+01   -.2536E+01   -.2551E+01   -.2564E+01   -.2575E+01   -.2584E+01   -.2592E+01   -.2598E+01   -.2604E+01   -.2608E+01   -.2612E+01   -.2616E+01   -.2619E+01   -.2622E+01   -.2624E+01   -.2626E+01   -.2628E+01   -.2630E+01   -.2631E+01   -.2632E+01   -.2634E+01   -.2635E+01   -.2636E+01   -.2637E+01   -.2638E+01   -.2638E+01   -.2639E+01   -.2640E+01   -.2640E+01   -.2641E+01   -.2641E+01   -.2642E+01   -.2642E+01   -.2643E+01   -.2643E+01   -.2643E+01   -.2644E+01   -.2644E+01   -.2644E+01   -.2645E+01   -.2645E+01   -.2645E+01   -.2645E+01   -.2645E+01   -.2646E+01   -.2646E+01
0.6320E+05   0.4500E+01   -.2201E+01   -.2201E+01   -.2202E+01   -.2202E+01   -.2202E+01   -.2203E+01   -.2203E+01   -.2203E+01   -.2204E+01   -.2204E+01   -.2205E+01   -.2205E+01   -.2205E+01   -.2206E+01   -.2206E+01   -.2207E+01   -.2208E+01   -.2208E+01   -.2209E+01   -.2209E+01   -.2210E+01   -.2211E+01   -.2212E+01   -.2213E+01   -.2214E+01   -.2215E+01   -.2217E+01   -.2218E+01   -.2220E+01   -.2222E+01   -.2224E+01   -.2226E+01   -.2229E+01   -.2232E+01   -.2236E+01   -.2240E+01   -.2245E+01   -.2251E+01   -.2258E+01   -.2266E+01   -.2276E+01   -.2287E+01   -.2300E+01   -.2316E+01   -.2333E+01   -.2354E+01   -.2376E+01   -.2401E+01   -.2426E+01   -.2451E+01   -.2475E+01   -.2497E+01   -.2517E+01   -.2533E+01   -.2548E+01   -.2561E+01   -.2572E+01   -.2581E+01   -.2589E+01   -.2595E+01   -.2601E+01   -.2606E+01   -.2610E+01   -.2613E+01   -.2616E+01   -.2619E+01   -.2621E+01   -.2623E+01   -.2625E+01   -.2627E+01   -.2628E+01   -.2630E+01   -.2631E+01   -.2632E+01   -.2633E+01   -.2634E+01   -.2635E+01   -.2635E+01   -.2636E+01   -.2637E+01   -.2637E+01   -.2638E+01   -.2638E+01   -.2639E+01   -.2639E+01   -.2640E+01   -.2640E+01   -.2640E+01   -.2641E+01   -.2641E+01   -.2641E+01   -.2642E+01   -.2642E+01   -.2642E+01   -.2642E+01   -.2643E+01   -.2643E+01   -.2643E+01
