0.6018E+05   0.1118E+01   0.3245E-03   0.3460E-03   0.3676E-03   0.3902E-03   0.4142E-03   0.4401E-03   0.4683E-03   0.4992E-03   0.5333E-03   0.5709E-03   0.6125E-03   0.6588E-03   0.7103E-03   0.7677E-03   0.8319E-03   0.9039E-03   0.9846E-03   0.1076E-02   0.1178E-02   0.1294E-02   0.1426E-02   0.1577E-02   0.1749E-02   0.1948E-02   0.2177E-02   0.2443E-02   0.2754E-02   0.3119E-02   0.3551E-02   0.4066E-02   0.4683E-02   0.5431E-02   0.6345E-02   0.7473E-02   0.8880E-02   0.1066E-01   0.1294E-01   0.1591E-01   0.1984E-01   0.2517E-01   0.3253E-01   0.4297E-01   0.5813E-01   0.8075E-01   0.1143E+00   0.1610E+00   0.2230E+00   0.3148E+00   0.6617E+00   0.7816E+00   0.8533E+00   0.9016E+00   0.9359E+00   0.9623E+00   0.9825E+00   0.9984E+00   0.1011E+01   0.1021E+01   0.1030E+01   0.1037E+01   0.1044E+01   0.1049E+01   0.1054E+01   0.1058E+01   0.1667E+01   0.1727E+01   0.1802E+01   0.1807E+01   0.1813E+01   0.1818E+01   0.1822E+01   0.1827E+01   0.1830E+01   0.1834E+01   0.1838E+01   0.1841E+01   0.1844E+01   0.1847E+01   0.1850E+01   0.1853E+01   0.1856E+01   0.1858E+01   0.1861E+01   0.1863E+01   0.1866E+01   0.1868E+01   0.1870E+01   0.1872E+01   0.1874E+01   0.1876E+01   0.1878E+01   0.1880E+01   0.1882E+01   0.1884E+01   0.1885E+01   0.1887E+01   0.1889E+01   0.1890E+01   0.1892E+01   0.1893E+01
0.6019E+05   0.1345E+01   0.3248E-03   0.3462E-03   0.3677E-03   0.3903E-03   0.4142E-03   0.4401E-03   0.4682E-03   0.4990E-03   0.5330E-03   0.5706E-03   0.6122E-03   0.6584E-03   0.7099E-03   0.7673E-03   0.8315E-03   0.9035E-03   0.9843E-03   0.1075E-02   0.1178E-02   0.1295E-02   0.1427E-02   0.1578E-02   0.1751E-02   0.1950E-02   0.2180E-02   0.2447E-02   0.2760E-02   0.3127E-02   0.3561E-02   0.4079E-02   0.4700E-02   0.5453E-02   0.6371E-02   0.7505E-02   0.8916E-02   0.1070E-01   0.1297E-01   0.1592E-01   0.1979E-01   0.2498E-01   0.3207E-01   0.4193E-01   0.5594E-01   0.7625E-01   0.1054E+00   0.1440E+00   0.1926E+00   0.2794E+00   0.5124E+00   0.6203E+00   0.6813E+00   0.7215E+00   0.7498E+00   0.7714E+00   0.7880E+00   0.8010E+00   0.8114E+00   0.8198E+00   0.8267E+00   0.8326E+00   0.8375E+00   0.8418E+00   0.8454E+00   0.8487E+00   0.1606E+01   0.1680E+01   0.1772E+01   0.1778E+01   0.1784E+01   0.1789E+01   0.1794E+01   0.1798E+01   0.1802E+01   0.1806E+01   0.1810E+01   0.1813E+01   0.1817E+01   0.1820E+01   0.1823E+01   0.1826E+01   0.1829E+01   0.1832E+01   0.1834E+01   0.1837E+01   0.1839E+01   0.1842E+01   0.1844E+01   0.1846E+01   0.1848E+01   0.1851E+01   0.1853E+01   0.1855E+01   0.1857E+01   0.1858E+01   0.1860E+01   0.1862E+01   0.1864E+01   0.1866E+01   0.1867E+01   0.1869E+01
0.6019E+05   0.1573E+01   0.3256E-03   0.3469E-03   0.3685E-03   0.3909E-03   0.4148E-03   0.4406E-03   0.4687E-03   0.4995E-03   0.5334E-03   0.5709E-03   0.6125E-03   0.6587E-03   0.7102E-03   0.7676E-03   0.8318E-03   0.9038E-03   0.9847E-03   0.1076E-02   0.1179E-02   0.1295E-02   0.1428E-02   0.1579E-02   0.1753E-02   0.1953E-02   0.2183E-02   0.2452E-02   0.2765E-02   0.3134E-02   0.3571E-02   0.4091E-02   0.4716E-02   0.5472E-02   0.6395E-02   0.7532E-02   0.8945E-02   0.1072E-01   0.1299E-01   0.1590E-01   0.1971E-01   0.2475E-01   0.3154E-01   0.4081E-01   0.5367E-01   0.7175E-01   0.9673E-01   0.1286E+00   0.1671E+00   0.2419E+00   0.4002E+00   0.4956E+00   0.5497E+00   0.5846E+00   0.6089E+00   0.6274E+00   0.6416E+00   0.6526E+00   0.6615E+00   0.6687E+00   0.6746E+00   0.6795E+00   0.6837E+00   0.6873E+00   0.6904E+00   0.6931E+00   0.1520E+01   0.1612E+01   0.1726E+01   0.1732E+01   0.1738E+01   0.1743E+01   0.1748E+01   0.1753E+01   0.1757E+01   0.1761E+01   0.1765E+01   0.1768E+01   0.1772E+01   0.1775E+01   0.1778E+01   0.1781E+01   0.1784E+01   0.1787E+01   0.1790E+01   0.1793E+01   0.1795E+01   0.1798E+01   0.1800E+01   0.1802E+01   0.1805E+01   0.1807E+01   0.1809E+01   0.1811E+01   0.1813E+01   0.1815E+01   0.1817E+01   0.1819E+01   0.1821E+01   0.1822E+01   0.1824E+01   0.1826E+01
0.6018E+05   0.1800E+01   0.3261E-03   0.3474E-03   0.3689E-03   0.3913E-03   0.4151E-03   0.4409E-03   0.4689E-03   0.4996E-03   0.5335E-03   0.5710E-03   0.6126E-03   0.6588E-03   0.7102E-03   0.7677E-03   0.8319E-03   0.9040E-03   0.9849E-03   0.1076E-02   0.1179E-02   0.1296E-02   0.1429E-02   0.1581E-02   0.1754E-02   0.1955E-02   0.2186E-02   0.2456E-02   0.2771E-02   0.3141E-02   0.3580E-02   0.4102E-02   0.4730E-02   0.5489E-02   0.6415E-02   0.7556E-02   0.8971E-02   0.1075E-01   0.1300E-01   0.1588E-01   0.1962E-01   0.2453E-01   0.3103E-01   0.3975E-01   0.5155E-01   0.6766E-01   0.8914E-01   0.1158E+00   0.1491E+00   0.2121E+00   0.3229E+00   0.4039E+00   0.4527E+00   0.4843E+00   0.5062E+00   0.5227E+00   0.5352E+00   0.5449E+00   0.5526E+00   0.5589E+00   0.5641E+00   0.5684E+00   0.5720E+00   0.5751E+00   0.5778E+00   0.5801E+00   0.1414E+01   0.1536E+01   0.1680E+01   0.1687E+01   0.1693E+01   0.1699E+01   0.1704E+01   0.1709E+01   0.1713E+01   0.1718E+01   0.1722E+01   0.1726E+01   0.1729E+01   0.1733E+01   0.1736E+01   0.1739E+01   0.1742E+01   0.1745E+01   0.1748E+01   0.1751E+01   0.1753E+01   0.1756E+01   0.1759E+01   0.1761E+01   0.1763E+01   0.1766E+01   0.1768E+01   0.1770E+01   0.1772E+01   0.1774E+01   0.1776E+01   0.1778E+01   0.1780E+01   0.1782E+01   0.1784E+01   0.1786E+01
0.6062E+05   0.1950E+01   0.3264E-03   0.3477E-03   0.3691E-03   0.3915E-03   0.4153E-03   0.4410E-03   0.4690E-03   0.4997E-03   0.5336E-03   0.5710E-03   0.6126E-03   0.6588E-03   0.7102E-03   0.7677E-03   0.8319E-03   0.9040E-03   0.9849E-03   0.1076E-02   0.1179E-02   0.1296E-02   0.1429E-02   0.1581E-02   0.1755E-02   0.1956E-02   0.2188E-02   0.2458E-02   0.2773E-02   0.3144E-02   0.3584E-02   0.4108E-02   0.4737E-02   0.5498E-02   0.6425E-02   0.7567E-02   0.8982E-02   0.1076E-01   0.1300E-01   0.1586E-01   0.1955E-01   0.2437E-01   0.3069E-01   0.3907E-01   0.5024E-01   0.6522E-01   0.8480E-01   0.1088E+00   0.1399E+00   0.1960E+00   0.2854E+00   0.3573E+00   0.4033E+00   0.4333E+00   0.4541E+00   0.4697E+00   0.4814E+00   0.4905E+00   0.4977E+00   0.5035E+00   0.5083E+00   0.5122E+00   0.5156E+00   0.5184E+00   0.5208E+00   0.5229E+00   0.1330E+01   0.1483E+01   0.1655E+01   0.1662E+01   0.1668E+01   0.1673E+01   0.1679E+01   0.1684E+01   0.1688E+01   0.1693E+01   0.1697E+01   0.1701E+01   0.1705E+01   0.1709E+01   0.1712E+01   0.1716E+01   0.1719E+01   0.1722E+01   0.1725E+01   0.1728E+01   0.1731E+01   0.1734E+01   0.1737E+01   0.1739E+01   0.1742E+01   0.1744E+01   0.1747E+01   0.1749E+01   0.1751E+01   0.1754E+01   0.1756E+01   0.1758E+01   0.1760E+01   0.1762E+01   0.1764E+01   0.1766E+01
0.6057E+05   0.2100E+01   0.3267E-03   0.3479E-03   0.3693E-03   0.3916E-03   0.4154E-03   0.4411E-03   0.4691E-03   0.4998E-03   0.5336E-03   0.5711E-03   0.6126E-03   0.6588E-03   0.7102E-03   0.7677E-03   0.8319E-03   0.9040E-03   0.9850E-03   0.1076E-02   0.1179E-02   0.1297E-02   0.1430E-02   0.1582E-02   0.1756E-02   0.1957E-02   0.2189E-02   0.2459E-02   0.2775E-02   0.3148E-02   0.3588E-02   0.4113E-02   0.4743E-02   0.5506E-02   0.6435E-02   0.7577E-02   0.8993E-02   0.1076E-01   0.1300E-01   0.1584E-01   0.1949E-01   0.2422E-01   0.3038E-01   0.3845E-01   0.4906E-01   0.6307E-01   0.8111E-01   0.1033E+00   0.1328E+00   0.1830E+00   0.2573E+00   0.3212E+00   0.3645E+00   0.3934E+00   0.4134E+00   0.4284E+00   0.4395E+00   0.4482E+00   0.4549E+00   0.4604E+00   0.4649E+00   0.4686E+00   0.4717E+00   0.4743E+00   0.4766E+00   0.4785E+00   0.1227E+01   0.1425E+01   0.1632E+01   0.1638E+01   0.1645E+01   0.1650E+01   0.1656E+01   0.1661E+01   0.1666E+01   0.1671E+01   0.1675E+01   0.1679E+01   0.1683E+01   0.1687E+01   0.1691E+01   0.1694E+01   0.1698E+01   0.1701E+01   0.1704E+01   0.1707E+01   0.1710E+01   0.1713E+01   0.1716E+01   0.1718E+01   0.1721E+01   0.1724E+01   0.1726E+01   0.1729E+01   0.1731E+01   0.1733E+01   0.1735E+01   0.1738E+01   0.1740E+01   0.1742E+01   0.1744E+01   0.1746E+01
0.6134E+05   0.2250E+01   0.3269E-03   0.3481E-03   0.3694E-03   0.3918E-03   0.4155E-03   0.4412E-03   0.4692E-03   0.4999E-03   0.5337E-03   0.5711E-03   0.6126E-03   0.6588E-03   0.7102E-03   0.7677E-03   0.8319E-03   0.9040E-03   0.9850E-03   0.1076E-02   0.1180E-02   0.1297E-02   0.1430E-02   0.1582E-02   0.1757E-02   0.1958E-02   0.2190E-02   0.2461E-02   0.2778E-02   0.3150E-02   0.3591E-02   0.4117E-02   0.4748E-02   0.5512E-02   0.6442E-02   0.7585E-02   0.9000E-02   0.1077E-01   0.1299E-01   0.1582E-01   0.1943E-01   0.2409E-01   0.3010E-01   0.3790E-01   0.4804E-01   0.6124E-01   0.7805E-01   0.9881E-01   0.1270E+00   0.1724E+00   0.2357E+00   0.2929E+00   0.3338E+00   0.3618E+00   0.3812E+00   0.3957E+00   0.4065E+00   0.4147E+00   0.4212E+00   0.4263E+00   0.4306E+00   0.4341E+00   0.4370E+00   0.4395E+00   0.4416E+00   0.4434E+00   0.1082E+01   0.1355E+01   0.1614E+01   0.1623E+01   0.1631E+01   0.1638E+01   0.1644E+01   0.1650E+01   0.1655E+01   0.1660E+01   0.1665E+01   0.1669E+01   0.1673E+01   0.1677E+01   0.1681E+01   0.1685E+01   0.1688E+01   0.1692E+01   0.1695E+01   0.1698E+01   0.1701E+01   0.1704E+01   0.1707E+01   0.1710E+01   0.1713E+01   0.1715E+01   0.1718E+01   0.1720E+01   0.1723E+01   0.1725E+01   0.1727E+01   0.1730E+01   0.1732E+01   0.1734E+01   0.1736E+01   0.1738E+01
0.6130E+05   0.2400E+01   0.3270E-03   0.3482E-03   0.3696E-03   0.3919E-03   0.4156E-03   0.4413E-03   0.4692E-03   0.4999E-03   0.5337E-03   0.5712E-03   0.6127E-03   0.6588E-03   0.7102E-03   0.7677E-03   0.8320E-03   0.9041E-03   0.9851E-03   0.1076E-02   0.1180E-02   0.1297E-02   0.1430E-02   0.1582E-02   0.1757E-02   0.1958E-02   0.2191E-02   0.2462E-02   0.2779E-02   0.3152E-02   0.3594E-02   0.4121E-02   0.4753E-02   0.5517E-02   0.6448E-02   0.7592E-02   0.9007E-02   0.1077E-01   0.1299E-01   0.1580E-01   0.1938E-01   0.2397E-01   0.2987E-01   0.3745E-01   0.4719E-01   0.5976E-01   0.7564E-01   0.9544E-01   0.1226E+00   0.1644E+00   0.2198E+00   0.2716E+00   0.3106E+00   0.3378E+00   0.3568E+00   0.3711E+00   0.3816E+00   0.3895E+00   0.3958E+00   0.4007E+00   0.4048E+00   0.4081E+00   0.4109E+00   0.4133E+00   0.4153E+00   0.4170E+00   0.7549E+00   0.1241E+01   0.1567E+01   0.1575E+01   0.1582E+01   0.1588E+01   0.1594E+01   0.1600E+01   0.1605E+01   0.1610E+01   0.1615E+01   0.1620E+01   0.1624E+01   0.1628E+01   0.1632E+01   0.1636E+01   0.1640E+01   0.1644E+01   0.1647E+01   0.1651E+01   0.1654E+01   0.1657E+01   0.1660E+01   0.1663E+01   0.1666E+01   0.1669E+01   0.1672E+01   0.1674E+01   0.1677E+01   0.1679E+01   0.1682E+01   0.1684E+01   0.1687E+01   0.1689E+01   0.1691E+01   0.1693E+01
0.6160E+05   0.2550E+01   0.3272E-03   0.3483E-03   0.3697E-03   0.3920E-03   0.4157E-03   0.4414E-03   0.4693E-03   0.5000E-03   0.5338E-03   0.5712E-03   0.6127E-03   0.6588E-03   0.7102E-03   0.7677E-03   0.8320E-03   0.9041E-03   0.9851E-03   0.1077E-02   0.1180E-02   0.1297E-02   0.1430E-02   0.1583E-02   0.1757E-02   0.1959E-02   0.2192E-02   0.2463E-02   0.2780E-02   0.3154E-02   0.3596E-02   0.4123E-02   0.4756E-02   0.5521E-02   0.6453E-02   0.7596E-02   0.9011E-02   0.1077E-01   0.1299E-01   0.1579E-01   0.1934E-01   0.2388E-01   0.2968E-01   0.3708E-01   0.4651E-01   0.5859E-01   0.7378E-01   0.9291E-01   0.1193E+00   0.1582E+00   0.2081E+00   0.2559E+00   0.2932E+00   0.3199E+00   0.3387E+00   0.3527E+00   0.3630E+00   0.3708E+00   0.3769E+00   0.3817E+00   0.3856E+00   0.3888E+00   0.3915E+00   0.3938E+00   0.3957E+00   0.3974E+00   0.6531E+00   0.1125E+01   0.1567E+01   0.1574E+01   0.1580E+01   0.1586E+01   0.1592E+01   0.1597E+01   0.1602E+01   0.1607E+01   0.1611E+01   0.1615E+01   0.1619E+01   0.1623E+01   0.1627E+01   0.1631E+01   0.1634E+01   0.1638E+01   0.1641E+01   0.1644E+01   0.1647E+01   0.1650E+01   0.1653E+01   0.1656E+01   0.1659E+01   0.1661E+01   0.1664E+01   0.1667E+01   0.1669E+01   0.1671E+01   0.1674E+01   0.1676E+01   0.1678E+01   0.1681E+01   0.1683E+01   0.1685E+01
0.6143E+05   0.2700E+01   0.3273E-03   0.3484E-03   0.3698E-03   0.3920E-03   0.4158E-03   0.4414E-03   0.4693E-03   0.5000E-03   0.5338E-03   0.5712E-03   0.6127E-03   0.6588E-03   0.7102E-03   0.7677E-03   0.8320E-03   0.9041E-03   0.9851E-03   0.1077E-02   0.1180E-02   0.1297E-02   0.1431E-02   0.1583E-02   0.1758E-02   0.1959E-02   0.2192E-02   0.2464E-02   0.2781E-02   0.3155E-02   0.3598E-02   0.4125E-02   0.4758E-02   0.5524E-02   0.6456E-02   0.7600E-02   0.9014E-02   0.1078E-01   0.1299E-01   0.1577E-01   0.1931E-01   0.2381E-01   0.2954E-01   0.3681E-01   0.4603E-01   0.5777E-01   0.7250E-01   0.9119E-01   0.1170E+00   0.1540E+00   0.2002E+00   0.2452E+00   0.2813E+00   0.3076E+00   0.3262E+00   0.3401E+00   0.3503E+00   0.3580E+00   0.3639E+00   0.3687E+00   0.3725E+00   0.3756E+00   0.3783E+00   0.3805E+00   0.3823E+00   0.3840E+00   0.6097E+00   0.8465E+00   0.1555E+01   0.1562E+01   0.1569E+01   0.1575E+01   0.1580E+01   0.1585E+01   0.1590E+01   0.1595E+01   0.1599E+01   0.1603E+01   0.1607E+01   0.1611E+01   0.1614E+01   0.1618E+01   0.1621E+01   0.1625E+01   0.1628E+01   0.1631E+01   0.1634E+01   0.1637E+01   0.1640E+01   0.1642E+01   0.1645E+01   0.1648E+01   0.1650E+01   0.1653E+01   0.1655E+01   0.1658E+01   0.1660E+01   0.1662E+01   0.1664E+01   0.1666E+01   0.1669E+01   0.1671E+01
0.6150E+05   0.2850E+01   0.3273E-03   0.3485E-03   0.3698E-03   0.3921E-03   0.4158E-03   0.4414E-03   0.4694E-03   0.5000E-03   0.5338E-03   0.5712E-03   0.6127E-03   0.6588E-03   0.7103E-03   0.7677E-03   0.8320E-03   0.9041E-03   0.9852E-03   0.1077E-02   0.1180E-02   0.1297E-02   0.1431E-02   0.1583E-02   0.1758E-02   0.1959E-02   0.2193E-02   0.2464E-02   0.2782E-02   0.3156E-02   0.3599E-02   0.4126E-02   0.4760E-02   0.5525E-02   0.6458E-02   0.7602E-02   0.9016E-02   0.1078E-01   0.1298E-01   0.1576E-01   0.1929E-01   0.2376E-01   0.2945E-01   0.3664E-01   0.4573E-01   0.5726E-01   0.7173E-01   0.9017E-01   0.1156E+00   0.1515E+00   0.1956E+00   0.2390E+00   0.2744E+00   0.3004E+00   0.3189E+00   0.3327E+00   0.3428E+00   0.3505E+00   0.3564E+00   0.3610E+00   0.3648E+00   0.3679E+00   0.3705E+00   0.3727E+00   0.3745E+00   0.3761E+00   0.5826E+00   0.7572E+00   0.1547E+01   0.1555E+01   0.1561E+01   0.1567E+01   0.1573E+01   0.1578E+01   0.1583E+01   0.1587E+01   0.1592E+01   0.1596E+01   0.1600E+01   0.1604E+01   0.1608E+01   0.1611E+01   0.1615E+01   0.1618E+01   0.1621E+01   0.1625E+01   0.1628E+01   0.1631E+01   0.1633E+01   0.1636E+01   0.1639E+01   0.1642E+01   0.1644E+01   0.1647E+01   0.1649E+01   0.1652E+01   0.1654E+01   0.1656E+01   0.1659E+01   0.1661E+01   0.1663E+01   0.1665E+01
0.6148E+05   0.3000E+01   0.3273E-03   0.3485E-03   0.3698E-03   0.3921E-03   0.4158E-03   0.4414E-03   0.4694E-03   0.5000E-03   0.5338E-03   0.5712E-03   0.6127E-03   0.6588E-03   0.7102E-03   0.7677E-03   0.8320E-03   0.9041E-03   0.9852E-03   0.1077E-02   0.1180E-02   0.1297E-02   0.1431E-02   0.1583E-02   0.1758E-02   0.1959E-02   0.2193E-02   0.2464E-02   0.2782E-02   0.3156E-02   0.3599E-02   0.4126E-02   0.4760E-02   0.5526E-02   0.6459E-02   0.7602E-02   0.9016E-02   0.1078E-01   0.1298E-01   0.1576E-01   0.1928E-01   0.2375E-01   0.2942E-01   0.3658E-01   0.4563E-01   0.5710E-01   0.7148E-01   0.8984E-01   0.1151E+00   0.1506E+00   0.1941E+00   0.2370E+00   0.2722E+00   0.2981E+00   0.3166E+00   0.3303E+00   0.3405E+00   0.3481E+00   0.3539E+00   0.3586E+00   0.3623E+00   0.3654E+00   0.3680E+00   0.3702E+00   0.3720E+00   0.3736E+00   0.5742E+00   0.7420E+00   0.1547E+01   0.1553E+01   0.1559E+01   0.1565E+01   0.1571E+01   0.1576E+01   0.1581E+01   0.1585E+01   0.1590E+01   0.1594E+01   0.1598E+01   0.1602E+01   0.1605E+01   0.1609E+01   0.1612E+01   0.1616E+01   0.1619E+01   0.1622E+01   0.1625E+01   0.1628E+01   0.1631E+01   0.1633E+01   0.1636E+01   0.1639E+01   0.1641E+01   0.1644E+01   0.1646E+01   0.1648E+01   0.1651E+01   0.1653E+01   0.1655E+01   0.1657E+01   0.1659E+01   0.1661E+01
