0.6018E+05   0.1118E+01   -.9004E+01   -.9006E+01   -.9007E+01   -.9009E+01   -.9011E+01   -.9013E+01   -.9015E+01   -.9017E+01   -.9019E+01   -.9021E+01   -.9023E+01   -.9025E+01   -.9028E+01   -.9030E+01   -.9033E+01   -.9036E+01   -.9039E+01   -.9043E+01   -.9046E+01   -.9050E+01   -.9054E+01   -.9059E+01   -.9064E+01   -.9070E+01   -.9076E+01   -.9083E+01   -.9090E+01   -.9099E+01   -.9108E+01   -.9119E+01   -.9132E+01   -.9146E+01   -.9163E+01   -.9183E+01   -.9206E+01   -.9234E+01   -.9267E+01   -.9307E+01   -.9356E+01   -.9417E+01   -.9493E+01   -.9586E+01   -.9701E+01   -.9843E+01   -.1001E+02   -.1026E+02   -.1101E+02   -.2495E+02   -.7520E+01   -.8465E+01   -.9135E+01   -.9628E+01   -.9951E+01   -.1021E+02   -.1040E+02   -.1053E+02   -.1062E+02   -.1068E+02   -.1072E+02   -.1074E+02   -.1074E+02   -.1073E+02   -.1072E+02   -.1069E+02   0.1071E+01   -.3527E+00   -.3953E+00   -.3945E+00   -.3939E+00   -.3932E+00   -.3926E+00   -.3920E+00   -.3914E+00   -.3908E+00   -.3902E+00   -.3897E+00   -.3891E+00   -.3886E+00   -.3880E+00   -.3875E+00   -.3870E+00   -.3865E+00   -.3860E+00   -.3856E+00   -.3851E+00   -.3846E+00   -.3842E+00   -.3837E+00   -.3833E+00   -.3829E+00   -.3824E+00   -.3820E+00   -.3816E+00   -.3812E+00   -.3809E+00   -.3805E+00   -.3801E+00   -.3798E+00   -.3794E+00   -.3791E+00
0.6019E+05   0.1345E+01   -.9004E+01   -.9006E+01   -.9007E+01   -.9009E+01   -.9011E+01   -.9013E+01   -.9015E+01   -.9017E+01   -.9019E+01   -.9021E+01   -.9023E+01   -.9025E+01   -.9028E+01   -.9030E+01   -.9033E+01   -.9036E+01   -.9039E+01   -.9043E+01   -.9046E+01   -.9050E+01   -.9055E+01   -.9059E+01   -.9064E+01   -.9070E+01   -.9076E+01   -.9083E+01   -.9091E+01   -.9099E+01   -.9109E+01   -.9120E+01   -.9132E+01   -.9147E+01   -.9164E+01   -.9184E+01   -.9207E+01   -.9235E+01   -.9268E+01   -.9308E+01   -.9358E+01   -.9419E+01   -.9495E+01   -.9589E+01   -.9707E+01   -.9858E+01   -.1006E+02   -.1036E+02   -.1116E+02   -.1509E+02   -.6909E+01   -.9461E+01   -.9910E+01   -.1029E+02   -.1057E+02   -.1080E+02   -.1097E+02   -.1109E+02   -.1119E+02   -.1127E+02   -.1133E+02   -.1139E+02   -.1143E+02   -.1147E+02   -.1150E+02   -.1152E+02   0.1214E+01   -.3464E+00   -.3514E+00   -.3755E+00   -.3739E+00   -.3730E+00   -.3724E+00   -.3721E+00   -.3718E+00   -.3716E+00   -.3713E+00   -.3711E+00   -.3709E+00   -.3706E+00   -.3704E+00   -.3701E+00   -.3699E+00   -.3696E+00   -.3694E+00   -.3692E+00   -.3689E+00   -.3687E+00   -.3685E+00   -.3683E+00   -.3680E+00   -.3678E+00   -.3676E+00   -.3675E+00   -.3673E+00   -.3671E+00   -.3669E+00   -.3668E+00   -.3666E+00   -.3665E+00   -.3663E+00   -.3662E+00
0.6019E+05   0.1573E+01   -.9004E+01   -.9006E+01   -.9008E+01   -.9009E+01   -.9011E+01   -.9013E+01   -.9015E+01   -.9017E+01   -.9019E+01   -.9021E+01   -.9023E+01   -.9025E+01   -.9028E+01   -.9031E+01   -.9033E+01   -.9036E+01   -.9039E+01   -.9043E+01   -.9046E+01   -.9050E+01   -.9055E+01   -.9059E+01   -.9064E+01   -.9070E+01   -.9076E+01   -.9083E+01   -.9091E+01   -.9099E+01   -.9109E+01   -.9120E+01   -.9133E+01   -.9148E+01   -.9164E+01   -.9184E+01   -.9208E+01   -.9236E+01   -.9269E+01   -.9310E+01   -.9359E+01   -.9421E+01   -.9497E+01   -.9592E+01   -.9713E+01   -.9872E+01   -.1009E+02   -.1045E+02   -.1128E+02   -.1240E+02   -.9937E+01   -.1047E+02   -.1085E+02   -.1120E+02   -.1147E+02   -.1168E+02   -.1185E+02   -.1198E+02   -.1208E+02   -.1216E+02   -.1222E+02   -.1227E+02   -.1232E+02   -.1235E+02   -.1239E+02   -.1241E+02   0.1114E+01   -.5604E+00   -.6497E+00   -.6813E+00   -.6742E+00   -.6694E+00   -.6660E+00   -.6635E+00   -.6617E+00   -.6608E+00   -.6602E+00   -.6599E+00   -.6599E+00   -.6601E+00   -.6604E+00   -.6626E+00   -.6642E+00   -.6658E+00   -.6673E+00   -.6688E+00   -.6702E+00   -.6715E+00   -.6728E+00   -.6741E+00   -.6753E+00   -.6764E+00   -.6775E+00   -.6786E+00   -.6796E+00   -.6806E+00   -.6815E+00   -.6825E+00   -.6834E+00   -.6843E+00   -.6852E+00   -.6861E+00
0.6018E+05   0.1800E+01   -.9004E+01   -.9006E+01   -.9008E+01   -.9009E+01   -.9011E+01   -.9013E+01   -.9015E+01   -.9017E+01   -.9019E+01   -.9021E+01   -.9023E+01   -.9025E+01   -.9028E+01   -.9031E+01   -.9033E+01   -.9036E+01   -.9039E+01   -.9043E+01   -.9047E+01   -.9050E+01   -.9055E+01   -.9059E+01   -.9065E+01   -.9070E+01   -.9076E+01   -.9083E+01   -.9091E+01   -.9100E+01   -.9109E+01   -.9121E+01   -.9133E+01   -.9148E+01   -.9165E+01   -.9185E+01   -.9208E+01   -.9236E+01   -.9270E+01   -.9311E+01   -.9360E+01   -.9422E+01   -.9498E+01   -.9594E+01   -.9716E+01   -.9879E+01   -.1011E+02   -.1047E+02   -.1113E+02   -.1166E+02   -.1101E+02   -.1094E+02   -.1123E+02   -.1154E+02   -.1179E+02   -.1200E+02   -.1217E+02   -.1230E+02   -.1240E+02   -.1249E+02   -.1255E+02   -.1261E+02   -.1266E+02   -.1270E+02   -.1274E+02   -.1277E+02   0.9460E+00   -.5662E+00   -.9564E+00   -.9192E+00   -.8927E+00   -.8712E+00   -.8519E+00   -.8343E+00   -.8181E+00   -.8032E+00   -.7896E+00   -.7769E+00   -.7650E+00   -.7539E+00   -.7434E+00   -.7335E+00   -.7242E+00   -.7154E+00   -.7071E+00   -.6992E+00   -.6917E+00   -.6847E+00   -.6779E+00   -.6715E+00   -.6655E+00   -.6597E+00   -.6543E+00   -.6491E+00   -.6444E+00   -.6400E+00   -.6361E+00   -.6325E+00   -.6291E+00   -.6258E+00   -.6228E+00   -.6203E+00
0.6062E+05   0.1950E+01   -.9004E+01   -.9006E+01   -.9008E+01   -.9009E+01   -.9011E+01   -.9013E+01   -.9015E+01   -.9017E+01   -.9019E+01   -.9021E+01   -.9023E+01   -.9025E+01   -.9028E+01   -.9031E+01   -.9033E+01   -.9036E+01   -.9040E+01   -.9043E+01   -.9047E+01   -.9051E+01   -.9055E+01   -.9060E+01   -.9065E+01   -.9070E+01   -.9077E+01   -.9083E+01   -.9091E+01   -.9100E+01   -.9110E+01   -.9121E+01   -.9134E+01   -.9148E+01   -.9165E+01   -.9185E+01   -.9209E+01   -.9237E+01   -.9271E+01   -.9312E+01   -.9361E+01   -.9423E+01   -.9499E+01   -.9595E+01   -.9718E+01   -.9880E+01   -.1011E+02   -.1046E+02   -.1104E+02   -.1146E+02   -.1119E+02   -.1111E+02   -.1136E+02   -.1164E+02   -.1189E+02   -.1209E+02   -.1225E+02   -.1238E+02   -.1249E+02   -.1257E+02   -.1264E+02   -.1270E+02   -.1275E+02   -.1279E+02   -.1283E+02   -.1286E+02   0.1287E+01   -.2733E+00   -.1415E+01   -.1339E+01   -.1286E+01   -.1242E+01   -.1206E+01   -.1175E+01   -.1147E+01   -.1121E+01   -.1096E+01   -.1072E+01   -.1049E+01   -.1027E+01   -.1006E+01   -.9851E+00   -.9653E+00   -.9461E+00   -.9276E+00   -.9096E+00   -.8924E+00   -.8757E+00   -.8596E+00   -.8441E+00   -.8291E+00   -.8146E+00   -.8007E+00   -.7873E+00   -.7744E+00   -.7619E+00   -.7499E+00   -.7383E+00   -.7272E+00   -.7164E+00   -.7061E+00   -.6962E+00
0.6057E+05   0.2100E+01   -.9004E+01   -.9006E+01   -.9008E+01   -.9009E+01   -.9011E+01   -.9013E+01   -.9015E+01   -.9017E+01   -.9019E+01   -.9021E+01   -.9023E+01   -.9025E+01   -.9028E+01   -.9031E+01   -.9033E+01   -.9036E+01   -.9040E+01   -.9043E+01   -.9047E+01   -.9051E+01   -.9055E+01   -.9060E+01   -.9065E+01   -.9070E+01   -.9077E+01   -.9084E+01   -.9091E+01   -.9100E+01   -.9110E+01   -.9121E+01   -.9134E+01   -.9149E+01   -.9166E+01   -.9186E+01   -.9210E+01   -.9238E+01   -.9272E+01   -.9313E+01   -.9363E+01   -.9425E+01   -.9503E+01   -.9601E+01   -.9727E+01   -.9896E+01   -.1013E+02   -.1047E+02   -.1094E+02   -.1126E+02   -.1118E+02   -.1121E+02   -.1142E+02   -.1167E+02   -.1190E+02   -.1209E+02   -.1225E+02   -.1238E+02   -.1248E+02   -.1257E+02   -.1264E+02   -.1270E+02   -.1275E+02   -.1279E+02   -.1283E+02   -.1286E+02   0.7440E+00   -.6210E+00   -.1633E+01   -.1573E+01   -.1515E+01   -.1460E+01   -.1408E+01   -.1362E+01   -.1320E+01   -.1281E+01   -.1245E+01   -.1212E+01   -.1181E+01   -.1151E+01   -.1123E+01   -.1096E+01   -.1070E+01   -.1045E+01   -.1021E+01   -.9976E+00   -.9751E+00   -.9534E+00   -.9324E+00   -.9121E+00   -.8924E+00   -.8734E+00   -.8549E+00   -.8370E+00   -.8196E+00   -.8027E+00   -.7864E+00   -.7705E+00   -.7551E+00   -.7402E+00   -.7257E+00   -.7117E+00
0.6134E+05   0.2250E+01   -.9004E+01   -.9006E+01   -.9008E+01   -.9009E+01   -.9011E+01   -.9013E+01   -.9015E+01   -.9017E+01   -.9019E+01   -.9021E+01   -.9023E+01   -.9026E+01   -.9028E+01   -.9031E+01   -.9033E+01   -.9036E+01   -.9040E+01   -.9043E+01   -.9047E+01   -.9051E+01   -.9055E+01   -.9060E+01   -.9065E+01   -.9070E+01   -.9077E+01   -.9084E+01   -.9091E+01   -.9100E+01   -.9110E+01   -.9121E+01   -.9134E+01   -.9149E+01   -.9166E+01   -.9186E+01   -.9210E+01   -.9238E+01   -.9272E+01   -.9313E+01   -.9363E+01   -.9425E+01   -.9502E+01   -.9599E+01   -.9723E+01   -.9889E+01   -.1012E+02   -.1044E+02   -.1084E+02   -.1113E+02   -.1117E+02   -.1121E+02   -.1139E+02   -.1162E+02   -.1183E+02   -.1201E+02   -.1216E+02   -.1229E+02   -.1239E+02   -.1248E+02   -.1255E+02   -.1260E+02   -.1265E+02   -.1270E+02   -.1273E+02   -.1277E+02   0.5611E+00   -.7938E+00   -.2595E+01   -.2363E+01   -.2167E+01   -.2004E+01   -.1870E+01   -.1754E+01   -.1656E+01   -.1570E+01   -.1495E+01   -.1428E+01   -.1369E+01   -.1315E+01   -.1267E+01   -.1224E+01   -.1185E+01   -.1150E+01   -.1117E+01   -.1087E+01   -.1059E+01   -.1033E+01   -.1008E+01   -.9855E+00   -.9639E+00   -.9435E+00   -.9242E+00   -.9060E+00   -.8887E+00   -.8723E+00   -.8568E+00   -.8420E+00   -.8279E+00   -.8145E+00   -.8018E+00   -.7896E+00
0.6130E+05   0.2400E+01   -.9004E+01   -.9006E+01   -.9008E+01   -.9009E+01   -.9011E+01   -.9013E+01   -.9015E+01   -.9017E+01   -.9019E+01   -.9021E+01   -.9023E+01   -.9026E+01   -.9028E+01   -.9031E+01   -.9033E+01   -.9036E+01   -.9040E+01   -.9043E+01   -.9047E+01   -.9051E+01   -.9055E+01   -.9060E+01   -.9065E+01   -.9070E+01   -.9077E+01   -.9084E+01   -.9091E+01   -.9100E+01   -.9110E+01   -.9121E+01   -.9134E+01   -.9149E+01   -.9166E+01   -.9186E+01   -.9210E+01   -.9238E+01   -.9272E+01   -.9313E+01   -.9364E+01   -.9426E+01   -.9503E+01   -.9601E+01   -.9726E+01   -.9892E+01   -.1012E+02   -.1041E+02   -.1076E+02   -.1101E+02   -.1110E+02   -.1119E+02   -.1136E+02   -.1156E+02   -.1176E+02   -.1193E+02   -.1208E+02   -.1220E+02   -.1230E+02   -.1238E+02   -.1245E+02   -.1251E+02   -.1256E+02   -.1260E+02   -.1264E+02   -.1267E+02   -.2194E+02   -.6601E+00   -.2505E+01   -.2444E+01   -.2348E+01   -.2267E+01   -.2187E+01   -.2109E+01   -.2035E+01   -.1964E+01   -.1898E+01   -.1834E+01   -.1774E+01   -.1717E+01   -.1663E+01   -.1612E+01   -.1564E+01   -.1518E+01   -.1474E+01   -.1432E+01   -.1393E+01   -.1355E+01   -.1320E+01   -.1286E+01   -.1253E+01   -.1223E+01   -.1193E+01   -.1165E+01   -.1138E+01   -.1112E+01   -.1087E+01   -.1064E+01   -.1041E+01   -.1019E+01   -.9979E+00   -.9778E+00
0.6160E+05   0.2550E+01   -.9004E+01   -.9006E+01   -.9008E+01   -.9009E+01   -.9011E+01   -.9013E+01   -.9015E+01   -.9017E+01   -.9019E+01   -.9021E+01   -.9023E+01   -.9026E+01   -.9028E+01   -.9031E+01   -.9033E+01   -.9036E+01   -.9040E+01   -.9043E+01   -.9047E+01   -.9051E+01   -.9055E+01   -.9060E+01   -.9065E+01   -.9071E+01   -.9077E+01   -.9084E+01   -.9091E+01   -.9100E+01   -.9110E+01   -.9121E+01   -.9134E+01   -.9149E+01   -.9166E+01   -.9186E+01   -.9210E+01   -.9238E+01   -.9272E+01   -.9313E+01   -.9363E+01   -.9425E+01   -.9501E+01   -.9598E+01   -.9723E+01   -.9887E+01   -.1011E+02   -.1039E+02   -.1070E+02   -.1094E+02   -.1106E+02   -.1116E+02   -.1132E+02   -.1151E+02   -.1169E+02   -.1185E+02   -.1200E+02   -.1211E+02   -.1221E+02   -.1230E+02   -.1236E+02   -.1242E+02   -.1247E+02   -.1251E+02   -.1255E+02   -.1258E+02   -.1666E+02   -.2056E+01   -.2022E+01   -.1967E+01   -.1930E+01   -.1888E+01   -.1843E+01   -.1797E+01   -.1750E+01   -.1706E+01   -.1663E+01   -.1622E+01   -.1583E+01   -.1545E+01   -.1509E+01   -.1475E+01   -.1442E+01   -.1410E+01   -.1379E+01   -.1350E+01   -.1323E+01   -.1296E+01   -.1270E+01   -.1245E+01   -.1221E+01   -.1198E+01   -.1175E+01   -.1154E+01   -.1133E+01   -.1112E+01   -.1093E+01   -.1074E+01   -.1055E+01   -.1037E+01   -.1020E+01   -.1003E+01
0.6143E+05   0.2700E+01   -.9004E+01   -.9006E+01   -.9008E+01   -.9009E+01   -.9011E+01   -.9013E+01   -.9015E+01   -.9017E+01   -.9019E+01   -.9021E+01   -.9023E+01   -.9026E+01   -.9028E+01   -.9031E+01   -.9033E+01   -.9036E+01   -.9040E+01   -.9043E+01   -.9047E+01   -.9051E+01   -.9055E+01   -.9060E+01   -.9065E+01   -.9071E+01   -.9077E+01   -.9084E+01   -.9092E+01   -.9100E+01   -.9110E+01   -.9121E+01   -.9134E+01   -.9149E+01   -.9166E+01   -.9187E+01   -.9210E+01   -.9239E+01   -.9273E+01   -.9314E+01   -.9364E+01   -.9426E+01   -.9503E+01   -.9600E+01   -.9725E+01   -.9889E+01   -.1011E+02   -.1037E+02   -.1066E+02   -.1090E+02   -.1103E+02   -.1115E+02   -.1130E+02   -.1148E+02   -.1166E+02   -.1182E+02   -.1196E+02   -.1208E+02   -.1217E+02   -.1226E+02   -.1232E+02   -.1238E+02   -.1243E+02   -.1247E+02   -.1251E+02   -.1254E+02   -.1468E+02   -.2515E+02   -.2417E+01   -.2086E+01   -.1929E+01   -.1870E+01   -.1815E+01   -.1763E+01   -.1714E+01   -.1669E+01   -.1626E+01   -.1585E+01   -.1547E+01   -.1510E+01   -.1475E+01   -.1441E+01   -.1409E+01   -.1379E+01   -.1349E+01   -.1320E+01   -.1293E+01   -.1266E+01   -.1241E+01   -.1216E+01   -.1192E+01   -.1169E+01   -.1147E+01   -.1125E+01   -.1105E+01   -.1084E+01   -.1065E+01   -.1046E+01   -.1028E+01   -.1010E+01   -.9930E+00   -.9765E+00
0.6150E+05   0.2850E+01   -.9004E+01   -.9006E+01   -.9008E+01   -.9009E+01   -.9011E+01   -.9013E+01   -.9015E+01   -.9017E+01   -.9019E+01   -.9021E+01   -.9023E+01   -.9026E+01   -.9028E+01   -.9031E+01   -.9033E+01   -.9036E+01   -.9040E+01   -.9043E+01   -.9047E+01   -.9051E+01   -.9055E+01   -.9060E+01   -.9065E+01   -.9071E+01   -.9077E+01   -.9084E+01   -.9092E+01   -.9100E+01   -.9110E+01   -.9122E+01   -.9134E+01   -.9149E+01   -.9167E+01   -.9187E+01   -.9210E+01   -.9239E+01   -.9273E+01   -.9314E+01   -.9364E+01   -.9426E+01   -.9503E+01   -.9600E+01   -.9725E+01   -.9889E+01   -.1011E+02   -.1037E+02   -.1064E+02   -.1087E+02   -.1103E+02   -.1116E+02   -.1131E+02   -.1148E+02   -.1165E+02   -.1181E+02   -.1195E+02   -.1206E+02   -.1216E+02   -.1224E+02   -.1231E+02   -.1237E+02   -.1242E+02   -.1246E+02   -.1249E+02   -.1253E+02   -.1423E+02   -.1591E+02   -.2203E+01   -.2182E+01   -.2109E+01   -.2043E+01   -.1980E+01   -.1921E+01   -.1865E+01   -.1813E+01   -.1765E+01   -.1719E+01   -.1675E+01   -.1634E+01   -.1594E+01   -.1556E+01   -.1520E+01   -.1485E+01   -.1452E+01   -.1420E+01   -.1389E+01   -.1359E+01   -.1330E+01   -.1302E+01   -.1275E+01   -.1249E+01   -.1224E+01   -.1200E+01   -.1176E+01   -.1154E+01   -.1132E+01   -.1110E+01   -.1090E+01   -.1070E+01   -.1050E+01   -.1031E+01
0.6148E+05   0.3000E+01   -.9004E+01   -.9006E+01   -.9008E+01   -.9009E+01   -.9011E+01   -.9013E+01   -.9015E+01   -.9017E+01   -.9019E+01   -.9021E+01   -.9023E+01   -.9026E+01   -.9028E+01   -.9031E+01   -.9033E+01   -.9036E+01   -.9040E+01   -.9043E+01   -.9047E+01   -.9051E+01   -.9055E+01   -.9060E+01   -.9065E+01   -.9071E+01   -.9077E+01   -.9084E+01   -.9092E+01   -.9100E+01   -.9110E+01   -.9122E+01   -.9134E+01   -.9149E+01   -.9167E+01   -.9187E+01   -.9211E+01   -.9239E+01   -.9273E+01   -.9314E+01   -.9365E+01   -.9427E+01   -.9504E+01   -.9602E+01   -.9727E+01   -.9890E+01   -.1010E+02   -.1036E+02   -.1063E+02   -.1086E+02   -.1101E+02   -.1113E+02   -.1128E+02   -.1146E+02   -.1163E+02   -.1179E+02   -.1192E+02   -.1204E+02   -.1214E+02   -.1222E+02   -.1228E+02   -.1234E+02   -.1239E+02   -.1243E+02   -.1247E+02   -.1250E+02   -.1415E+02   -.1585E+02   -.2217E+01   -.2104E+01   -.2037E+01   -.1973E+01   -.1914E+01   -.1858E+01   -.1804E+01   -.1752E+01   -.1703E+01   -.1656E+01   -.1611E+01   -.1568E+01   -.1527E+01   -.1488E+01   -.1451E+01   -.1415E+01   -.1381E+01   -.1348E+01   -.1316E+01   -.1286E+01   -.1257E+01   -.1229E+01   -.1201E+01   -.1175E+01   -.1150E+01   -.1125E+01   -.1102E+01   -.1079E+01   -.1058E+01   -.1036E+01   -.1016E+01   -.9965E+00   -.9775E+00   -.9591E+00
