0.7896E+05   0.1118E+01   0.4008E-04   0.4190E-04   0.4468E-04   0.4737E-04   0.5006E-04   0.5283E-04   0.5574E-04   0.5884E-04   0.6217E-04   0.6578E-04   0.6973E-04   0.7406E-04   0.7882E-04   0.8408E-04   0.8989E-04   0.9632E-04   0.1034E-03   0.1113E-03   0.1200E-03   0.1296E-03   0.1403E-03   0.1520E-03   0.1650E-03   0.1794E-03   0.1954E-03   0.2130E-03   0.2326E-03   0.2542E-03   0.2782E-03   0.3049E-03   0.3346E-03   0.3677E-03   0.4046E-03   0.4459E-03   0.4922E-03   0.5442E-03   0.6029E-03   0.6692E-03   0.7444E-03   0.8301E-03   0.9281E-03   0.1041E-02   0.1171E-02   0.1322E-02   0.1499E-02   0.1706E-02   0.1953E-02   0.2247E-02   0.2602E-02   0.3035E-02   0.3570E-02   0.4239E-02   0.5090E-02   0.6189E-02   0.7637E-02   0.9581E-02   0.1223E-01   0.1596E-01   0.2116E-01   0.2806E-01   0.3627E-01   0.4385E-01   0.4462E-01   0.1806E+00   0.2201E+00   0.2512E+00   0.2768E+00   0.2989E+00   0.3188E+00   0.3368E+00   0.3531E+00   0.3681E+00   0.3819E+00   0.3947E+00   0.4066E+00   0.4178E+00   0.4282E+00   0.4381E+00   0.4474E+00   0.4562E+00   0.4645E+00   0.4723E+00   0.4798E+00   0.4869E+00   0.4936E+00   0.5001E+00   0.5062E+00   0.5120E+00   0.5176E+00   0.5229E+00   0.5280E+00   0.5329E+00   0.5375E+00   0.5420E+00   0.5462E+00   0.5503E+00   0.5542E+00   0.5580E+00   0.5616E+00   0.5650E+00   0.5683E+00   0.5715E+00   0.5745E+00   0.5774E+00   0.5802E+00   0.5829E+00   0.5855E+00   0.5880E+00   0.5904E+00   0.5927E+00   0.5949E+00   0.5970E+00   0.5991E+00   0.6011E+00   0.6030E+00   0.6048E+00   0.6065E+00   0.6082E+00   0.6099E+00   0.6114E+00   0.6129E+00   0.6144E+00   0.6158E+00   0.6171E+00   0.6184E+00   0.6197E+00   0.6209E+00   0.6220E+00
0.7896E+05   0.1370E+01   0.3929E-04   0.4110E-04   0.4387E-04   0.4654E-04   0.4922E-04   0.5198E-04   0.5488E-04   0.5796E-04   0.6128E-04   0.6488E-04   0.6881E-04   0.7313E-04   0.7788E-04   0.8313E-04   0.8893E-04   0.9534E-04   0.1024E-03   0.1103E-03   0.1190E-03   0.1286E-03   0.1392E-03   0.1510E-03   0.1640E-03   0.1784E-03   0.1944E-03   0.2120E-03   0.2316E-03   0.2533E-03   0.2774E-03   0.3041E-03   0.3339E-03   0.3670E-03   0.4040E-03   0.4455E-03   0.4919E-03   0.5441E-03   0.6030E-03   0.6696E-03   0.7453E-03   0.8314E-03   0.9300E-03   0.1043E-02   0.1174E-02   0.1326E-02   0.1504E-02   0.1713E-02   0.1961E-02   0.2257E-02   0.2613E-02   0.3047E-02   0.3581E-02   0.4246E-02   0.5087E-02   0.6166E-02   0.7571E-02   0.9431E-02   0.1193E-01   0.1534E-01   0.1998E-01   0.2594E-01   0.3280E-01   0.3913E-01   0.5125E-01   0.1222E+00   0.1482E+00   0.1664E+00   0.1799E+00   0.1911E+00   0.2010E+00   0.2098E+00   0.2177E+00   0.2249E+00   0.2316E+00   0.2377E+00   0.2434E+00   0.2488E+00   0.2537E+00   0.2584E+00   0.2628E+00   0.2670E+00   0.2709E+00   0.2747E+00   0.2782E+00   0.2816E+00   0.2847E+00   0.2878E+00   0.2906E+00   0.2934E+00   0.2960E+00   0.2984E+00   0.3008E+00   0.3031E+00   0.3052E+00   0.3073E+00   0.3092E+00   0.3111E+00   0.3129E+00   0.3146E+00   0.3162E+00   0.3178E+00   0.3193E+00   0.3207E+00   0.3221E+00   0.3234E+00   0.3247E+00   0.3259E+00   0.3270E+00   0.3281E+00   0.3292E+00   0.3302E+00   0.3312E+00   0.3321E+00   0.3330E+00   0.3339E+00   0.3347E+00   0.3355E+00   0.3363E+00   0.3370E+00   0.3377E+00   0.3384E+00   0.3390E+00   0.3397E+00   0.3403E+00   0.3408E+00   0.3414E+00   0.3419E+00   0.3424E+00   0.3429E+00
0.7896E+05   0.1623E+01   0.3968E-04   0.4147E-04   0.4423E-04   0.4689E-04   0.4956E-04   0.5231E-04   0.5519E-04   0.5827E-04   0.6157E-04   0.6516E-04   0.6908E-04   0.7339E-04   0.7813E-04   0.8337E-04   0.8916E-04   0.9556E-04   0.1027E-03   0.1105E-03   0.1192E-03   0.1288E-03   0.1394E-03   0.1512E-03   0.1642E-03   0.1786E-03   0.1946E-03   0.2123E-03   0.2318E-03   0.2535E-03   0.2777E-03   0.3044E-03   0.3343E-03   0.3675E-03   0.4046E-03   0.4461E-03   0.4927E-03   0.5452E-03   0.6043E-03   0.6712E-03   0.7471E-03   0.8337E-03   0.9328E-03   0.1047E-02   0.1178E-02   0.1331E-02   0.1510E-02   0.1720E-02   0.1969E-02   0.2266E-02   0.2623E-02   0.3057E-02   0.3589E-02   0.4249E-02   0.5078E-02   0.6132E-02   0.7490E-02   0.9262E-02   0.1159E-01   0.1470E-01   0.1883E-01   0.2395E-01   0.2972E-01   0.3566E-01   0.4993E-01   0.8746E-01   0.1099E+00   0.1236E+00   0.1329E+00   0.1399E+00   0.1456E+00   0.1505E+00   0.1548E+00   0.1586E+00   0.1621E+00   0.1653E+00   0.1683E+00   0.1710E+00   0.1736E+00   0.1760E+00   0.1783E+00   0.1804E+00   0.1824E+00   0.1843E+00   0.1861E+00   0.1878E+00   0.1894E+00   0.1909E+00   0.1924E+00   0.1937E+00   0.1951E+00   0.1963E+00   0.1975E+00   0.1986E+00   0.1997E+00   0.2007E+00   0.2017E+00   0.2027E+00   0.2035E+00   0.2044E+00   0.2052E+00   0.2060E+00   0.2067E+00   0.2074E+00   0.2081E+00   0.2088E+00   0.2094E+00   0.2100E+00   0.2106E+00   0.2111E+00   0.2117E+00   0.2122E+00   0.2127E+00   0.2131E+00   0.2136E+00   0.2140E+00   0.2144E+00   0.2148E+00   0.2152E+00   0.2155E+00   0.2159E+00   0.2162E+00   0.2165E+00   0.2168E+00   0.2171E+00   0.2174E+00   0.2177E+00   0.2179E+00   0.2182E+00   0.2184E+00
0.7896E+05   0.1875E+01   0.3974E-04   0.4152E-04   0.4427E-04   0.4693E-04   0.4959E-04   0.5232E-04   0.5520E-04   0.5826E-04   0.6156E-04   0.6513E-04   0.6904E-04   0.7334E-04   0.7807E-04   0.8330E-04   0.8908E-04   0.9548E-04   0.1026E-03   0.1104E-03   0.1191E-03   0.1287E-03   0.1393E-03   0.1511E-03   0.1641E-03   0.1785E-03   0.1945E-03   0.2122E-03   0.2318E-03   0.2535E-03   0.2776E-03   0.3045E-03   0.3343E-03   0.3676E-03   0.4048E-03   0.4465E-03   0.4932E-03   0.5458E-03   0.6051E-03   0.6723E-03   0.7485E-03   0.8355E-03   0.9350E-03   0.1050E-02   0.1182E-02   0.1336E-02   0.1515E-02   0.1726E-02   0.1976E-02   0.2273E-02   0.2631E-02   0.3064E-02   0.3593E-02   0.4247E-02   0.5062E-02   0.6090E-02   0.7401E-02   0.9085E-02   0.1126E-01   0.1409E-01   0.1778E-01   0.2223E-01   0.2728E-01   0.3336E-01   0.4607E-01   0.6954E-01   0.9027E-01   0.1029E+00   0.1113E+00   0.1175E+00   0.1225E+00   0.1266E+00   0.1301E+00   0.1331E+00   0.1358E+00   0.1382E+00   0.1403E+00   0.1423E+00   0.1441E+00   0.1458E+00   0.1473E+00   0.1487E+00   0.1500E+00   0.1512E+00   0.1524E+00   0.1535E+00   0.1545E+00   0.1554E+00   0.1563E+00   0.1572E+00   0.1580E+00   0.1587E+00   0.1594E+00   0.1601E+00   0.1608E+00   0.1614E+00   0.1620E+00   0.1625E+00   0.1631E+00   0.1636E+00   0.1641E+00   0.1645E+00   0.1650E+00   0.1654E+00   0.1659E+00   0.1663E+00   0.1666E+00   0.1670E+00   0.1674E+00   0.1677E+00   0.1680E+00   0.1683E+00   0.1686E+00   0.1689E+00   0.1692E+00   0.1695E+00   0.1697E+00   0.1700E+00   0.1702E+00   0.1704E+00   0.1707E+00   0.1709E+00   0.1711E+00   0.1713E+00   0.1714E+00   0.1716E+00   0.1718E+00   0.1720E+00   0.1721E+00   0.1723E+00
0.7933E+05   0.2062E+01   0.3977E-04   0.4155E-04   0.4429E-04   0.4694E-04   0.4959E-04   0.5232E-04   0.5519E-04   0.5825E-04   0.6154E-04   0.6511E-04   0.6901E-04   0.7330E-04   0.7803E-04   0.8325E-04   0.8902E-04   0.9541E-04   0.1025E-03   0.1103E-03   0.1190E-03   0.1286E-03   0.1392E-03   0.1510E-03   0.1640E-03   0.1784E-03   0.1944E-03   0.2121E-03   0.2317E-03   0.2535E-03   0.2776E-03   0.3045E-03   0.3344E-03   0.3677E-03   0.4050E-03   0.4467E-03   0.4935E-03   0.5462E-03   0.6057E-03   0.6730E-03   0.7494E-03   0.8366E-03   0.9365E-03   0.1051E-02   0.1184E-02   0.1338E-02   0.1518E-02   0.1730E-02   0.1980E-02   0.2278E-02   0.2636E-02   0.3068E-02   0.3595E-02   0.4243E-02   0.5048E-02   0.6057E-02   0.7333E-02   0.8955E-02   0.1103E-01   0.1367E-01   0.1709E-01   0.2116E-01   0.2588E-01   0.3202E-01   0.4352E-01   0.6219E-01   0.7975E-01   0.9140E-01   0.9936E-01   0.1052E+00   0.1099E+00   0.1137E+00   0.1169E+00   0.1196E+00   0.1220E+00   0.1241E+00   0.1261E+00   0.1278E+00   0.1294E+00   0.1308E+00   0.1322E+00   0.1334E+00   0.1346E+00   0.1356E+00   0.1366E+00   0.1376E+00   0.1385E+00   0.1393E+00   0.1401E+00   0.1408E+00   0.1416E+00   0.1422E+00   0.1429E+00   0.1435E+00   0.1440E+00   0.1446E+00   0.1451E+00   0.1456E+00   0.1461E+00   0.1465E+00   0.1470E+00   0.1474E+00   0.1478E+00   0.1482E+00   0.1485E+00   0.1489E+00   0.1492E+00   0.1495E+00   0.1498E+00   0.1501E+00   0.1504E+00   0.1507E+00   0.1509E+00   0.1512E+00   0.1514E+00   0.1516E+00   0.1519E+00   0.1521E+00   0.1523E+00   0.1525E+00   0.1526E+00   0.1528E+00   0.1530E+00   0.1531E+00   0.1533E+00   0.1535E+00   0.1536E+00   0.1537E+00   0.1539E+00   0.1540E+00
0.7929E+05   0.2250E+01   0.3981E-04   0.4158E-04   0.4432E-04   0.4696E-04   0.4961E-04   0.5234E-04   0.5520E-04   0.5825E-04   0.6153E-04   0.6509E-04   0.6899E-04   0.7328E-04   0.7800E-04   0.8321E-04   0.8898E-04   0.9537E-04   0.1024E-03   0.1103E-03   0.1189E-03   0.1285E-03   0.1392E-03   0.1509E-03   0.1640E-03   0.1784E-03   0.1944E-03   0.2121E-03   0.2317E-03   0.2534E-03   0.2776E-03   0.3045E-03   0.3344E-03   0.3678E-03   0.4051E-03   0.4469E-03   0.4938E-03   0.5466E-03   0.6062E-03   0.6736E-03   0.7503E-03   0.8377E-03   0.9378E-03   0.1053E-02   0.1186E-02   0.1341E-02   0.1521E-02   0.1733E-02   0.1984E-02   0.2282E-02   0.2639E-02   0.3071E-02   0.3595E-02   0.4238E-02   0.5033E-02   0.6024E-02   0.7266E-02   0.8832E-02   0.1081E-01   0.1330E-01   0.1649E-01   0.2027E-01   0.2477E-01   0.3086E-01   0.4117E-01   0.5640E-01   0.7129E-01   0.8201E-01   0.8954E-01   0.9513E-01   0.9954E-01   0.1031E+00   0.1061E+00   0.1086E+00   0.1108E+00   0.1128E+00   0.1145E+00   0.1161E+00   0.1175E+00   0.1188E+00   0.1200E+00   0.1211E+00   0.1221E+00   0.1230E+00   0.1239E+00   0.1247E+00   0.1255E+00   0.1262E+00   0.1269E+00   0.1276E+00   0.1282E+00   0.1288E+00   0.1293E+00   0.1299E+00   0.1303E+00   0.1308E+00   0.1313E+00   0.1317E+00   0.1321E+00   0.1325E+00   0.1329E+00   0.1332E+00   0.1336E+00   0.1339E+00   0.1342E+00   0.1345E+00   0.1348E+00   0.1350E+00   0.1353E+00   0.1355E+00   0.1358E+00   0.1360E+00   0.1362E+00   0.1364E+00   0.1366E+00   0.1368E+00   0.1370E+00   0.1372E+00   0.1373E+00   0.1375E+00   0.1377E+00   0.1378E+00   0.1379E+00   0.1381E+00   0.1382E+00   0.1383E+00   0.1385E+00   0.1386E+00   0.1387E+00   0.1388E+00
0.7960E+05   0.2437E+01   0.3984E-04   0.4161E-04   0.4434E-04   0.4698E-04   0.4962E-04   0.5234E-04   0.5520E-04   0.5824E-04   0.6152E-04   0.6508E-04   0.6897E-04   0.7325E-04   0.7796E-04   0.8317E-04   0.8894E-04   0.9532E-04   0.1024E-03   0.1102E-03   0.1189E-03   0.1285E-03   0.1391E-03   0.1509E-03   0.1639E-03   0.1783E-03   0.1943E-03   0.2120E-03   0.2316E-03   0.2534E-03   0.2776E-03   0.3045E-03   0.3345E-03   0.3679E-03   0.4053E-03   0.4471E-03   0.4941E-03   0.5469E-03   0.6066E-03   0.6742E-03   0.7510E-03   0.8386E-03   0.9389E-03   0.1054E-02   0.1188E-02   0.1343E-02   0.1524E-02   0.1736E-02   0.1987E-02   0.2285E-02   0.2642E-02   0.3073E-02   0.3595E-02   0.4233E-02   0.5018E-02   0.5991E-02   0.7203E-02   0.8717E-02   0.1061E-01   0.1297E-01   0.1599E-01   0.1955E-01   0.2389E-01   0.2983E-01   0.3909E-01   0.5182E-01   0.6456E-01   0.7438E-01   0.8152E-01   0.8689E-01   0.9113E-01   0.9457E-01   0.9740E-01   0.9978E-01   0.1018E+00   0.1036E+00   0.1052E+00   0.1066E+00   0.1079E+00   0.1091E+00   0.1102E+00   0.1112E+00   0.1121E+00   0.1129E+00   0.1137E+00   0.1144E+00   0.1151E+00   0.1158E+00   0.1164E+00   0.1170E+00   0.1175E+00   0.1180E+00   0.1185E+00   0.1189E+00   0.1194E+00   0.1198E+00   0.1202E+00   0.1206E+00   0.1209E+00   0.1212E+00   0.1216E+00   0.1219E+00   0.1222E+00   0.1224E+00   0.1227E+00   0.1230E+00   0.1232E+00   0.1234E+00   0.1237E+00   0.1239E+00   0.1241E+00   0.1243E+00   0.1245E+00   0.1247E+00   0.1248E+00   0.1250E+00   0.1251E+00   0.1253E+00   0.1254E+00   0.1256E+00   0.1257E+00   0.1258E+00   0.1260E+00   0.1261E+00   0.1262E+00   0.1263E+00   0.1264E+00   0.1265E+00   0.1266E+00   0.1267E+00
0.7957E+05   0.2625E+01   0.3988E-04   0.4163E-04   0.4437E-04   0.4700E-04   0.4964E-04   0.5235E-04   0.5520E-04   0.5824E-04   0.6152E-04   0.6507E-04   0.6896E-04   0.7323E-04   0.7794E-04   0.8315E-04   0.8891E-04   0.9529E-04   0.1024E-03   0.1102E-03   0.1188E-03   0.1284E-03   0.1391E-03   0.1508E-03   0.1639E-03   0.1783E-03   0.1943E-03   0.2120E-03   0.2316E-03   0.2534E-03   0.2776E-03   0.3045E-03   0.3345E-03   0.3680E-03   0.4054E-03   0.4472E-03   0.4943E-03   0.5472E-03   0.6070E-03   0.6747E-03   0.7516E-03   0.8394E-03   0.9399E-03   0.1056E-02   0.1189E-02   0.1344E-02   0.1526E-02   0.1739E-02   0.1990E-02   0.2288E-02   0.2645E-02   0.3074E-02   0.3594E-02   0.4227E-02   0.5003E-02   0.5961E-02   0.7145E-02   0.8615E-02   0.1044E-01   0.1269E-01   0.1557E-01   0.1898E-01   0.2320E-01   0.2894E-01   0.3731E-01   0.4820E-01   0.5925E-01   0.6826E-01   0.7504E-01   0.8023E-01   0.8434E-01   0.8767E-01   0.9039E-01   0.9266E-01   0.9461E-01   0.9630E-01   0.9778E-01   0.9911E-01   0.1003E+00   0.1014E+00   0.1024E+00   0.1033E+00   0.1041E+00   0.1049E+00   0.1056E+00   0.1063E+00   0.1069E+00   0.1075E+00   0.1080E+00   0.1086E+00   0.1091E+00   0.1095E+00   0.1099E+00   0.1104E+00   0.1107E+00   0.1111E+00   0.1115E+00   0.1118E+00   0.1121E+00   0.1124E+00   0.1127E+00   0.1130E+00   0.1132E+00   0.1135E+00   0.1137E+00   0.1140E+00   0.1142E+00   0.1144E+00   0.1146E+00   0.1148E+00   0.1150E+00   0.1151E+00   0.1153E+00   0.1155E+00   0.1156E+00   0.1158E+00   0.1159E+00   0.1160E+00   0.1162E+00   0.1163E+00   0.1164E+00   0.1165E+00   0.1166E+00   0.1167E+00   0.1168E+00   0.1169E+00   0.1170E+00   0.1171E+00   0.1172E+00   0.1173E+00
0.8012E+05   0.2812E+01   0.3989E-04   0.4165E-04   0.4438E-04   0.4701E-04   0.4964E-04   0.5235E-04   0.5520E-04   0.5823E-04   0.6150E-04   0.6505E-04   0.6894E-04   0.7321E-04   0.7791E-04   0.8312E-04   0.8887E-04   0.9525E-04   0.1023E-03   0.1101E-03   0.1188E-03   0.1284E-03   0.1390E-03   0.1508E-03   0.1638E-03   0.1782E-03   0.1942E-03   0.2119E-03   0.2316E-03   0.2534E-03   0.2776E-03   0.3045E-03   0.3345E-03   0.3680E-03   0.4055E-03   0.4474E-03   0.4945E-03   0.5475E-03   0.6073E-03   0.6751E-03   0.7522E-03   0.8401E-03   0.9408E-03   0.1057E-02   0.1191E-02   0.1346E-02   0.1528E-02   0.1741E-02   0.1992E-02   0.2290E-02   0.2647E-02   0.3075E-02   0.3592E-02   0.4221E-02   0.4990E-02   0.5933E-02   0.7094E-02   0.8525E-02   0.1029E-01   0.1246E-01   0.1523E-01   0.1852E-01   0.2264E-01   0.2817E-01   0.3583E-01   0.4537E-01   0.5512E-01   0.6342E-01   0.6988E-01   0.7491E-01   0.7893E-01   0.8217E-01   0.8482E-01   0.8702E-01   0.8889E-01   0.9050E-01   0.9192E-01   0.9317E-01   0.9430E-01   0.9532E-01   0.9625E-01   0.9710E-01   0.9788E-01   0.9860E-01   0.9927E-01   0.9990E-01   0.1005E+00   0.1010E+00   0.1015E+00   0.1020E+00   0.1025E+00   0.1029E+00   0.1033E+00   0.1037E+00   0.1040E+00   0.1044E+00   0.1047E+00   0.1050E+00   0.1053E+00   0.1056E+00   0.1058E+00   0.1061E+00   0.1063E+00   0.1065E+00   0.1068E+00   0.1070E+00   0.1072E+00   0.1074E+00   0.1075E+00   0.1077E+00   0.1079E+00   0.1080E+00   0.1082E+00   0.1083E+00   0.1085E+00   0.1086E+00   0.1087E+00   0.1089E+00   0.1090E+00   0.1091E+00   0.1092E+00   0.1093E+00   0.1094E+00   0.1095E+00   0.1096E+00   0.1097E+00   0.1097E+00   0.1098E+00   0.1099E+00   0.1100E+00
0.8009E+05   0.3000E+01   0.3991E-04   0.4166E-04   0.4439E-04   0.4701E-04   0.4965E-04   0.5235E-04   0.5520E-04   0.5823E-04   0.6150E-04   0.6504E-04   0.6892E-04   0.7319E-04   0.7790E-04   0.8309E-04   0.8885E-04   0.9522E-04   0.1023E-03   0.1101E-03   0.1188E-03   0.1284E-03   0.1390E-03   0.1507E-03   0.1638E-03   0.1782E-03   0.1942E-03   0.2119E-03   0.2316E-03   0.2534E-03   0.2776E-03   0.3045E-03   0.3346E-03   0.3681E-03   0.4055E-03   0.4475E-03   0.4946E-03   0.5477E-03   0.6076E-03   0.6754E-03   0.7526E-03   0.8406E-03   0.9415E-03   0.1057E-02   0.1192E-02   0.1347E-02   0.1529E-02   0.1742E-02   0.1994E-02   0.2292E-02   0.2648E-02   0.3075E-02   0.3591E-02   0.4216E-02   0.4978E-02   0.5909E-02   0.7051E-02   0.8451E-02   0.1017E-01   0.1228E-01   0.1497E-01   0.1817E-01   0.2221E-01   0.2755E-01   0.3463E-01   0.4318E-01   0.5197E-01   0.5968E-01   0.6587E-01   0.7077E-01   0.7471E-01   0.7790E-01   0.8050E-01   0.8265E-01   0.8447E-01   0.8603E-01   0.8739E-01   0.8860E-01   0.8968E-01   0.9065E-01   0.9153E-01   0.9234E-01   0.9308E-01   0.9377E-01   0.9441E-01   0.9500E-01   0.9555E-01   0.9606E-01   0.9654E-01   0.9699E-01   0.9742E-01   0.9781E-01   0.9819E-01   0.9855E-01   0.9889E-01   0.9921E-01   0.9951E-01   0.9980E-01   0.1001E+00   0.1003E+00   0.1006E+00   0.1008E+00   0.1010E+00   0.1012E+00   0.1015E+00   0.1016E+00   0.1018E+00   0.1020E+00   0.1022E+00   0.1023E+00   0.1025E+00   0.1026E+00   0.1028E+00   0.1029E+00   0.1030E+00   0.1032E+00   0.1033E+00   0.1034E+00   0.1035E+00   0.1036E+00   0.1037E+00   0.1038E+00   0.1039E+00   0.1040E+00   0.1041E+00   0.1041E+00   0.1042E+00   0.1043E+00   0.1044E+00   0.1044E+00
0.8037E+05   0.3187E+01   0.3992E-04   0.4167E-04   0.4439E-04   0.4702E-04   0.4965E-04   0.5235E-04   0.5519E-04   0.5822E-04   0.6149E-04   0.6503E-04   0.6891E-04   0.7317E-04   0.7788E-04   0.8307E-04   0.8882E-04   0.9519E-04   0.1023E-03   0.1101E-03   0.1187E-03   0.1283E-03   0.1389E-03   0.1507E-03   0.1637E-03   0.1782E-03   0.1942E-03   0.2119E-03   0.2315E-03   0.2533E-03   0.2776E-03   0.3045E-03   0.3346E-03   0.3681E-03   0.4056E-03   0.4476E-03   0.4947E-03   0.5478E-03   0.6078E-03   0.6757E-03   0.7529E-03   0.8410E-03   0.9420E-03   0.1058E-02   0.1192E-02   0.1348E-02   0.1530E-02   0.1743E-02   0.1995E-02   0.2293E-02   0.2649E-02   0.3076E-02   0.3590E-02   0.4212E-02   0.4968E-02   0.5890E-02   0.7016E-02   0.8393E-02   0.1008E-01   0.1214E-01   0.1477E-01   0.1792E-01   0.2188E-01   0.2706E-01   0.3371E-01   0.4156E-01   0.4965E-01   0.5691E-01   0.6288E-01   0.6768E-01   0.7156E-01   0.7471E-01   0.7728E-01   0.7939E-01   0.8117E-01   0.8270E-01   0.8403E-01   0.8520E-01   0.8624E-01   0.8719E-01   0.8804E-01   0.8882E-01   0.8954E-01   0.9020E-01   0.9081E-01   0.9137E-01   0.9190E-01   0.9239E-01   0.9285E-01   0.9329E-01   0.9369E-01   0.9407E-01   0.9444E-01   0.9478E-01   0.9510E-01   0.9540E-01   0.9569E-01   0.9597E-01   0.9623E-01   0.9647E-01   0.9671E-01   0.9693E-01   0.9715E-01   0.9735E-01   0.9754E-01   0.9773E-01   0.9790E-01   0.9807E-01   0.9823E-01   0.9839E-01   0.9853E-01   0.9867E-01   0.9881E-01   0.9893E-01   0.9906E-01   0.9917E-01   0.9928E-01   0.9939E-01   0.9949E-01   0.9959E-01   0.9969E-01   0.9978E-01   0.9986E-01   0.9994E-01   0.1000E+00   0.1001E+00   0.1002E+00   0.1002E+00   0.1003E+00   0.1004E+00
0.8021E+05   0.3375E+01   0.3994E-04   0.4169E-04   0.4441E-04   0.4703E-04   0.4966E-04   0.5236E-04   0.5520E-04   0.5823E-04   0.6149E-04   0.6504E-04   0.6891E-04   0.7318E-04   0.7788E-04   0.8307E-04   0.8882E-04   0.9519E-04   0.1022E-03   0.1101E-03   0.1187E-03   0.1283E-03   0.1389E-03   0.1507E-03   0.1637E-03   0.1782E-03   0.1942E-03   0.2119E-03   0.2315E-03   0.2534E-03   0.2776E-03   0.3046E-03   0.3346E-03   0.3681E-03   0.4056E-03   0.4476E-03   0.4948E-03   0.5479E-03   0.6079E-03   0.6759E-03   0.7532E-03   0.8414E-03   0.9424E-03   0.1059E-02   0.1193E-02   0.1349E-02   0.1531E-02   0.1744E-02   0.1996E-02   0.2294E-02   0.2650E-02   0.3076E-02   0.3589E-02   0.4209E-02   0.4961E-02   0.5877E-02   0.6992E-02   0.8351E-02   0.1001E-01   0.1204E-01   0.1464E-01   0.1774E-01   0.2166E-01   0.2670E-01   0.3307E-01   0.4045E-01   0.4806E-01   0.5501E-01   0.6081E-01   0.6553E-01   0.6938E-01   0.7251E-01   0.7505E-01   0.7714E-01   0.7890E-01   0.8040E-01   0.8171E-01   0.8286E-01   0.8388E-01   0.8480E-01   0.8563E-01   0.8639E-01   0.8709E-01   0.8774E-01   0.8833E-01   0.8888E-01   0.8939E-01   0.8987E-01   0.9032E-01   0.9074E-01   0.9113E-01   0.9151E-01   0.9186E-01   0.9219E-01   0.9250E-01   0.9279E-01   0.9307E-01   0.9334E-01   0.9359E-01   0.9383E-01   0.9406E-01   0.9428E-01   0.9448E-01   0.9468E-01   0.9486E-01   0.9504E-01   0.9521E-01   0.9538E-01   0.9553E-01   0.9568E-01   0.9582E-01   0.9596E-01   0.9608E-01   0.9621E-01   0.9633E-01   0.9644E-01   0.9655E-01   0.9665E-01   0.9675E-01   0.9684E-01   0.9693E-01   0.9702E-01   0.9710E-01   0.9718E-01   0.9726E-01   0.9733E-01   0.9740E-01   0.9746E-01   0.9753E-01   0.9759E-01
0.8026E+05   0.3562E+01   0.3994E-04   0.4169E-04   0.4441E-04   0.4703E-04   0.4966E-04   0.5236E-04   0.5520E-04   0.5822E-04   0.6148E-04   0.6503E-04   0.6890E-04   0.7316E-04   0.7786E-04   0.8306E-04   0.8881E-04   0.9517E-04   0.1022E-03   0.1100E-03   0.1187E-03   0.1283E-03   0.1389E-03   0.1507E-03   0.1637E-03   0.1781E-03   0.1941E-03   0.2119E-03   0.2315E-03   0.2533E-03   0.2776E-03   0.3046E-03   0.3346E-03   0.3681E-03   0.4056E-03   0.4477E-03   0.4949E-03   0.5480E-03   0.6080E-03   0.6760E-03   0.7533E-03   0.8415E-03   0.9426E-03   0.1059E-02   0.1193E-02   0.1349E-02   0.1531E-02   0.1745E-02   0.1997E-02   0.2295E-02   0.2650E-02   0.3076E-02   0.3588E-02   0.4207E-02   0.4957E-02   0.5868E-02   0.6976E-02   0.8325E-02   0.9970E-02   0.1198E-01   0.1456E-01   0.1764E-01   0.2152E-01   0.2649E-01   0.3268E-01   0.3979E-01   0.4713E-01   0.5389E-01   0.5960E-01   0.6427E-01   0.6809E-01   0.7121E-01   0.7373E-01   0.7582E-01   0.7756E-01   0.7905E-01   0.8035E-01   0.8148E-01   0.8249E-01   0.8340E-01   0.8422E-01   0.8497E-01   0.8566E-01   0.8629E-01   0.8688E-01   0.8742E-01   0.8793E-01   0.8840E-01   0.8884E-01   0.8925E-01   0.8964E-01   0.9000E-01   0.9035E-01   0.9067E-01   0.9098E-01   0.9127E-01   0.9155E-01   0.9181E-01   0.9205E-01   0.9229E-01   0.9251E-01   0.9272E-01   0.9293E-01   0.9312E-01   0.9330E-01   0.9348E-01   0.9364E-01   0.9380E-01   0.9395E-01   0.9410E-01   0.9424E-01   0.9437E-01   0.9450E-01   0.9462E-01   0.9473E-01   0.9484E-01   0.9495E-01   0.9505E-01   0.9515E-01   0.9524E-01   0.9533E-01   0.9541E-01   0.9549E-01   0.9557E-01   0.9565E-01   0.9572E-01   0.9578E-01   0.9585E-01   0.9591E-01   0.9597E-01
0.8024E+05   0.3750E+01   0.3995E-04   0.4169E-04   0.4442E-04   0.4704E-04   0.4966E-04   0.5237E-04   0.5520E-04   0.5823E-04   0.6149E-04   0.6503E-04   0.6891E-04   0.7317E-04   0.7787E-04   0.8306E-04   0.8881E-04   0.9518E-04   0.1022E-03   0.1100E-03   0.1187E-03   0.1283E-03   0.1389E-03   0.1507E-03   0.1637E-03   0.1781E-03   0.1941E-03   0.2119E-03   0.2315E-03   0.2533E-03   0.2776E-03   0.3046E-03   0.3346E-03   0.3682E-03   0.4057E-03   0.4477E-03   0.4949E-03   0.5480E-03   0.6080E-03   0.6761E-03   0.7534E-03   0.8416E-03   0.9427E-03   0.1059E-02   0.1193E-02   0.1349E-02   0.1531E-02   0.1745E-02   0.1997E-02   0.2295E-02   0.2651E-02   0.3076E-02   0.3588E-02   0.4206E-02   0.4955E-02   0.5865E-02   0.6971E-02   0.8317E-02   0.9957E-02   0.1196E-01   0.1453E-01   0.1760E-01   0.2148E-01   0.2642E-01   0.3255E-01   0.3958E-01   0.4682E-01   0.5352E-01   0.5920E-01   0.6386E-01   0.6767E-01   0.7078E-01   0.7330E-01   0.7538E-01   0.7712E-01   0.7861E-01   0.7990E-01   0.8103E-01   0.8204E-01   0.8294E-01   0.8376E-01   0.8451E-01   0.8519E-01   0.8582E-01   0.8640E-01   0.8694E-01   0.8745E-01   0.8791E-01   0.8835E-01   0.8876E-01   0.8915E-01   0.8951E-01   0.8985E-01   0.9018E-01   0.9048E-01   0.9077E-01   0.9104E-01   0.9130E-01   0.9155E-01   0.9178E-01   0.9200E-01   0.9221E-01   0.9241E-01   0.9261E-01   0.9279E-01   0.9296E-01   0.9313E-01   0.9329E-01   0.9344E-01   0.9358E-01   0.9372E-01   0.9385E-01   0.9398E-01   0.9410E-01   0.9421E-01   0.9432E-01   0.9443E-01   0.9453E-01   0.9462E-01   0.9471E-01   0.9480E-01   0.9489E-01   0.9497E-01   0.9504E-01   0.9512E-01   0.9519E-01   0.9525E-01   0.9532E-01   0.9538E-01   0.9544E-01
