0.7896E+05   0.1118E+01   -.3001E+02   -.3001E+02   -.3001E+02   -.3001E+02   -.3001E+02   -.3002E+02   -.3002E+02   -.3002E+02   -.3002E+02   -.3003E+02   -.3003E+02   -.3003E+02   -.3003E+02   -.3004E+02   -.3004E+02   -.3004E+02   -.3005E+02   -.3005E+02   -.3005E+02   -.3006E+02   -.3006E+02   -.3006E+02   -.3007E+02   -.3007E+02   -.3008E+02   -.3009E+02   -.3009E+02   -.3010E+02   -.3010E+02   -.3011E+02   -.3012E+02   -.3013E+02   -.3014E+02   -.3015E+02   -.3016E+02   -.3017E+02   -.3019E+02   -.3020E+02   -.3022E+02   -.3024E+02   -.3026E+02   -.3028E+02   -.3031E+02   -.3034E+02   -.3037E+02   -.3041E+02   -.3046E+02   -.3051E+02   -.3057E+02   -.3064E+02   -.3072E+02   -.3082E+02   -.3094E+02   -.3109E+02   -.3127E+02   -.3148E+02   -.3174E+02   -.3204E+02   -.3238E+02   -.3273E+02   -.3321E+02   -.3497E+02   -.6349E+02   -.2709E+02   -.2737E+02   -.2696E+02   -.2602E+02   -.2503E+02   -.2411E+02   -.2327E+02   -.2251E+02   -.2182E+02   -.2120E+02   -.2064E+02   -.2013E+02   -.1967E+02   -.1925E+02   -.1887E+02   -.1852E+02   -.1820E+02   -.1790E+02   -.1762E+02   -.1736E+02   -.1712E+02   -.1690E+02   -.1669E+02   -.1649E+02   -.1631E+02   -.1614E+02   -.1597E+02   -.1582E+02   -.1567E+02   -.1553E+02   -.1540E+02   -.1527E+02   -.1515E+02   -.1504E+02   -.1493E+02   -.1483E+02   -.1473E+02   -.1463E+02   -.1454E+02   -.1446E+02   -.1437E+02   -.1429E+02   -.1422E+02   -.1415E+02   -.1408E+02   -.1401E+02   -.1395E+02   -.1389E+02   -.1383E+02   -.1377E+02   -.1372E+02   -.1367E+02   -.1362E+02   -.1357E+02   -.1353E+02   -.1348E+02   -.1344E+02   -.1340E+02   -.1336E+02   -.1332E+02   -.1328E+02   -.1325E+02   -.1321E+02   -.1318E+02   -.1315E+02
0.7896E+05   0.1370E+01   -.3001E+02   -.3001E+02   -.3001E+02   -.3001E+02   -.3002E+02   -.3002E+02   -.3002E+02   -.3002E+02   -.3002E+02   -.3003E+02   -.3003E+02   -.3003E+02   -.3003E+02   -.3004E+02   -.3004E+02   -.3004E+02   -.3005E+02   -.3005E+02   -.3005E+02   -.3006E+02   -.3006E+02   -.3007E+02   -.3007E+02   -.3007E+02   -.3008E+02   -.3009E+02   -.3009E+02   -.3010E+02   -.3011E+02   -.3011E+02   -.3012E+02   -.3013E+02   -.3014E+02   -.3015E+02   -.3016E+02   -.3017E+02   -.3019E+02   -.3020E+02   -.3022E+02   -.3024E+02   -.3026E+02   -.3028E+02   -.3031E+02   -.3034E+02   -.3037E+02   -.3041E+02   -.3046E+02   -.3051E+02   -.3057E+02   -.3064E+02   -.3072E+02   -.3082E+02   -.3094E+02   -.3109E+02   -.3126E+02   -.3147E+02   -.3172E+02   -.3202E+02   -.3236E+02   -.3275E+02   -.3334E+02   -.3529E+02   -.4168E+02   -.3022E+02   -.3044E+02   -.3030E+02   -.2968E+02   -.2893E+02   -.2821E+02   -.2754E+02   -.2692E+02   -.2634E+02   -.2581E+02   -.2532E+02   -.2487E+02   -.2445E+02   -.2407E+02   -.2373E+02   -.2341E+02   -.2311E+02   -.2284E+02   -.2259E+02   -.2235E+02   -.2213E+02   -.2192E+02   -.2173E+02   -.2155E+02   -.2138E+02   -.2123E+02   -.2108E+02   -.2093E+02   -.2080E+02   -.2068E+02   -.2056E+02   -.2044E+02   -.2034E+02   -.2023E+02   -.2014E+02   -.2004E+02   -.1995E+02   -.1987E+02   -.1979E+02   -.1971E+02   -.1964E+02   -.1957E+02   -.1951E+02   -.1944E+02   -.1938E+02   -.1932E+02   -.1927E+02   -.1921E+02   -.1916E+02   -.1911E+02   -.1906E+02   -.1902E+02   -.1898E+02   -.1894E+02   -.1890E+02   -.1886E+02   -.1882E+02   -.1879E+02   -.1875E+02   -.1872E+02   -.1869E+02   -.1866E+02   -.1863E+02   -.1860E+02   -.1857E+02
0.7896E+05   0.1623E+01   -.3001E+02   -.3001E+02   -.3001E+02   -.3001E+02   -.3001E+02   -.3002E+02   -.3002E+02   -.3002E+02   -.3002E+02   -.3003E+02   -.3003E+02   -.3003E+02   -.3003E+02   -.3004E+02   -.3004E+02   -.3004E+02   -.3005E+02   -.3005E+02   -.3005E+02   -.3006E+02   -.3006E+02   -.3007E+02   -.3007E+02   -.3007E+02   -.3008E+02   -.3009E+02   -.3009E+02   -.3010E+02   -.3011E+02   -.3011E+02   -.3012E+02   -.3013E+02   -.3014E+02   -.3015E+02   -.3016E+02   -.3017E+02   -.3019E+02   -.3020E+02   -.3022E+02   -.3024E+02   -.3026E+02   -.3028E+02   -.3031E+02   -.3034E+02   -.3038E+02   -.3042E+02   -.3046E+02   -.3051E+02   -.3057E+02   -.3065E+02   -.3073E+02   -.3083E+02   -.3095E+02   -.3110E+02   -.3128E+02   -.3149E+02   -.3175E+02   -.3206E+02   -.3245E+02   -.3293E+02   -.3367E+02   -.3557E+02   -.3818E+02   -.3174E+02   -.3415E+02   -.3528E+02   -.3608E+02   -.3648E+02   -.3660E+02   -.3654E+02   -.3635E+02   -.3609E+02   -.3578E+02   -.3544E+02   -.3508E+02   -.3473E+02   -.3437E+02   -.3402E+02   -.3368E+02   -.3336E+02   -.3305E+02   -.3276E+02   -.3249E+02   -.3223E+02   -.3198E+02   -.3175E+02   -.3153E+02   -.3132E+02   -.3113E+02   -.3095E+02   -.3078E+02   -.3062E+02   -.3046E+02   -.3032E+02   -.3018E+02   -.3005E+02   -.2993E+02   -.2982E+02   -.2971E+02   -.2961E+02   -.2951E+02   -.2942E+02   -.2933E+02   -.2925E+02   -.2917E+02   -.2909E+02   -.2902E+02   -.2895E+02   -.2889E+02   -.2883E+02   -.2877E+02   -.2872E+02   -.2867E+02   -.2862E+02   -.2857E+02   -.2852E+02   -.2848E+02   -.2843E+02   -.2839E+02   -.2836E+02   -.2832E+02   -.2828E+02   -.2825E+02   -.2822E+02   -.2819E+02   -.2816E+02   -.2813E+02   -.2810E+02
0.7896E+05   0.1875E+01   -.3001E+02   -.3001E+02   -.3001E+02   -.3001E+02   -.3001E+02   -.3002E+02   -.3002E+02   -.3002E+02   -.3002E+02   -.3003E+02   -.3003E+02   -.3003E+02   -.3003E+02   -.3004E+02   -.3004E+02   -.3004E+02   -.3005E+02   -.3005E+02   -.3005E+02   -.3006E+02   -.3006E+02   -.3007E+02   -.3007E+02   -.3007E+02   -.3008E+02   -.3009E+02   -.3009E+02   -.3010E+02   -.3011E+02   -.3011E+02   -.3012E+02   -.3013E+02   -.3014E+02   -.3015E+02   -.3016E+02   -.3018E+02   -.3019E+02   -.3020E+02   -.3022E+02   -.3024E+02   -.3026E+02   -.3029E+02   -.3031E+02   -.3034E+02   -.3038E+02   -.3042E+02   -.3046E+02   -.3051E+02   -.3058E+02   -.3065E+02   -.3073E+02   -.3083E+02   -.3095E+02   -.3110E+02   -.3127E+02   -.3149E+02   -.3174E+02   -.3206E+02   -.3246E+02   -.3296E+02   -.3374E+02   -.3519E+02   -.3649E+02   -.3464E+02   -.3554E+02   -.3659E+02   -.3752E+02   -.3829E+02   -.3894E+02   -.3946E+02   -.3987E+02   -.4021E+02   -.4049E+02   -.4071E+02   -.4090E+02   -.4105E+02   -.4117E+02   -.4128E+02   -.4136E+02   -.4143E+02   -.4149E+02   -.4153E+02   -.4156E+02   -.4158E+02   -.4159E+02   -.4160E+02   -.4159E+02   -.4157E+02   -.4156E+02   -.4154E+02   -.4152E+02   -.4150E+02   -.4147E+02   -.4143E+02   -.4140E+02   -.4136E+02   -.4132E+02   -.4129E+02   -.4125E+02   -.4121E+02   -.4118E+02   -.4114E+02   -.4110E+02   -.4106E+02   -.4102E+02   -.4098E+02   -.4095E+02   -.4091E+02   -.4087E+02   -.4084E+02   -.4080E+02   -.4076E+02   -.4073E+02   -.4069E+02   -.4066E+02   -.4063E+02   -.4059E+02   -.4056E+02   -.4053E+02   -.4050E+02   -.4048E+02   -.4045E+02   -.4042E+02   -.4040E+02   -.4037E+02   -.4034E+02   -.4032E+02   -.4030E+02
0.7933E+05   0.2062E+01   -.3001E+02   -.3001E+02   -.3001E+02   -.3001E+02   -.3001E+02   -.3002E+02   -.3002E+02   -.3002E+02   -.3002E+02   -.3003E+02   -.3003E+02   -.3003E+02   -.3003E+02   -.3004E+02   -.3004E+02   -.3004E+02   -.3005E+02   -.3005E+02   -.3005E+02   -.3006E+02   -.3006E+02   -.3007E+02   -.3007E+02   -.3007E+02   -.3008E+02   -.3009E+02   -.3009E+02   -.3010E+02   -.3011E+02   -.3011E+02   -.3012E+02   -.3013E+02   -.3014E+02   -.3015E+02   -.3016E+02   -.3018E+02   -.3019E+02   -.3020E+02   -.3022E+02   -.3024E+02   -.3026E+02   -.3029E+02   -.3031E+02   -.3034E+02   -.3038E+02   -.3042E+02   -.3046E+02   -.3052E+02   -.3058E+02   -.3065E+02   -.3073E+02   -.3083E+02   -.3095E+02   -.3110E+02   -.3127E+02   -.3148E+02   -.3174E+02   -.3206E+02   -.3246E+02   -.3297E+02   -.3372E+02   -.3490E+02   -.3584E+02   -.3575E+02   -.3577E+02   -.3666E+02   -.3751E+02   -.3824E+02   -.3887E+02   -.3939E+02   -.3982E+02   -.4019E+02   -.4049E+02   -.4075E+02   -.4097E+02   -.4116E+02   -.4133E+02   -.4147E+02   -.4160E+02   -.4171E+02   -.4182E+02   -.4191E+02   -.4199E+02   -.4206E+02   -.4213E+02   -.4219E+02   -.4224E+02   -.4229E+02   -.4234E+02   -.4238E+02   -.4242E+02   -.4245E+02   -.4249E+02   -.4252E+02   -.4255E+02   -.4258E+02   -.4260E+02   -.4263E+02   -.4265E+02   -.4267E+02   -.4269E+02   -.4271E+02   -.4273E+02   -.4275E+02   -.4276E+02   -.4278E+02   -.4279E+02   -.4281E+02   -.4282E+02   -.4283E+02   -.4284E+02   -.4285E+02   -.4286E+02   -.4287E+02   -.4287E+02   -.4288E+02   -.4289E+02   -.4289E+02   -.4290E+02   -.4291E+02   -.4291E+02   -.4292E+02   -.4292E+02   -.4293E+02   -.4293E+02   -.4294E+02   -.4294E+02   -.4294E+02
0.7929E+05   0.2250E+01   -.3001E+02   -.3001E+02   -.3001E+02   -.3001E+02   -.3001E+02   -.3002E+02   -.3002E+02   -.3002E+02   -.3002E+02   -.3003E+02   -.3003E+02   -.3003E+02   -.3003E+02   -.3004E+02   -.3004E+02   -.3004E+02   -.3005E+02   -.3005E+02   -.3005E+02   -.3006E+02   -.3006E+02   -.3007E+02   -.3007E+02   -.3007E+02   -.3008E+02   -.3009E+02   -.3009E+02   -.3010E+02   -.3011E+02   -.3011E+02   -.3012E+02   -.3013E+02   -.3014E+02   -.3015E+02   -.3016E+02   -.3018E+02   -.3019E+02   -.3021E+02   -.3022E+02   -.3024E+02   -.3026E+02   -.3029E+02   -.3031E+02   -.3034E+02   -.3038E+02   -.3042E+02   -.3046E+02   -.3052E+02   -.3058E+02   -.3065E+02   -.3074E+02   -.3084E+02   -.3096E+02   -.3110E+02   -.3127E+02   -.3148E+02   -.3174E+02   -.3205E+02   -.3245E+02   -.3296E+02   -.3367E+02   -.3464E+02   -.3545E+02   -.3568E+02   -.3592E+02   -.3667E+02   -.3744E+02   -.3812E+02   -.3871E+02   -.3922E+02   -.3964E+02   -.4001E+02   -.4032E+02   -.4058E+02   -.4082E+02   -.4102E+02   -.4121E+02   -.4137E+02   -.4151E+02   -.4165E+02   -.4177E+02   -.4187E+02   -.4197E+02   -.4207E+02   -.4215E+02   -.4223E+02   -.4230E+02   -.4237E+02   -.4244E+02   -.4250E+02   -.4256E+02   -.4261E+02   -.4266E+02   -.4270E+02   -.4275E+02   -.4279E+02   -.4283E+02   -.4287E+02   -.4290E+02   -.4294E+02   -.4297E+02   -.4300E+02   -.4303E+02   -.4306E+02   -.4308E+02   -.4311E+02   -.4313E+02   -.4316E+02   -.4318E+02   -.4320E+02   -.4322E+02   -.4324E+02   -.4326E+02   -.4327E+02   -.4329E+02   -.4331E+02   -.4332E+02   -.4334E+02   -.4335E+02   -.4336E+02   -.4338E+02   -.4339E+02   -.4340E+02   -.4341E+02   -.4342E+02   -.4343E+02   -.4344E+02   -.4345E+02
0.7960E+05   0.2437E+01   -.3001E+02   -.3001E+02   -.3001E+02   -.3001E+02   -.3001E+02   -.3002E+02   -.3002E+02   -.3002E+02   -.3002E+02   -.3003E+02   -.3003E+02   -.3003E+02   -.3003E+02   -.3004E+02   -.3004E+02   -.3004E+02   -.3005E+02   -.3005E+02   -.3005E+02   -.3006E+02   -.3006E+02   -.3007E+02   -.3007E+02   -.3008E+02   -.3008E+02   -.3009E+02   -.3009E+02   -.3010E+02   -.3011E+02   -.3011E+02   -.3012E+02   -.3013E+02   -.3014E+02   -.3015E+02   -.3016E+02   -.3018E+02   -.3019E+02   -.3021E+02   -.3022E+02   -.3024E+02   -.3026E+02   -.3029E+02   -.3031E+02   -.3034E+02   -.3038E+02   -.3042E+02   -.3046E+02   -.3052E+02   -.3058E+02   -.3065E+02   -.3074E+02   -.3084E+02   -.3095E+02   -.3110E+02   -.3127E+02   -.3147E+02   -.3172E+02   -.3203E+02   -.3242E+02   -.3291E+02   -.3355E+02   -.3435E+02   -.3505E+02   -.3542E+02   -.3578E+02   -.3643E+02   -.3711E+02   -.3773E+02   -.3828E+02   -.3875E+02   -.3916E+02   -.3952E+02   -.3982E+02   -.4009E+02   -.4032E+02   -.4053E+02   -.4072E+02   -.4089E+02   -.4104E+02   -.4118E+02   -.4131E+02   -.4142E+02   -.4153E+02   -.4163E+02   -.4172E+02   -.4181E+02   -.4189E+02   -.4197E+02   -.4204E+02   -.4211E+02   -.4217E+02   -.4223E+02   -.4228E+02   -.4234E+02   -.4239E+02   -.4244E+02   -.4248E+02   -.4252E+02   -.4256E+02   -.4260E+02   -.4264E+02   -.4268E+02   -.4271E+02   -.4274E+02   -.4277E+02   -.4280E+02   -.4283E+02   -.4285E+02   -.4288E+02   -.4290E+02   -.4293E+02   -.4295E+02   -.4297E+02   -.4299E+02   -.4301E+02   -.4303E+02   -.4305E+02   -.4306E+02   -.4308E+02   -.4310E+02   -.4311E+02   -.4312E+02   -.4314E+02   -.4315E+02   -.4316E+02   -.4317E+02   -.4319E+02   -.4320E+02
0.7957E+05   0.2625E+01   -.3001E+02   -.3001E+02   -.3001E+02   -.3001E+02   -.3001E+02   -.3002E+02   -.3002E+02   -.3002E+02   -.3002E+02   -.3003E+02   -.3003E+02   -.3003E+02   -.3003E+02   -.3004E+02   -.3004E+02   -.3004E+02   -.3005E+02   -.3005E+02   -.3005E+02   -.3006E+02   -.3006E+02   -.3007E+02   -.3007E+02   -.3008E+02   -.3008E+02   -.3009E+02   -.3009E+02   -.3010E+02   -.3011E+02   -.3011E+02   -.3012E+02   -.3013E+02   -.3014E+02   -.3015E+02   -.3016E+02   -.3018E+02   -.3019E+02   -.3021E+02   -.3022E+02   -.3024E+02   -.3026E+02   -.3029E+02   -.3031E+02   -.3035E+02   -.3038E+02   -.3042E+02   -.3047E+02   -.3052E+02   -.3058E+02   -.3065E+02   -.3074E+02   -.3084E+02   -.3095E+02   -.3110E+02   -.3127E+02   -.3147E+02   -.3172E+02   -.3202E+02   -.3240E+02   -.3288E+02   -.3347E+02   -.3417E+02   -.3481E+02   -.3527E+02   -.3571E+02   -.3631E+02   -.3693E+02   -.3750E+02   -.3802E+02   -.3847E+02   -.3886E+02   -.3921E+02   -.3950E+02   -.3976E+02   -.3999E+02   -.4020E+02   -.4039E+02   -.4055E+02   -.4070E+02   -.4084E+02   -.4097E+02   -.4109E+02   -.4119E+02   -.4129E+02   -.4139E+02   -.4147E+02   -.4156E+02   -.4163E+02   -.4170E+02   -.4177E+02   -.4184E+02   -.4190E+02   -.4195E+02   -.4201E+02   -.4206E+02   -.4211E+02   -.4215E+02   -.4220E+02   -.4224E+02   -.4228E+02   -.4231E+02   -.4235E+02   -.4238E+02   -.4242E+02   -.4245E+02   -.4248E+02   -.4251E+02   -.4253E+02   -.4256E+02   -.4258E+02   -.4261E+02   -.4263E+02   -.4265E+02   -.4267E+02   -.4269E+02   -.4271E+02   -.4273E+02   -.4275E+02   -.4276E+02   -.4278E+02   -.4280E+02   -.4281E+02   -.4282E+02   -.4284E+02   -.4285E+02   -.4286E+02   -.4287E+02   -.4289E+02
0.8012E+05   0.2812E+01   -.3001E+02   -.3001E+02   -.3001E+02   -.3001E+02   -.3001E+02   -.3002E+02   -.3002E+02   -.3002E+02   -.3002E+02   -.3003E+02   -.3003E+02   -.3003E+02   -.3003E+02   -.3004E+02   -.3004E+02   -.3004E+02   -.3005E+02   -.3005E+02   -.3005E+02   -.3006E+02   -.3006E+02   -.3007E+02   -.3007E+02   -.3008E+02   -.3008E+02   -.3009E+02   -.3009E+02   -.3010E+02   -.3011E+02   -.3011E+02   -.3012E+02   -.3013E+02   -.3014E+02   -.3015E+02   -.3016E+02   -.3018E+02   -.3019E+02   -.3021E+02   -.3022E+02   -.3024E+02   -.3026E+02   -.3029E+02   -.3032E+02   -.3035E+02   -.3038E+02   -.3042E+02   -.3047E+02   -.3052E+02   -.3058E+02   -.3065E+02   -.3074E+02   -.3084E+02   -.3096E+02   -.3110E+02   -.3127E+02   -.3147E+02   -.3172E+02   -.3202E+02   -.3240E+02   -.3285E+02   -.3341E+02   -.3404E+02   -.3465E+02   -.3516E+02   -.3566E+02   -.3624E+02   -.3682E+02   -.3736E+02   -.3785E+02   -.3828E+02   -.3866E+02   -.3899E+02   -.3928E+02   -.3954E+02   -.3976E+02   -.3996E+02   -.4014E+02   -.4031E+02   -.4045E+02   -.4059E+02   -.4072E+02   -.4083E+02   -.4094E+02   -.4103E+02   -.4113E+02   -.4121E+02   -.4129E+02   -.4137E+02   -.4144E+02   -.4150E+02   -.4157E+02   -.4163E+02   -.4168E+02   -.4174E+02   -.4179E+02   -.4183E+02   -.4188E+02   -.4192E+02   -.4196E+02   -.4200E+02   -.4204E+02   -.4208E+02   -.4211E+02   -.4214E+02   -.4217E+02   -.4220E+02   -.4223E+02   -.4226E+02   -.4228E+02   -.4231E+02   -.4233E+02   -.4235E+02   -.4238E+02   -.4240E+02   -.4242E+02   -.4243E+02   -.4245E+02   -.4247E+02   -.4249E+02   -.4250E+02   -.4252E+02   -.4253E+02   -.4255E+02   -.4256E+02   -.4257E+02   -.4258E+02   -.4260E+02   -.4261E+02
0.8009E+05   0.3000E+01   -.3001E+02   -.3001E+02   -.3001E+02   -.3001E+02   -.3001E+02   -.3002E+02   -.3002E+02   -.3002E+02   -.3002E+02   -.3003E+02   -.3003E+02   -.3003E+02   -.3003E+02   -.3004E+02   -.3004E+02   -.3004E+02   -.3005E+02   -.3005E+02   -.3005E+02   -.3006E+02   -.3006E+02   -.3007E+02   -.3007E+02   -.3008E+02   -.3008E+02   -.3009E+02   -.3009E+02   -.3010E+02   -.3011E+02   -.3011E+02   -.3012E+02   -.3013E+02   -.3014E+02   -.3015E+02   -.3016E+02   -.3018E+02   -.3019E+02   -.3021E+02   -.3022E+02   -.3024E+02   -.3026E+02   -.3029E+02   -.3032E+02   -.3035E+02   -.3038E+02   -.3042E+02   -.3047E+02   -.3052E+02   -.3058E+02   -.3065E+02   -.3074E+02   -.3084E+02   -.3096E+02   -.3110E+02   -.3127E+02   -.3147E+02   -.3171E+02   -.3201E+02   -.3238E+02   -.3282E+02   -.3334E+02   -.3392E+02   -.3450E+02   -.3503E+02   -.3555E+02   -.3610E+02   -.3665E+02   -.3716E+02   -.3762E+02   -.3804E+02   -.3841E+02   -.3873E+02   -.3901E+02   -.3925E+02   -.3947E+02   -.3967E+02   -.3984E+02   -.4000E+02   -.4015E+02   -.4028E+02   -.4040E+02   -.4051E+02   -.4062E+02   -.4071E+02   -.4080E+02   -.4088E+02   -.4096E+02   -.4103E+02   -.4110E+02   -.4117E+02   -.4123E+02   -.4129E+02   -.4134E+02   -.4139E+02   -.4144E+02   -.4149E+02   -.4153E+02   -.4157E+02   -.4161E+02   -.4165E+02   -.4169E+02   -.4172E+02   -.4176E+02   -.4179E+02   -.4182E+02   -.4185E+02   -.4187E+02   -.4190E+02   -.4193E+02   -.4195E+02   -.4197E+02   -.4199E+02   -.4202E+02   -.4204E+02   -.4205E+02   -.4207E+02   -.4209E+02   -.4211E+02   -.4212E+02   -.4214E+02   -.4215E+02   -.4217E+02   -.4218E+02   -.4219E+02   -.4221E+02   -.4222E+02   -.4223E+02   -.4224E+02
0.8037E+05   0.3187E+01   -.3001E+02   -.3001E+02   -.3001E+02   -.3001E+02   -.3001E+02   -.3002E+02   -.3002E+02   -.3002E+02   -.3002E+02   -.3003E+02   -.3003E+02   -.3003E+02   -.3003E+02   -.3004E+02   -.3004E+02   -.3004E+02   -.3005E+02   -.3005E+02   -.3005E+02   -.3006E+02   -.3006E+02   -.3007E+02   -.3007E+02   -.3008E+02   -.3008E+02   -.3009E+02   -.3009E+02   -.3010E+02   -.3011E+02   -.3011E+02   -.3012E+02   -.3013E+02   -.3014E+02   -.3015E+02   -.3016E+02   -.3018E+02   -.3019E+02   -.3021E+02   -.3022E+02   -.3024E+02   -.3026E+02   -.3029E+02   -.3032E+02   -.3035E+02   -.3038E+02   -.3042E+02   -.3047E+02   -.3052E+02   -.3058E+02   -.3065E+02   -.3074E+02   -.3084E+02   -.3096E+02   -.3110E+02   -.3126E+02   -.3147E+02   -.3171E+02   -.3200E+02   -.3236E+02   -.3279E+02   -.3329E+02   -.3384E+02   -.3440E+02   -.3494E+02   -.3546E+02   -.3600E+02   -.3653E+02   -.3702E+02   -.3747E+02   -.3787E+02   -.3823E+02   -.3854E+02   -.3881E+02   -.3905E+02   -.3926E+02   -.3945E+02   -.3963E+02   -.3978E+02   -.3992E+02   -.4005E+02   -.4017E+02   -.4028E+02   -.4038E+02   -.4047E+02   -.4056E+02   -.4064E+02   -.4072E+02   -.4079E+02   -.4085E+02   -.4092E+02   -.4098E+02   -.4103E+02   -.4109E+02   -.4114E+02   -.4118E+02   -.4123E+02   -.4127E+02   -.4131E+02   -.4135E+02   -.4139E+02   -.4142E+02   -.4146E+02   -.4149E+02   -.4152E+02   -.4155E+02   -.4158E+02   -.4160E+02   -.4163E+02   -.4165E+02   -.4168E+02   -.4170E+02   -.4172E+02   -.4174E+02   -.4176E+02   -.4178E+02   -.4180E+02   -.4181E+02   -.4183E+02   -.4185E+02   -.4186E+02   -.4188E+02   -.4189E+02   -.4190E+02   -.4192E+02   -.4193E+02   -.4194E+02   -.4195E+02   -.4196E+02
0.8021E+05   0.3375E+01   -.3001E+02   -.3001E+02   -.3001E+02   -.3001E+02   -.3001E+02   -.3002E+02   -.3002E+02   -.3002E+02   -.3002E+02   -.3003E+02   -.3003E+02   -.3003E+02   -.3003E+02   -.3004E+02   -.3004E+02   -.3004E+02   -.3005E+02   -.3005E+02   -.3005E+02   -.3006E+02   -.3006E+02   -.3007E+02   -.3007E+02   -.3008E+02   -.3008E+02   -.3009E+02   -.3009E+02   -.3010E+02   -.3011E+02   -.3011E+02   -.3012E+02   -.3013E+02   -.3014E+02   -.3015E+02   -.3016E+02   -.3018E+02   -.3019E+02   -.3021E+02   -.3022E+02   -.3024E+02   -.3026E+02   -.3029E+02   -.3032E+02   -.3035E+02   -.3038E+02   -.3042E+02   -.3047E+02   -.3052E+02   -.3058E+02   -.3065E+02   -.3074E+02   -.3084E+02   -.3096E+02   -.3110E+02   -.3126E+02   -.3146E+02   -.3171E+02   -.3200E+02   -.3235E+02   -.3277E+02   -.3325E+02   -.3378E+02   -.3433E+02   -.3487E+02   -.3540E+02   -.3593E+02   -.3644E+02   -.3691E+02   -.3735E+02   -.3774E+02   -.3809E+02   -.3840E+02   -.3866E+02   -.3890E+02   -.3911E+02   -.3930E+02   -.3947E+02   -.3962E+02   -.3976E+02   -.3988E+02   -.4000E+02   -.4011E+02   -.4020E+02   -.4030E+02   -.4038E+02   -.4046E+02   -.4054E+02   -.4061E+02   -.4067E+02   -.4073E+02   -.4079E+02   -.4085E+02   -.4090E+02   -.4095E+02   -.4099E+02   -.4104E+02   -.4108E+02   -.4112E+02   -.4116E+02   -.4119E+02   -.4123E+02   -.4126E+02   -.4129E+02   -.4132E+02   -.4135E+02   -.4138E+02   -.4141E+02   -.4143E+02   -.4145E+02   -.4148E+02   -.4150E+02   -.4152E+02   -.4154E+02   -.4156E+02   -.4158E+02   -.4159E+02   -.4161E+02   -.4163E+02   -.4164E+02   -.4166E+02   -.4167E+02   -.4168E+02   -.4170E+02   -.4171E+02   -.4172E+02   -.4173E+02   -.4174E+02   -.4175E+02
0.8026E+05   0.3562E+01   -.3001E+02   -.3001E+02   -.3001E+02   -.3001E+02   -.3001E+02   -.3002E+02   -.3002E+02   -.3002E+02   -.3002E+02   -.3003E+02   -.3003E+02   -.3003E+02   -.3003E+02   -.3004E+02   -.3004E+02   -.3004E+02   -.3005E+02   -.3005E+02   -.3005E+02   -.3006E+02   -.3006E+02   -.3007E+02   -.3007E+02   -.3008E+02   -.3008E+02   -.3009E+02   -.3009E+02   -.3010E+02   -.3011E+02   -.3011E+02   -.3012E+02   -.3013E+02   -.3014E+02   -.3015E+02   -.3016E+02   -.3018E+02   -.3019E+02   -.3021E+02   -.3022E+02   -.3024E+02   -.3026E+02   -.3029E+02   -.3032E+02   -.3035E+02   -.3038E+02   -.3042E+02   -.3047E+02   -.3052E+02   -.3058E+02   -.3066E+02   -.3074E+02   -.3084E+02   -.3096E+02   -.3110E+02   -.3126E+02   -.3146E+02   -.3170E+02   -.3199E+02   -.3235E+02   -.3276E+02   -.3323E+02   -.3375E+02   -.3429E+02   -.3483E+02   -.3536E+02   -.3589E+02   -.3640E+02   -.3686E+02   -.3729E+02   -.3768E+02   -.3803E+02   -.3833E+02   -.3859E+02   -.3883E+02   -.3903E+02   -.3922E+02   -.3938E+02   -.3954E+02   -.3967E+02   -.3980E+02   -.3991E+02   -.4002E+02   -.4012E+02   -.4021E+02   -.4029E+02   -.4037E+02   -.4044E+02   -.4051E+02   -.4058E+02   -.4064E+02   -.4069E+02   -.4075E+02   -.4080E+02   -.4085E+02   -.4089E+02   -.4094E+02   -.4098E+02   -.4102E+02   -.4106E+02   -.4109E+02   -.4113E+02   -.4116E+02   -.4119E+02   -.4122E+02   -.4125E+02   -.4127E+02   -.4130E+02   -.4133E+02   -.4135E+02   -.4137E+02   -.4139E+02   -.4141E+02   -.4143E+02   -.4145E+02   -.4147E+02   -.4149E+02   -.4150E+02   -.4152E+02   -.4154E+02   -.4155E+02   -.4156E+02   -.4158E+02   -.4159E+02   -.4160E+02   -.4161E+02   -.4162E+02   -.4163E+02   -.4164E+02
0.8024E+05   0.3750E+01   -.3001E+02   -.3001E+02   -.3001E+02   -.3001E+02   -.3001E+02   -.3002E+02   -.3002E+02   -.3002E+02   -.3002E+02   -.3003E+02   -.3003E+02   -.3003E+02   -.3003E+02   -.3004E+02   -.3004E+02   -.3004E+02   -.3005E+02   -.3005E+02   -.3005E+02   -.3006E+02   -.3006E+02   -.3007E+02   -.3007E+02   -.3008E+02   -.3008E+02   -.3009E+02   -.3009E+02   -.3010E+02   -.3011E+02   -.3011E+02   -.3012E+02   -.3013E+02   -.3014E+02   -.3015E+02   -.3016E+02   -.3018E+02   -.3019E+02   -.3021E+02   -.3022E+02   -.3024E+02   -.3026E+02   -.3029E+02   -.3032E+02   -.3035E+02   -.3038E+02   -.3042E+02   -.3047E+02   -.3052E+02   -.3058E+02   -.3066E+02   -.3074E+02   -.3084E+02   -.3096E+02   -.3110E+02   -.3126E+02   -.3146E+02   -.3170E+02   -.3199E+02   -.3234E+02   -.3276E+02   -.3322E+02   -.3374E+02   -.3428E+02   -.3482E+02   -.3535E+02   -.3587E+02   -.3637E+02   -.3684E+02   -.3727E+02   -.3765E+02   -.3800E+02   -.3829E+02   -.3856E+02   -.3879E+02   -.3900E+02   -.3918E+02   -.3935E+02   -.3950E+02   -.3964E+02   -.3976E+02   -.3987E+02   -.3998E+02   -.4008E+02   -.4017E+02   -.4025E+02   -.4033E+02   -.4040E+02   -.4047E+02   -.4054E+02   -.4060E+02   -.4065E+02   -.4071E+02   -.4076E+02   -.4081E+02   -.4085E+02   -.4090E+02   -.4094E+02   -.4098E+02   -.4101E+02   -.4105E+02   -.4108E+02   -.4112E+02   -.4115E+02   -.4118E+02   -.4120E+02   -.4123E+02   -.4126E+02   -.4128E+02   -.4130E+02   -.4133E+02   -.4135E+02   -.4137E+02   -.4139E+02   -.4141E+02   -.4143E+02   -.4144E+02   -.4146E+02   -.4147E+02   -.4149E+02   -.4150E+02   -.4152E+02   -.4153E+02   -.4154E+02   -.4156E+02   -.4157E+02   -.4158E+02   -.4159E+02   -.4160E+02
