0.6018E+05   0.1118E+01   -.9006E+01   -.9008E+01   -.9011E+01   -.9013E+01   -.9016E+01   -.9020E+01   -.9023E+01   -.9027E+01   -.9031E+01   -.9035E+01   -.9039E+01   -.9044E+01   -.9049E+01   -.9054E+01   -.9060E+01   -.9066E+01   -.9072E+01   -.9079E+01   -.9086E+01   -.9094E+01   -.9102E+01   -.9112E+01   -.9122E+01   -.9132E+01   -.9144E+01   -.9157E+01   -.9172E+01   -.9188E+01   -.9206E+01   -.9227E+01   -.9250E+01   -.9277E+01   -.9308E+01   -.9345E+01   -.9387E+01   -.9438E+01   -.9499E+01   -.9573E+01   -.9664E+01   -.9777E+01   -.9919E+01   -.1010E+02   -.1033E+02   -.1061E+02   -.1098E+02   -.1148E+02   -.1139E+02   -.1033E+02   -.4644E+01   -.4817E+01   -.4854E+01   -.4855E+01   -.4844E+01   -.4818E+01   -.4803E+01   -.4789E+01   -.4769E+01   -.4763E+01   -.4751E+01   -.4747E+01   -.4739E+01   -.4734E+01   -.4730E+01   -.4727E+01   -.4724E+01   -.4722E+01   -.4720E+01   -.4718E+01   -.4716E+01   -.4714E+01   -.4713E+01   -.4712E+01   -.4710E+01   -.4709E+01   -.4708E+01   -.4707E+01   -.4707E+01   -.4706E+01   -.4705E+01   -.4704E+01   -.4704E+01   -.4703E+01   -.4703E+01   -.4702E+01   -.4702E+01   -.4701E+01   -.4701E+01   -.4700E+01   -.4700E+01   -.4700E+01   -.4699E+01   -.4699E+01   -.4699E+01   -.4699E+01   -.4698E+01   -.4698E+01   -.4698E+01   -.4698E+01
0.6019E+05   0.1345E+01   -.9006E+01   -.9008E+01   -.9011E+01   -.9013E+01   -.9016E+01   -.9020E+01   -.9023E+01   -.9027E+01   -.9031E+01   -.9035E+01   -.9039E+01   -.9044E+01   -.9049E+01   -.9054E+01   -.9060E+01   -.9066E+01   -.9072E+01   -.9079E+01   -.9086E+01   -.9094E+01   -.9103E+01   -.9112E+01   -.9122E+01   -.9133E+01   -.9145E+01   -.9158E+01   -.9173E+01   -.9189E+01   -.9207E+01   -.9228E+01   -.9251E+01   -.9278E+01   -.9310E+01   -.9346E+01   -.9389E+01   -.9440E+01   -.9501E+01   -.9575E+01   -.9667E+01   -.9780E+01   -.9922E+01   -.1010E+02   -.1034E+02   -.1063E+02   -.1104E+02   -.1160E+02   -.1233E+02   -.9036E+01   -.6232E+01   -.6284E+01   -.6219E+01   -.6199E+01   -.6191E+01   -.6178E+01   -.6172E+01   -.6166E+01   -.6153E+01   -.6152E+01   -.6145E+01   -.6146E+01   -.6141E+01   -.6138E+01   -.6137E+01   -.6136E+01   -.6136E+01   -.6135E+01   -.6135E+01   -.6134E+01   -.6134E+01   -.6133E+01   -.6133E+01   -.6133E+01   -.6133E+01   -.6132E+01   -.6132E+01   -.6132E+01   -.6132E+01   -.6131E+01   -.6131E+01   -.6131E+01   -.6131E+01   -.6131E+01   -.6131E+01   -.6130E+01   -.6130E+01   -.6130E+01   -.6130E+01   -.6130E+01   -.6130E+01   -.6130E+01   -.6130E+01   -.6130E+01   -.6130E+01   -.6130E+01   -.6130E+01   -.6130E+01   -.6130E+01   -.6130E+01
0.6019E+05   0.1573E+01   -.9006E+01   -.9008E+01   -.9011E+01   -.9013E+01   -.9016E+01   -.9020E+01   -.9023E+01   -.9027E+01   -.9031E+01   -.9035E+01   -.9040E+01   -.9044E+01   -.9049E+01   -.9055E+01   -.9060E+01   -.9066E+01   -.9072E+01   -.9079E+01   -.9087E+01   -.9095E+01   -.9103E+01   -.9112E+01   -.9122E+01   -.9133E+01   -.9145E+01   -.9158E+01   -.9173E+01   -.9189E+01   -.9208E+01   -.9229E+01   -.9252E+01   -.9279E+01   -.9311E+01   -.9347E+01   -.9390E+01   -.9442E+01   -.9503E+01   -.9578E+01   -.9669E+01   -.9783E+01   -.9926E+01   -.1011E+02   -.1034E+02   -.1065E+02   -.1108E+02   -.1167E+02   -.1265E+02   -.1055E+02   -.7781E+01   -.7463E+01   -.7376E+01   -.7349E+01   -.7337E+01   -.7321E+01   -.7315E+01   -.7308E+01   -.7291E+01   -.7289E+01   -.7277E+01   -.7275E+01   -.7267E+01   -.7262E+01   -.7259E+01   -.7256E+01   -.7254E+01   -.7252E+01   -.7250E+01   -.7248E+01   -.7247E+01   -.7246E+01   -.7245E+01   -.7244E+01   -.7243E+01   -.7242E+01   -.7241E+01   -.7240E+01   -.7240E+01   -.7239E+01   -.7238E+01   -.7238E+01   -.7237E+01   -.7237E+01   -.7236E+01   -.7236E+01   -.7236E+01   -.7235E+01   -.7235E+01   -.7235E+01   -.7234E+01   -.7234E+01   -.7234E+01   -.7233E+01   -.7233E+01   -.7233E+01   -.7233E+01   -.7233E+01   -.7232E+01   -.7232E+01
0.6018E+05   0.1800E+01   -.9006E+01   -.9008E+01   -.9011E+01   -.9013E+01   -.9016E+01   -.9020E+01   -.9023E+01   -.9027E+01   -.9031E+01   -.9035E+01   -.9040E+01   -.9044E+01   -.9049E+01   -.9055E+01   -.9060E+01   -.9066E+01   -.9073E+01   -.9079E+01   -.9087E+01   -.9095E+01   -.9103E+01   -.9112E+01   -.9123E+01   -.9133E+01   -.9146E+01   -.9158E+01   -.9174E+01   -.9190E+01   -.9208E+01   -.9229E+01   -.9253E+01   -.9280E+01   -.9312E+01   -.9349E+01   -.9392E+01   -.9443E+01   -.9505E+01   -.9580E+01   -.9671E+01   -.9785E+01   -.9928E+01   -.1011E+02   -.1035E+02   -.1065E+02   -.1109E+02   -.1168E+02   -.1252E+02   -.1208E+02   -.9157E+01   -.8704E+01   -.8585E+01   -.8562E+01   -.8572E+01   -.8589E+01   -.8611E+01   -.8624E+01   -.8624E+01   -.8635E+01   -.8629E+01   -.8634E+01   -.8629E+01   -.8630E+01   -.8630E+01   -.8631E+01   -.8632E+01   -.8633E+01   -.8634E+01   -.8635E+01   -.8636E+01   -.8637E+01   -.8637E+01   -.8638E+01   -.8639E+01   -.8639E+01   -.8640E+01   -.8641E+01   -.8641E+01   -.8642E+01   -.8642E+01   -.8643E+01   -.8643E+01   -.8643E+01   -.8644E+01   -.8644E+01   -.8644E+01   -.8645E+01   -.8645E+01   -.8645E+01   -.8646E+01   -.8646E+01   -.8646E+01   -.8646E+01   -.8647E+01   -.8647E+01   -.8647E+01   -.8647E+01   -.8647E+01   -.8648E+01
0.6062E+05   0.1950E+01   -.9006E+01   -.9008E+01   -.9011E+01   -.9013E+01   -.9016E+01   -.9020E+01   -.9023E+01   -.9027E+01   -.9031E+01   -.9035E+01   -.9040E+01   -.9044E+01   -.9049E+01   -.9055E+01   -.9060E+01   -.9066E+01   -.9073E+01   -.9079E+01   -.9087E+01   -.9095E+01   -.9103E+01   -.9112E+01   -.9123E+01   -.9133E+01   -.9146E+01   -.9159E+01   -.9174E+01   -.9190E+01   -.9209E+01   -.9230E+01   -.9253E+01   -.9281E+01   -.9312E+01   -.9349E+01   -.9393E+01   -.9444E+01   -.9506E+01   -.9581E+01   -.9673E+01   -.9786E+01   -.9929E+01   -.1011E+02   -.1035E+02   -.1065E+02   -.1109E+02   -.1166E+02   -.1246E+02   -.1281E+02   -.1014E+02   -.9497E+01   -.9353E+01   -.9308E+01   -.9305E+01   -.9311E+01   -.9332E+01   -.9346E+01   -.9345E+01   -.9357E+01   -.9351E+01   -.9357E+01   -.9352E+01   -.9353E+01   -.9353E+01   -.9354E+01   -.9355E+01   -.9355E+01   -.9356E+01   -.9356E+01   -.9357E+01   -.9358E+01   -.9359E+01   -.9359E+01   -.9360E+01   -.9361E+01   -.9361E+01   -.9362E+01   -.9363E+01   -.9363E+01   -.9364E+01   -.9364E+01   -.9365E+01   -.9365E+01   -.9366E+01   -.9366E+01   -.9366E+01   -.9367E+01   -.9367E+01   -.9367E+01   -.9368E+01   -.9368E+01   -.9368E+01   -.9368E+01   -.9369E+01   -.9369E+01   -.9369E+01   -.9369E+01   -.9370E+01   -.9370E+01
0.6057E+05   0.2100E+01   -.9006E+01   -.9008E+01   -.9011E+01   -.9013E+01   -.9016E+01   -.9020E+01   -.9023E+01   -.9027E+01   -.9031E+01   -.9035E+01   -.9040E+01   -.9044E+01   -.9049E+01   -.9055E+01   -.9060E+01   -.9066E+01   -.9073E+01   -.9080E+01   -.9087E+01   -.9095E+01   -.9103E+01   -.9112E+01   -.9123E+01   -.9133E+01   -.9146E+01   -.9159E+01   -.9174E+01   -.9190E+01   -.9209E+01   -.9230E+01   -.9254E+01   -.9281E+01   -.9313E+01   -.9350E+01   -.9394E+01   -.9445E+01   -.9507E+01   -.9583E+01   -.9675E+01   -.9790E+01   -.9934E+01   -.1012E+02   -.1036E+02   -.1067E+02   -.1111E+02   -.1168E+02   -.1243E+02   -.1302E+02   -.1090E+02   -.1005E+02   -.9806E+01   -.9711E+01   -.9682E+01   -.9676E+01   -.9692E+01   -.9703E+01   -.9700E+01   -.9710E+01   -.9701E+01   -.9705E+01   -.9696E+01   -.9694E+01   -.9690E+01   -.9688E+01   -.9685E+01   -.9683E+01   -.9681E+01   -.9680E+01   -.9679E+01   -.9678E+01   -.9677E+01   -.9676E+01   -.9676E+01   -.9676E+01   -.9675E+01   -.9675E+01   -.9675E+01   -.9674E+01   -.9674E+01   -.9674E+01   -.9674E+01   -.9674E+01   -.9674E+01   -.9674E+01   -.9674E+01   -.9673E+01   -.9673E+01   -.9673E+01   -.9673E+01   -.9673E+01   -.9673E+01   -.9673E+01   -.9673E+01   -.9673E+01   -.9673E+01   -.9673E+01   -.9673E+01   -.9673E+01
0.6134E+05   0.2250E+01   -.9006E+01   -.9008E+01   -.9011E+01   -.9013E+01   -.9016E+01   -.9020E+01   -.9023E+01   -.9027E+01   -.9031E+01   -.9035E+01   -.9040E+01   -.9044E+01   -.9049E+01   -.9055E+01   -.9060E+01   -.9066E+01   -.9073E+01   -.9080E+01   -.9087E+01   -.9095E+01   -.9103E+01   -.9113E+01   -.9123E+01   -.9134E+01   -.9146E+01   -.9159E+01   -.9174E+01   -.9191E+01   -.9209E+01   -.9230E+01   -.9254E+01   -.9282E+01   -.9313E+01   -.9350E+01   -.9394E+01   -.9446E+01   -.9508E+01   -.9583E+01   -.9675E+01   -.9789E+01   -.9933E+01   -.1012E+02   -.1035E+02   -.1065E+02   -.1109E+02   -.1164E+02   -.1234E+02   -.1294E+02   -.1179E+02   -.1084E+02   -.1053E+02   -.1043E+02   -.1042E+02   -.1043E+02   -.1047E+02   -.1052E+02   -.1054E+02   -.1057E+02   -.1058E+02   -.1060E+02   -.1061E+02   -.1061E+02   -.1062E+02   -.1063E+02   -.1064E+02   -.1064E+02   -.1065E+02   -.1065E+02   -.1066E+02   -.1066E+02   -.1067E+02   -.1067E+02   -.1067E+02   -.1068E+02   -.1068E+02   -.1068E+02   -.1068E+02   -.1069E+02   -.1069E+02   -.1069E+02   -.1069E+02   -.1069E+02   -.1070E+02   -.1070E+02   -.1070E+02   -.1070E+02   -.1070E+02   -.1070E+02   -.1070E+02   -.1071E+02   -.1071E+02   -.1071E+02   -.1071E+02   -.1071E+02   -.1071E+02   -.1071E+02   -.1071E+02   -.1071E+02
0.6130E+05   0.2400E+01   -.9006E+01   -.9008E+01   -.9011E+01   -.9013E+01   -.9016E+01   -.9020E+01   -.9023E+01   -.9027E+01   -.9031E+01   -.9035E+01   -.9040E+01   -.9044E+01   -.9049E+01   -.9055E+01   -.9060E+01   -.9066E+01   -.9073E+01   -.9080E+01   -.9087E+01   -.9095E+01   -.9103E+01   -.9113E+01   -.9123E+01   -.9134E+01   -.9146E+01   -.9159E+01   -.9174E+01   -.9191E+01   -.9209E+01   -.9231E+01   -.9254E+01   -.9282E+01   -.9314E+01   -.9351E+01   -.9395E+01   -.9446E+01   -.9509E+01   -.9584E+01   -.9676E+01   -.9790E+01   -.9935E+01   -.1012E+02   -.1036E+02   -.1065E+02   -.1109E+02   -.1162E+02   -.1227E+02   -.1280E+02   -.1240E+02   -.1132E+02   -.1086E+02   -.1065E+02   -.1055E+02   -.1048E+02   -.1047E+02   -.1048E+02   -.1047E+02   -.1048E+02   -.1047E+02   -.1047E+02   -.1046E+02   -.1046E+02   -.1046E+02   -.1045E+02   -.1045E+02   -.1044E+02   -.1044E+02   -.1044E+02   -.1044E+02   -.1044E+02   -.1043E+02   -.1043E+02   -.1043E+02   -.1043E+02   -.1043E+02   -.1043E+02   -.1043E+02   -.1043E+02   -.1043E+02   -.1043E+02   -.1043E+02   -.1042E+02   -.1042E+02   -.1042E+02   -.1042E+02   -.1042E+02   -.1042E+02   -.1042E+02   -.1042E+02   -.1042E+02   -.1042E+02   -.1042E+02   -.1042E+02   -.1042E+02   -.1042E+02   -.1042E+02   -.1042E+02   -.1042E+02
0.6160E+05   0.2550E+01   -.9006E+01   -.9008E+01   -.9011E+01   -.9013E+01   -.9016E+01   -.9020E+01   -.9023E+01   -.9027E+01   -.9031E+01   -.9035E+01   -.9040E+01   -.9044E+01   -.9049E+01   -.9055E+01   -.9060E+01   -.9066E+01   -.9073E+01   -.9080E+01   -.9087E+01   -.9095E+01   -.9103E+01   -.9113E+01   -.9123E+01   -.9134E+01   -.9146E+01   -.9159E+01   -.9174E+01   -.9191E+01   -.9210E+01   -.9231E+01   -.9255E+01   -.9282E+01   -.9314E+01   -.9351E+01   -.9395E+01   -.9446E+01   -.9508E+01   -.9583E+01   -.9675E+01   -.9789E+01   -.9932E+01   -.1011E+02   -.1035E+02   -.1064E+02   -.1107E+02   -.1158E+02   -.1221E+02   -.1274E+02   -.1255E+02   -.1176E+02   -.1121E+02   -.1094E+02   -.1080E+02   -.1072E+02   -.1069E+02   -.1069E+02   -.1066E+02   -.1067E+02   -.1066E+02   -.1066E+02   -.1065E+02   -.1065E+02   -.1065E+02   -.1065E+02   -.1065E+02   -.1065E+02   -.1065E+02   -.1065E+02   -.1065E+02   -.1065E+02   -.1066E+02   -.1066E+02   -.1066E+02   -.1066E+02   -.1066E+02   -.1066E+02   -.1066E+02   -.1066E+02   -.1066E+02   -.1066E+02   -.1066E+02   -.1066E+02   -.1066E+02   -.1066E+02   -.1066E+02   -.1066E+02   -.1066E+02   -.1066E+02   -.1066E+02   -.1066E+02   -.1066E+02   -.1066E+02   -.1066E+02   -.1066E+02   -.1066E+02   -.1066E+02   -.1066E+02   -.1066E+02
0.6143E+05   0.2700E+01   -.9006E+01   -.9008E+01   -.9011E+01   -.9013E+01   -.9016E+01   -.9020E+01   -.9023E+01   -.9027E+01   -.9031E+01   -.9035E+01   -.9040E+01   -.9044E+01   -.9049E+01   -.9055E+01   -.9060E+01   -.9066E+01   -.9073E+01   -.9080E+01   -.9087E+01   -.9095E+01   -.9103E+01   -.9113E+01   -.9123E+01   -.9134E+01   -.9146E+01   -.9159E+01   -.9174E+01   -.9191E+01   -.9210E+01   -.9231E+01   -.9255E+01   -.9282E+01   -.9314E+01   -.9351E+01   -.9395E+01   -.9447E+01   -.9509E+01   -.9584E+01   -.9677E+01   -.9791E+01   -.9934E+01   -.1012E+02   -.1035E+02   -.1065E+02   -.1107E+02   -.1158E+02   -.1218E+02   -.1274E+02   -.1270E+02   -.1201E+02   -.1144E+02   -.1114E+02   -.1101E+02   -.1093E+02   -.1091E+02   -.1090E+02   -.1088E+02   -.1089E+02   -.1087E+02   -.1087E+02   -.1086E+02   -.1086E+02   -.1085E+02   -.1085E+02   -.1085E+02   -.1085E+02   -.1085E+02   -.1085E+02   -.1085E+02   -.1085E+02   -.1085E+02   -.1085E+02   -.1085E+02   -.1085E+02   -.1085E+02   -.1085E+02   -.1085E+02   -.1085E+02   -.1084E+02   -.1084E+02   -.1084E+02   -.1084E+02   -.1084E+02   -.1084E+02   -.1084E+02   -.1084E+02   -.1085E+02   -.1085E+02   -.1085E+02   -.1085E+02   -.1085E+02   -.1085E+02   -.1085E+02   -.1085E+02   -.1085E+02   -.1085E+02   -.1085E+02   -.1085E+02
0.6150E+05   0.2850E+01   -.9006E+01   -.9008E+01   -.9011E+01   -.9013E+01   -.9016E+01   -.9020E+01   -.9023E+01   -.9027E+01   -.9031E+01   -.9035E+01   -.9040E+01   -.9044E+01   -.9049E+01   -.9055E+01   -.9060E+01   -.9066E+01   -.9073E+01   -.9080E+01   -.9087E+01   -.9095E+01   -.9104E+01   -.9113E+01   -.9123E+01   -.9134E+01   -.9146E+01   -.9159E+01   -.9175E+01   -.9191E+01   -.9210E+01   -.9231E+01   -.9255E+01   -.9283E+01   -.9314E+01   -.9352E+01   -.9395E+01   -.9447E+01   -.9509E+01   -.9585E+01   -.9677E+01   -.9791E+01   -.9934E+01   -.1012E+02   -.1035E+02   -.1065E+02   -.1107E+02   -.1157E+02   -.1217E+02   -.1272E+02   -.1276E+02   -.1210E+02   -.1150E+02   -.1116E+02   -.1100E+02   -.1090E+02   -.1086E+02   -.1084E+02   -.1081E+02   -.1080E+02   -.1078E+02   -.1078E+02   -.1076E+02   -.1075E+02   -.1074E+02   -.1073E+02   -.1072E+02   -.1071E+02   -.1071E+02   -.1070E+02   -.1070E+02   -.1069E+02   -.1069E+02   -.1069E+02   -.1068E+02   -.1068E+02   -.1068E+02   -.1068E+02   -.1067E+02   -.1067E+02   -.1067E+02   -.1067E+02   -.1067E+02   -.1067E+02   -.1067E+02   -.1066E+02   -.1066E+02   -.1066E+02   -.1066E+02   -.1066E+02   -.1066E+02   -.1066E+02   -.1066E+02   -.1066E+02   -.1066E+02   -.1066E+02   -.1066E+02   -.1066E+02   -.1066E+02   -.1066E+02
0.6148E+05   0.3000E+01   -.9006E+01   -.9008E+01   -.9011E+01   -.9013E+01   -.9016E+01   -.9020E+01   -.9023E+01   -.9027E+01   -.9031E+01   -.9035E+01   -.9040E+01   -.9044E+01   -.9049E+01   -.9055E+01   -.9060E+01   -.9066E+01   -.9073E+01   -.9080E+01   -.9087E+01   -.9095E+01   -.9104E+01   -.9113E+01   -.9123E+01   -.9134E+01   -.9146E+01   -.9159E+01   -.9175E+01   -.9191E+01   -.9210E+01   -.9231E+01   -.9255E+01   -.9282E+01   -.9314E+01   -.9352E+01   -.9395E+01   -.9447E+01   -.9510E+01   -.9585E+01   -.9678E+01   -.9792E+01   -.9936E+01   -.1012E+02   -.1035E+02   -.1065E+02   -.1107E+02   -.1157E+02   -.1217E+02   -.1271E+02   -.1275E+02   -.1208E+02   -.1146E+02   -.1111E+02   -.1092E+02   -.1078E+02   -.1072E+02   -.1067E+02   -.1062E+02   -.1060E+02   -.1056E+02   -.1055E+02   -.1052E+02   -.1049E+02   -.1047E+02   -.1046E+02   -.1044E+02   -.1043E+02   -.1042E+02   -.1041E+02   -.1040E+02   -.1039E+02   -.1038E+02   -.1037E+02   -.1036E+02   -.1036E+02   -.1035E+02   -.1035E+02   -.1034E+02   -.1034E+02   -.1033E+02   -.1033E+02   -.1033E+02   -.1032E+02   -.1032E+02   -.1032E+02   -.1032E+02   -.1031E+02   -.1031E+02   -.1031E+02   -.1031E+02   -.1031E+02   -.1030E+02   -.1030E+02   -.1030E+02   -.1030E+02   -.1030E+02   -.1030E+02   -.1030E+02   -.1029E+02
