0.6018E+05   0.1118E+01   0.4340E-03   0.5200E-03   0.5900E-03   0.6600E-03   0.7354E-03   0.8151E-03   0.9008E-03   0.9924E-03   0.1091E-02   0.1196E-02   0.1310E-02   0.1432E-02   0.1564E-02   0.1708E-02   0.1864E-02   0.2033E-02   0.2219E-02   0.2424E-02   0.2649E-02   0.2898E-02   0.3174E-02   0.3483E-02   0.3830E-02   0.4220E-02   0.4663E-02   0.5167E-02   0.5744E-02   0.6411E-02   0.7185E-02   0.8091E-02   0.9159E-02   0.1043E-01   0.1196E-01   0.1381E-01   0.1609E-01   0.1892E-01   0.2250E-01   0.2709E-01   0.3311E-01   0.4116E-01   0.5221E-01   0.6754E-01   0.8887E-01   0.1175E+00   0.1663E+00   0.2282E+00   0.3198E+00   0.4628E+00   0.7716E+00   0.8841E+00   0.9227E+00   0.9383E+00   0.9468E+00   0.9532E+00   0.9578E+00   0.9614E+00   0.9642E+00   0.9663E+00   0.9679E+00   0.9692E+00   0.9702E+00   0.9711E+00   0.9717E+00   0.9723E+00   0.9727E+00   0.9731E+00   0.9735E+00   0.9738E+00   0.9740E+00   0.9743E+00   0.9745E+00   0.9747E+00   0.9749E+00   0.9751E+00   0.9752E+00   0.9754E+00   0.9755E+00   0.9756E+00   0.9758E+00   0.9759E+00   0.9760E+00   0.9761E+00   0.9762E+00   0.9762E+00   0.9763E+00   0.9764E+00   0.9765E+00   0.9765E+00   0.9766E+00   0.9766E+00   0.9767E+00   0.9767E+00   0.9768E+00   0.9768E+00   0.9769E+00   0.9769E+00   0.9769E+00   0.9769E+00
0.6019E+05   0.1345E+01   0.4346E-03   0.5207E-03   0.5908E-03   0.6609E-03   0.7364E-03   0.8162E-03   0.9021E-03   0.9938E-03   0.1092E-02   0.1198E-02   0.1312E-02   0.1435E-02   0.1567E-02   0.1711E-02   0.1868E-02   0.2038E-02   0.2225E-02   0.2430E-02   0.2656E-02   0.2906E-02   0.3184E-02   0.3495E-02   0.3844E-02   0.4237E-02   0.4682E-02   0.5190E-02   0.5772E-02   0.6445E-02   0.7225E-02   0.8140E-02   0.9218E-02   0.1050E-01   0.1204E-01   0.1391E-01   0.1620E-01   0.1904E-01   0.2262E-01   0.2719E-01   0.3313E-01   0.4099E-01   0.5163E-01   0.6610E-01   0.8583E-01   0.1119E+00   0.1551E+00   0.2091E+00   0.2869E+00   0.4326E+00   0.6878E+00   0.7911E+00   0.8368E+00   0.8554E+00   0.8660E+00   0.8731E+00   0.8779E+00   0.8814E+00   0.8839E+00   0.8858E+00   0.8873E+00   0.8884E+00   0.8893E+00   0.8900E+00   0.8906E+00   0.8911E+00   0.8915E+00   0.8919E+00   0.8922E+00   0.8925E+00   0.8928E+00   0.8931E+00   0.8933E+00   0.8935E+00   0.8937E+00   0.8939E+00   0.8940E+00   0.8942E+00   0.8943E+00   0.8945E+00   0.8946E+00   0.8947E+00   0.8948E+00   0.8949E+00   0.8950E+00   0.8951E+00   0.8952E+00   0.8953E+00   0.8953E+00   0.8954E+00   0.8955E+00   0.8955E+00   0.8956E+00   0.8956E+00   0.8957E+00   0.8957E+00   0.8958E+00   0.8958E+00   0.8958E+00   0.8958E+00
0.6019E+05   0.1573E+01   0.4356E-03   0.5219E-03   0.5920E-03   0.6622E-03   0.7379E-03   0.8178E-03   0.9038E-03   0.9957E-03   0.1094E-02   0.1200E-02   0.1315E-02   0.1438E-02   0.1571E-02   0.1715E-02   0.1872E-02   0.2043E-02   0.2230E-02   0.2436E-02   0.2663E-02   0.2914E-02   0.3194E-02   0.3506E-02   0.3856E-02   0.4252E-02   0.4700E-02   0.5211E-02   0.5798E-02   0.6475E-02   0.7262E-02   0.8183E-02   0.9270E-02   0.1056E-01   0.1211E-01   0.1399E-01   0.1630E-01   0.1915E-01   0.2272E-01   0.2726E-01   0.3310E-01   0.4075E-01   0.5094E-01   0.6456E-01   0.8271E-01   0.1063E+00   0.1442E+00   0.1907E+00   0.2571E+00   0.3756E+00   0.5893E+00   0.6906E+00   0.7389E+00   0.7602E+00   0.7729E+00   0.7809E+00   0.7860E+00   0.7896E+00   0.7921E+00   0.7938E+00   0.7951E+00   0.7961E+00   0.7969E+00   0.7976E+00   0.7981E+00   0.7986E+00   0.7990E+00   0.7993E+00   0.7997E+00   0.8000E+00   0.8002E+00   0.8005E+00   0.8007E+00   0.8009E+00   0.8012E+00   0.8013E+00   0.8015E+00   0.8017E+00   0.8018E+00   0.8020E+00   0.8021E+00   0.8022E+00   0.8024E+00   0.8025E+00   0.8026E+00   0.8027E+00   0.8027E+00   0.8028E+00   0.8029E+00   0.8030E+00   0.8030E+00   0.8031E+00   0.8032E+00   0.8032E+00   0.8033E+00   0.8033E+00   0.8033E+00   0.8034E+00   0.8034E+00   0.8034E+00
0.6018E+05   0.1800E+01   0.4364E-03   0.5227E-03   0.5929E-03   0.6632E-03   0.7389E-03   0.8190E-03   0.9051E-03   0.9972E-03   0.1096E-02   0.1202E-02   0.1317E-02   0.1440E-02   0.1573E-02   0.1718E-02   0.1875E-02   0.2047E-02   0.2235E-02   0.2441E-02   0.2669E-02   0.2921E-02   0.3202E-02   0.3516E-02   0.3868E-02   0.4265E-02   0.4716E-02   0.5230E-02   0.5820E-02   0.6501E-02   0.7293E-02   0.8221E-02   0.9315E-02   0.1062E-01   0.1218E-01   0.1407E-01   0.1638E-01   0.1923E-01   0.2280E-01   0.2730E-01   0.3305E-01   0.4049E-01   0.5026E-01   0.6309E-01   0.7984E-01   0.1013E+00   0.1346E+00   0.1749E+00   0.2316E+00   0.3303E+00   0.4997E+00   0.5980E+00   0.6482E+00   0.6722E+00   0.6871E+00   0.6960E+00   0.7016E+00   0.7052E+00   0.7076E+00   0.7093E+00   0.7105E+00   0.7113E+00   0.7120E+00   0.7126E+00   0.7131E+00   0.7135E+00   0.7139E+00   0.7142E+00   0.7145E+00   0.7148E+00   0.7151E+00   0.7153E+00   0.7156E+00   0.7158E+00   0.7160E+00   0.7162E+00   0.7164E+00   0.7166E+00   0.7167E+00   0.7169E+00   0.7170E+00   0.7171E+00   0.7173E+00   0.7174E+00   0.7175E+00   0.7176E+00   0.7177E+00   0.7178E+00   0.7178E+00   0.7179E+00   0.7180E+00   0.7180E+00   0.7181E+00   0.7182E+00   0.7182E+00   0.7183E+00   0.7183E+00   0.7183E+00   0.7184E+00   0.7184E+00
0.6062E+05   0.1950E+01   0.4368E-03   0.5232E-03   0.5934E-03   0.6637E-03   0.7395E-03   0.8196E-03   0.9058E-03   0.9979E-03   0.1097E-02   0.1203E-02   0.1318E-02   0.1441E-02   0.1575E-02   0.1719E-02   0.1877E-02   0.2049E-02   0.2237E-02   0.2444E-02   0.2672E-02   0.2925E-02   0.3206E-02   0.3521E-02   0.3874E-02   0.4272E-02   0.4724E-02   0.5240E-02   0.5832E-02   0.6516E-02   0.7310E-02   0.8241E-02   0.9340E-02   0.1065E-01   0.1221E-01   0.1411E-01   0.1642E-01   0.1928E-01   0.2283E-01   0.2730E-01   0.3299E-01   0.4030E-01   0.4982E-01   0.6217E-01   0.7810E-01   0.9824E-01   0.1290E+00   0.1658E+00   0.2176E+00   0.3051E+00   0.4455E+00   0.5420E+00   0.5939E+00   0.6197E+00   0.6358E+00   0.6453E+00   0.6510E+00   0.6547E+00   0.6571E+00   0.6586E+00   0.6597E+00   0.6605E+00   0.6611E+00   0.6616E+00   0.6620E+00   0.6624E+00   0.6627E+00   0.6630E+00   0.6633E+00   0.6636E+00   0.6639E+00   0.6641E+00   0.6643E+00   0.6646E+00   0.6648E+00   0.6649E+00   0.6651E+00   0.6653E+00   0.6654E+00   0.6656E+00   0.6657E+00   0.6659E+00   0.6660E+00   0.6661E+00   0.6662E+00   0.6663E+00   0.6664E+00   0.6665E+00   0.6666E+00   0.6666E+00   0.6667E+00   0.6668E+00   0.6668E+00   0.6669E+00   0.6669E+00   0.6670E+00   0.6670E+00   0.6671E+00   0.6671E+00   0.6671E+00
0.6057E+05   0.2100E+01   0.4371E-03   0.5236E-03   0.5939E-03   0.6642E-03   0.7400E-03   0.8202E-03   0.9064E-03   0.9986E-03   0.1098E-02   0.1204E-02   0.1319E-02   0.1442E-02   0.1576E-02   0.1721E-02   0.1878E-02   0.2051E-02   0.2239E-02   0.2446E-02   0.2675E-02   0.2928E-02   0.3210E-02   0.3525E-02   0.3879E-02   0.4279E-02   0.4732E-02   0.5249E-02   0.5843E-02   0.6528E-02   0.7326E-02   0.8260E-02   0.9362E-02   0.1067E-01   0.1224E-01   0.1414E-01   0.1646E-01   0.1931E-01   0.2286E-01   0.2731E-01   0.3294E-01   0.4013E-01   0.4940E-01   0.6133E-01   0.7653E-01   0.9559E-01   0.1241E+00   0.1581E+00   0.2055E+00   0.2816E+00   0.3988E+00   0.4905E+00   0.5442E+00   0.5718E+00   0.5892E+00   0.5993E+00   0.6053E+00   0.6091E+00   0.6114E+00   0.6129E+00   0.6139E+00   0.6147E+00   0.6152E+00   0.6157E+00   0.6160E+00   0.6164E+00   0.6167E+00   0.6170E+00   0.6172E+00   0.6175E+00   0.6177E+00   0.6180E+00   0.6182E+00   0.6184E+00   0.6186E+00   0.6187E+00   0.6189E+00   0.6191E+00   0.6192E+00   0.6194E+00   0.6195E+00   0.6196E+00   0.6197E+00   0.6199E+00   0.6200E+00   0.6201E+00   0.6201E+00   0.6202E+00   0.6203E+00   0.6204E+00   0.6204E+00   0.6205E+00   0.6206E+00   0.6206E+00   0.6207E+00   0.6207E+00   0.6208E+00   0.6208E+00   0.6208E+00   0.6208E+00
0.6134E+05   0.2250E+01   0.4374E-03   0.5239E-03   0.5942E-03   0.6645E-03   0.7404E-03   0.8206E-03   0.9069E-03   0.9992E-03   0.1098E-02   0.1205E-02   0.1319E-02   0.1443E-02   0.1577E-02   0.1722E-02   0.1880E-02   0.2052E-02   0.2241E-02   0.2448E-02   0.2677E-02   0.2931E-02   0.3213E-02   0.3529E-02   0.3884E-02   0.4284E-02   0.4738E-02   0.5256E-02   0.5851E-02   0.6539E-02   0.7339E-02   0.8275E-02   0.9380E-02   0.1069E-01   0.1227E-01   0.1417E-01   0.1649E-01   0.1934E-01   0.2288E-01   0.2730E-01   0.3288E-01   0.3996E-01   0.4903E-01   0.6059E-01   0.7517E-01   0.9331E-01   0.1200E+00   0.1516E+00   0.1952E+00   0.2616E+00   0.3585E+00   0.4439E+00   0.4987E+00   0.5277E+00   0.5464E+00   0.5569E+00   0.5632E+00   0.5671E+00   0.5695E+00   0.5710E+00   0.5720E+00   0.5727E+00   0.5733E+00   0.5737E+00   0.5740E+00   0.5743E+00   0.5746E+00   0.5748E+00   0.5751E+00   0.5753E+00   0.5755E+00   0.5757E+00   0.5759E+00   0.5761E+00   0.5763E+00   0.5764E+00   0.5766E+00   0.5768E+00   0.5769E+00   0.5770E+00   0.5772E+00   0.5773E+00   0.5774E+00   0.5775E+00   0.5776E+00   0.5777E+00   0.5778E+00   0.5778E+00   0.5779E+00   0.5780E+00   0.5780E+00   0.5781E+00   0.5782E+00   0.5782E+00   0.5783E+00   0.5783E+00   0.5783E+00   0.5784E+00   0.5784E+00   0.5784E+00
0.6130E+05   0.2400E+01   0.4376E-03   0.5242E-03   0.5945E-03   0.6649E-03   0.7408E-03   0.8210E-03   0.9074E-03   0.9997E-03   0.1099E-02   0.1205E-02   0.1320E-02   0.1444E-02   0.1578E-02   0.1723E-02   0.1881E-02   0.2053E-02   0.2242E-02   0.2450E-02   0.2679E-02   0.2933E-02   0.3216E-02   0.3532E-02   0.3887E-02   0.4288E-02   0.4743E-02   0.5263E-02   0.5859E-02   0.6548E-02   0.7349E-02   0.8288E-02   0.9395E-02   0.1071E-01   0.1229E-01   0.1419E-01   0.1651E-01   0.1937E-01   0.2290E-01   0.2730E-01   0.3283E-01   0.3982E-01   0.4872E-01   0.5998E-01   0.7406E-01   0.9147E-01   0.1167E+00   0.1465E+00   0.1870E+00   0.2460E+00   0.3276E+00   0.4047E+00   0.4596E+00   0.4901E+00   0.5099E+00   0.5210E+00   0.5275E+00   0.5316E+00   0.5340E+00   0.5356E+00   0.5366E+00   0.5372E+00   0.5377E+00   0.5381E+00   0.5384E+00   0.5387E+00   0.5390E+00   0.5392E+00   0.5394E+00   0.5396E+00   0.5398E+00   0.5400E+00   0.5402E+00   0.5404E+00   0.5405E+00   0.5407E+00   0.5408E+00   0.5410E+00   0.5411E+00   0.5412E+00   0.5414E+00   0.5415E+00   0.5416E+00   0.5417E+00   0.5418E+00   0.5419E+00   0.5419E+00   0.5420E+00   0.5421E+00   0.5421E+00   0.5422E+00   0.5423E+00   0.5423E+00   0.5424E+00   0.5424E+00   0.5424E+00   0.5425E+00   0.5425E+00   0.5425E+00   0.5425E+00
0.6160E+05   0.2550E+01   0.4378E-03   0.5244E-03   0.5947E-03   0.6651E-03   0.7411E-03   0.8213E-03   0.9077E-03   0.1000E-02   0.1099E-02   0.1206E-02   0.1321E-02   0.1444E-02   0.1578E-02   0.1724E-02   0.1882E-02   0.2054E-02   0.2244E-02   0.2451E-02   0.2681E-02   0.2935E-02   0.3218E-02   0.3535E-02   0.3890E-02   0.4291E-02   0.4747E-02   0.5267E-02   0.5864E-02   0.6554E-02   0.7357E-02   0.8297E-02   0.9406E-02   0.1072E-01   0.1230E-01   0.1421E-01   0.1653E-01   0.1938E-01   0.2291E-01   0.2729E-01   0.3279E-01   0.3970E-01   0.4846E-01   0.5948E-01   0.7317E-01   0.9001E-01   0.1141E+00   0.1425E+00   0.1806E+00   0.2338E+00   0.3048E+00   0.3743E+00   0.4285E+00   0.4600E+00   0.4807E+00   0.4922E+00   0.4991E+00   0.5033E+00   0.5057E+00   0.5073E+00   0.5083E+00   0.5090E+00   0.5095E+00   0.5098E+00   0.5101E+00   0.5104E+00   0.5106E+00   0.5108E+00   0.5110E+00   0.5112E+00   0.5114E+00   0.5116E+00   0.5118E+00   0.5120E+00   0.5121E+00   0.5123E+00   0.5124E+00   0.5125E+00   0.5127E+00   0.5128E+00   0.5129E+00   0.5130E+00   0.5131E+00   0.5132E+00   0.5133E+00   0.5134E+00   0.5135E+00   0.5135E+00   0.5136E+00   0.5137E+00   0.5137E+00   0.5138E+00   0.5138E+00   0.5139E+00   0.5139E+00   0.5139E+00   0.5140E+00   0.5140E+00   0.5140E+00   0.5140E+00
0.6143E+05   0.2700E+01   0.4379E-03   0.5245E-03   0.5949E-03   0.6653E-03   0.7413E-03   0.8215E-03   0.9079E-03   0.1000E-02   0.1100E-02   0.1206E-02   0.1321E-02   0.1445E-02   0.1579E-02   0.1724E-02   0.1882E-02   0.2055E-02   0.2244E-02   0.2452E-02   0.2682E-02   0.2936E-02   0.3220E-02   0.3536E-02   0.3892E-02   0.4294E-02   0.4750E-02   0.5271E-02   0.5869E-02   0.6559E-02   0.7363E-02   0.8304E-02   0.9414E-02   0.1073E-01   0.1231E-01   0.1422E-01   0.1655E-01   0.1939E-01   0.2291E-01   0.2729E-01   0.3276E-01   0.3962E-01   0.4827E-01   0.5912E-01   0.7254E-01   0.8898E-01   0.1123E+00   0.1397E+00   0.1761E+00   0.2252E+00   0.2889E+00   0.3529E+00   0.4060E+00   0.4382E+00   0.4597E+00   0.4715E+00   0.4786E+00   0.4828E+00   0.4854E+00   0.4870E+00   0.4880E+00   0.4886E+00   0.4891E+00   0.4895E+00   0.4898E+00   0.4900E+00   0.4902E+00   0.4904E+00   0.4906E+00   0.4908E+00   0.4910E+00   0.4912E+00   0.4914E+00   0.4915E+00   0.4917E+00   0.4918E+00   0.4920E+00   0.4921E+00   0.4922E+00   0.4923E+00   0.4924E+00   0.4925E+00   0.4926E+00   0.4927E+00   0.4928E+00   0.4929E+00   0.4930E+00   0.4930E+00   0.4931E+00   0.4932E+00   0.4932E+00   0.4933E+00   0.4933E+00   0.4934E+00   0.4934E+00   0.4934E+00   0.4935E+00   0.4935E+00   0.4935E+00   0.4935E+00
0.6150E+05   0.2850E+01   0.4380E-03   0.5246E-03   0.5950E-03   0.6654E-03   0.7414E-03   0.8217E-03   0.9081E-03   0.1000E-02   0.1100E-02   0.1206E-02   0.1321E-02   0.1445E-02   0.1579E-02   0.1725E-02   0.1883E-02   0.2056E-02   0.2245E-02   0.2453E-02   0.2683E-02   0.2937E-02   0.3221E-02   0.3537E-02   0.3893E-02   0.4295E-02   0.4752E-02   0.5273E-02   0.5871E-02   0.6562E-02   0.7367E-02   0.8308E-02   0.9419E-02   0.1074E-01   0.1232E-01   0.1423E-01   0.1655E-01   0.1940E-01   0.2292E-01   0.2728E-01   0.3273E-01   0.3956E-01   0.4815E-01   0.5890E-01   0.7214E-01   0.8834E-01   0.1112E+00   0.1380E+00   0.1733E+00   0.2202E+00   0.2797E+00   0.3402E+00   0.3924E+00   0.4250E+00   0.4468E+00   0.4589E+00   0.4661E+00   0.4704E+00   0.4730E+00   0.4746E+00   0.4756E+00   0.4763E+00   0.4767E+00   0.4771E+00   0.4774E+00   0.4776E+00   0.4778E+00   0.4780E+00   0.4782E+00   0.4784E+00   0.4786E+00   0.4788E+00   0.4789E+00   0.4791E+00   0.4793E+00   0.4794E+00   0.4795E+00   0.4797E+00   0.4798E+00   0.4799E+00   0.4800E+00   0.4801E+00   0.4802E+00   0.4803E+00   0.4804E+00   0.4805E+00   0.4805E+00   0.4806E+00   0.4807E+00   0.4807E+00   0.4808E+00   0.4808E+00   0.4809E+00   0.4809E+00   0.4810E+00   0.4810E+00   0.4810E+00   0.4811E+00   0.4811E+00   0.4811E+00
0.6148E+05   0.3000E+01   0.4381E-03   0.5246E-03   0.5950E-03   0.6654E-03   0.7414E-03   0.8217E-03   0.9081E-03   0.1001E-02   0.1100E-02   0.1206E-02   0.1321E-02   0.1445E-02   0.1579E-02   0.1725E-02   0.1883E-02   0.2056E-02   0.2245E-02   0.2453E-02   0.2683E-02   0.2937E-02   0.3221E-02   0.3538E-02   0.3894E-02   0.4296E-02   0.4752E-02   0.5273E-02   0.5872E-02   0.6563E-02   0.7368E-02   0.8310E-02   0.9421E-02   0.1074E-01   0.1232E-01   0.1423E-01   0.1656E-01   0.1940E-01   0.2292E-01   0.2728E-01   0.3273E-01   0.3954E-01   0.4812E-01   0.5883E-01   0.7202E-01   0.8813E-01   0.1108E+00   0.1374E+00   0.1724E+00   0.2185E+00   0.2768E+00   0.3361E+00   0.3881E+00   0.4209E+00   0.4429E+00   0.4550E+00   0.4623E+00   0.4666E+00   0.4692E+00   0.4708E+00   0.4718E+00   0.4725E+00   0.4729E+00   0.4733E+00   0.4736E+00   0.4738E+00   0.4740E+00   0.4742E+00   0.4744E+00   0.4746E+00   0.4748E+00   0.4749E+00   0.4751E+00   0.4753E+00   0.4754E+00   0.4756E+00   0.4757E+00   0.4758E+00   0.4759E+00   0.4761E+00   0.4762E+00   0.4763E+00   0.4764E+00   0.4765E+00   0.4765E+00   0.4766E+00   0.4767E+00   0.4768E+00   0.4768E+00   0.4769E+00   0.4769E+00   0.4770E+00   0.4770E+00   0.4771E+00   0.4771E+00   0.4772E+00   0.4772E+00   0.4772E+00   0.4772E+00   0.4772E+00
