0.6018E+05   0.1118E+01   -.9006E+01   -.9008E+01   -.9009E+01   -.9011E+01   -.9013E+01   -.9015E+01   -.9017E+01   -.9019E+01   -.9022E+01   -.9024E+01   -.9026E+01   -.9029E+01   -.9032E+01   -.9035E+01   -.9038E+01   -.9041E+01   -.9044E+01   -.9048E+01   -.9052E+01   -.9057E+01   -.9061E+01   -.9066E+01   -.9072E+01   -.9078E+01   -.9085E+01   -.9093E+01   -.9102E+01   -.9112E+01   -.9123E+01   -.9135E+01   -.9150E+01   -.9167E+01   -.9186E+01   -.9209E+01   -.9236E+01   -.9269E+01   -.9308E+01   -.9356E+01   -.9415E+01   -.9487E+01   -.9576E+01   -.9687E+01   -.9823E+01   -.9993E+01   -.1022E+02   -.1062E+02   -.1119E+02   -.1044E+02   -.4234E+01   -.4683E+01   -.6639E+01   -.6723E+01   -.7538E+01   -.8058E+01   -.8415E+01   -.8676E+01   -.8872E+01   -.9025E+01   -.9148E+01   -.9247E+01   -.9327E+01   -.9394E+01   -.9449E+01   -.9496E+01   -.9535E+01   -.9569E+01   -.9599E+01   -.9624E+01   -.9646E+01   -.9666E+01   -.9683E+01   -.9699E+01   -.9713E+01   -.9726E+01   -.9738E+01   -.9748E+01   -.9758E+01   -.9767E+01   -.9775E+01   -.9782E+01   -.9789E+01   -.9796E+01   -.9802E+01   -.9807E+01   -.9812E+01   -.9817E+01   -.9822E+01   -.9826E+01   -.9830E+01   -.9834E+01   -.9837E+01   -.9840E+01   -.9843E+01   -.9846E+01   -.9848E+01   -.9851E+01   -.9853E+01   -.9853E+01
0.6019E+05   0.1345E+01   -.9006E+01   -.9008E+01   -.9009E+01   -.9011E+01   -.9013E+01   -.9015E+01   -.9017E+01   -.9019E+01   -.9022E+01   -.9024E+01   -.9026E+01   -.9029E+01   -.9032E+01   -.9035E+01   -.9038E+01   -.9041E+01   -.9044E+01   -.9048E+01   -.9052E+01   -.9057E+01   -.9061E+01   -.9067E+01   -.9072E+01   -.9079E+01   -.9086E+01   -.9093E+01   -.9102E+01   -.9112E+01   -.9123E+01   -.9136E+01   -.9150E+01   -.9167E+01   -.9187E+01   -.9210E+01   -.9237E+01   -.9270E+01   -.9310E+01   -.9358E+01   -.9416E+01   -.9489E+01   -.9578E+01   -.9692E+01   -.9833E+01   -.1001E+02   -.1027E+02   -.1070E+02   -.1152E+02   -.9030E+01   -.6034E+01   -.6373E+01   -.7209E+01   -.7710E+01   -.8048E+01   -.8258E+01   -.8402E+01   -.8505E+01   -.8579E+01   -.8636E+01   -.8680E+01   -.8715E+01   -.8744E+01   -.8767E+01   -.8786E+01   -.8802E+01   -.8816E+01   -.8828E+01   -.8838E+01   -.8847E+01   -.8854E+01   -.8861E+01   -.8868E+01   -.8873E+01   -.8878E+01   -.8883E+01   -.8887E+01   -.8891E+01   -.8894E+01   -.8897E+01   -.8900E+01   -.8903E+01   -.8906E+01   -.8908E+01   -.8910E+01   -.8912E+01   -.8914E+01   -.8916E+01   -.8918E+01   -.8919E+01   -.8921E+01   -.8922E+01   -.8923E+01   -.8924E+01   -.8926E+01   -.8927E+01   -.8928E+01   -.8929E+01   -.8929E+01   -.8930E+01
0.6019E+05   0.1573E+01   -.9006E+01   -.9008E+01   -.9009E+01   -.9011E+01   -.9013E+01   -.9015E+01   -.9017E+01   -.9019E+01   -.9022E+01   -.9024E+01   -.9026E+01   -.9029E+01   -.9032E+01   -.9035E+01   -.9038E+01   -.9041E+01   -.9045E+01   -.9048E+01   -.9052E+01   -.9057E+01   -.9062E+01   -.9067E+01   -.9073E+01   -.9079E+01   -.9086E+01   -.9094E+01   -.9103E+01   -.9112E+01   -.9124E+01   -.9136E+01   -.9151E+01   -.9168E+01   -.9188E+01   -.9211E+01   -.9238E+01   -.9271E+01   -.9311E+01   -.9359E+01   -.9418E+01   -.9491E+01   -.9581E+01   -.9697E+01   -.9843E+01   -.1003E+02   -.1031E+02   -.1076E+02   -.1156E+02   -.1051E+02   -.7707E+01   -.7678E+01   -.8118E+01   -.8534E+01   -.8832E+01   -.9029E+01   -.9169E+01   -.9272E+01   -.9349E+01   -.9409E+01   -.9455E+01   -.9492E+01   -.9522E+01   -.9547E+01   -.9567E+01   -.9583E+01   -.9597E+01   -.9609E+01   -.9620E+01   -.9628E+01   -.9636E+01   -.9643E+01   -.9649E+01   -.9654E+01   -.9659E+01   -.9664E+01   -.9667E+01   -.9671E+01   -.9674E+01   -.9677E+01   -.9680E+01   -.9683E+01   -.9685E+01   -.9687E+01   -.9689E+01   -.9691E+01   -.9693E+01   -.9695E+01   -.9696E+01   -.9698E+01   -.9699E+01   -.9700E+01   -.9701E+01   -.9702E+01   -.9703E+01   -.9704E+01   -.9705E+01   -.9706E+01   -.9707E+01   -.9707E+01
0.6018E+05   0.1800E+01   -.9006E+01   -.9008E+01   -.9009E+01   -.9011E+01   -.9013E+01   -.9015E+01   -.9017E+01   -.9019E+01   -.9022E+01   -.9024E+01   -.9027E+01   -.9029E+01   -.9032E+01   -.9035E+01   -.9038E+01   -.9041E+01   -.9045E+01   -.9048E+01   -.9052E+01   -.9057E+01   -.9062E+01   -.9067E+01   -.9073E+01   -.9079E+01   -.9086E+01   -.9094E+01   -.9103E+01   -.9113E+01   -.9124E+01   -.9137E+01   -.9151E+01   -.9169E+01   -.9188E+01   -.9212E+01   -.9239E+01   -.9272E+01   -.9312E+01   -.9360E+01   -.9419E+01   -.9492E+01   -.9583E+01   -.9699E+01   -.9848E+01   -.1004E+02   -.1033E+02   -.1075E+02   -.1141E+02   -.1194E+02   -.9106E+01   -.8890E+01   -.9209E+01   -.9551E+01   -.9820E+01   -.1001E+02   -.1016E+02   -.1027E+02   -.1036E+02   -.1043E+02   -.1048E+02   -.1052E+02   -.1056E+02   -.1058E+02   -.1061E+02   -.1062E+02   -.1064E+02   -.1065E+02   -.1066E+02   -.1067E+02   -.1068E+02   -.1069E+02   -.1069E+02   -.1070E+02   -.1070E+02   -.1071E+02   -.1071E+02   -.1072E+02   -.1072E+02   -.1072E+02   -.1073E+02   -.1073E+02   -.1073E+02   -.1073E+02   -.1073E+02   -.1074E+02   -.1074E+02   -.1074E+02   -.1074E+02   -.1074E+02   -.1074E+02   -.1075E+02   -.1075E+02   -.1075E+02   -.1075E+02   -.1075E+02   -.1075E+02   -.1075E+02   -.1075E+02   -.1075E+02
0.6062E+05   0.1950E+01   -.9006E+01   -.9008E+01   -.9009E+01   -.9011E+01   -.9013E+01   -.9015E+01   -.9017E+01   -.9019E+01   -.9022E+01   -.9024E+01   -.9027E+01   -.9029E+01   -.9032E+01   -.9035E+01   -.9038E+01   -.9041E+01   -.9045E+01   -.9048E+01   -.9053E+01   -.9057E+01   -.9062E+01   -.9067E+01   -.9073E+01   -.9079E+01   -.9086E+01   -.9094E+01   -.9103E+01   -.9113E+01   -.9124E+01   -.9137E+01   -.9152E+01   -.9169E+01   -.9189E+01   -.9212E+01   -.9240E+01   -.9273E+01   -.9313E+01   -.9361E+01   -.9420E+01   -.9493E+01   -.9584E+01   -.9701E+01   -.9850E+01   -.1004E+02   -.1033E+02   -.1073E+02   -.1133E+02   -.1197E+02   -.1002E+02   -.9559E+01   -.9805E+01   -.1010E+02   -.1035E+02   -.1053E+02   -.1068E+02   -.1079E+02   -.1088E+02   -.1095E+02   -.1100E+02   -.1105E+02   -.1108E+02   -.1111E+02   -.1113E+02   -.1115E+02   -.1117E+02   -.1118E+02   -.1119E+02   -.1120E+02   -.1121E+02   -.1122E+02   -.1123E+02   -.1123E+02   -.1124E+02   -.1124E+02   -.1124E+02   -.1125E+02   -.1125E+02   -.1125E+02   -.1126E+02   -.1126E+02   -.1126E+02   -.1126E+02   -.1127E+02   -.1127E+02   -.1127E+02   -.1127E+02   -.1127E+02   -.1127E+02   -.1128E+02   -.1128E+02   -.1128E+02   -.1128E+02   -.1128E+02   -.1128E+02   -.1128E+02   -.1128E+02   -.1128E+02   -.1128E+02
0.6057E+05   0.2100E+01   -.9006E+01   -.9008E+01   -.9009E+01   -.9011E+01   -.9013E+01   -.9015E+01   -.9017E+01   -.9019E+01   -.9022E+01   -.9024E+01   -.9027E+01   -.9029E+01   -.9032E+01   -.9035E+01   -.9038E+01   -.9041E+01   -.9045E+01   -.9048E+01   -.9053E+01   -.9057E+01   -.9062E+01   -.9067E+01   -.9073E+01   -.9079E+01   -.9086E+01   -.9094E+01   -.9103E+01   -.9113E+01   -.9124E+01   -.9137E+01   -.9152E+01   -.9169E+01   -.9189E+01   -.9213E+01   -.9241E+01   -.9274E+01   -.9314E+01   -.9363E+01   -.9422E+01   -.9497E+01   -.9589E+01   -.9709E+01   -.9863E+01   -.1006E+02   -.1035E+02   -.1075E+02   -.1128E+02   -.1167E+02   -.1090E+02   -.1021E+02   -.1029E+02   -.1052E+02   -.1074E+02   -.1091E+02   -.1106E+02   -.1117E+02   -.1126E+02   -.1133E+02   -.1138E+02   -.1143E+02   -.1146E+02   -.1149E+02   -.1152E+02   -.1154E+02   -.1155E+02   -.1157E+02   -.1158E+02   -.1159E+02   -.1160E+02   -.1160E+02   -.1161E+02   -.1162E+02   -.1162E+02   -.1163E+02   -.1163E+02   -.1163E+02   -.1164E+02   -.1164E+02   -.1164E+02   -.1165E+02   -.1165E+02   -.1165E+02   -.1165E+02   -.1166E+02   -.1166E+02   -.1166E+02   -.1166E+02   -.1166E+02   -.1166E+02   -.1166E+02   -.1167E+02   -.1167E+02   -.1167E+02   -.1167E+02   -.1167E+02   -.1167E+02   -.1167E+02   -.1167E+02
0.6134E+05   0.2250E+01   -.9006E+01   -.9008E+01   -.9009E+01   -.9011E+01   -.9013E+01   -.9015E+01   -.9017E+01   -.9019E+01   -.9022E+01   -.9024E+01   -.9027E+01   -.9029E+01   -.9032E+01   -.9035E+01   -.9038E+01   -.9041E+01   -.9045E+01   -.9049E+01   -.9053E+01   -.9057E+01   -.9062E+01   -.9067E+01   -.9073E+01   -.9079E+01   -.9086E+01   -.9094E+01   -.9103E+01   -.9113E+01   -.9125E+01   -.9137E+01   -.9152E+01   -.9170E+01   -.9190E+01   -.9213E+01   -.9241E+01   -.9274E+01   -.9314E+01   -.9363E+01   -.9422E+01   -.9496E+01   -.9588E+01   -.9706E+01   -.9858E+01   -.1005E+02   -.1034E+02   -.1071E+02   -.1119E+02   -.1161E+02   -.1141E+02   -.1093E+02   -.1091E+02   -.1110E+02   -.1130E+02   -.1147E+02   -.1160E+02   -.1171E+02   -.1180E+02   -.1187E+02   -.1192E+02   -.1197E+02   -.1200E+02   -.1203E+02   -.1206E+02   -.1208E+02   -.1209E+02   -.1211E+02   -.1212E+02   -.1213E+02   -.1214E+02   -.1215E+02   -.1216E+02   -.1216E+02   -.1217E+02   -.1217E+02   -.1218E+02   -.1218E+02   -.1219E+02   -.1219E+02   -.1219E+02   -.1220E+02   -.1220E+02   -.1220E+02   -.1220E+02   -.1221E+02   -.1221E+02   -.1221E+02   -.1221E+02   -.1221E+02   -.1221E+02   -.1222E+02   -.1222E+02   -.1222E+02   -.1222E+02   -.1222E+02   -.1222E+02   -.1222E+02   -.1222E+02   -.1222E+02
0.6130E+05   0.2400E+01   -.9006E+01   -.9008E+01   -.9009E+01   -.9011E+01   -.9013E+01   -.9015E+01   -.9017E+01   -.9020E+01   -.9022E+01   -.9024E+01   -.9027E+01   -.9029E+01   -.9032E+01   -.9035E+01   -.9038E+01   -.9041E+01   -.9045E+01   -.9049E+01   -.9053E+01   -.9057E+01   -.9062E+01   -.9067E+01   -.9073E+01   -.9079E+01   -.9087E+01   -.9094E+01   -.9103E+01   -.9113E+01   -.9125E+01   -.9138E+01   -.9152E+01   -.9170E+01   -.9190E+01   -.9213E+01   -.9241E+01   -.9274E+01   -.9314E+01   -.9363E+01   -.9423E+01   -.9497E+01   -.9589E+01   -.9708E+01   -.9861E+01   -.1005E+02   -.1034E+02   -.1069E+02   -.1112E+02   -.1148E+02   -.1152E+02   -.1124E+02   -.1117E+02   -.1130E+02   -.1147E+02   -.1163E+02   -.1176E+02   -.1187E+02   -.1195E+02   -.1201E+02   -.1207E+02   -.1211E+02   -.1215E+02   -.1218E+02   -.1220E+02   -.1222E+02   -.1224E+02   -.1225E+02   -.1227E+02   -.1228E+02   -.1229E+02   -.1230E+02   -.1230E+02   -.1231E+02   -.1232E+02   -.1232E+02   -.1233E+02   -.1233E+02   -.1234E+02   -.1234E+02   -.1234E+02   -.1235E+02   -.1235E+02   -.1235E+02   -.1235E+02   -.1236E+02   -.1236E+02   -.1236E+02   -.1236E+02   -.1236E+02   -.1237E+02   -.1237E+02   -.1237E+02   -.1237E+02   -.1237E+02   -.1237E+02   -.1237E+02   -.1237E+02   -.1237E+02   -.1237E+02
0.6160E+05   0.2550E+01   -.9006E+01   -.9008E+01   -.9009E+01   -.9011E+01   -.9013E+01   -.9015E+01   -.9017E+01   -.9020E+01   -.9022E+01   -.9024E+01   -.9027E+01   -.9029E+01   -.9032E+01   -.9035E+01   -.9038E+01   -.9041E+01   -.9045E+01   -.9049E+01   -.9053E+01   -.9057E+01   -.9062E+01   -.9067E+01   -.9073E+01   -.9079E+01   -.9087E+01   -.9094E+01   -.9103E+01   -.9113E+01   -.9125E+01   -.9138E+01   -.9152E+01   -.9170E+01   -.9190E+01   -.9213E+01   -.9241E+01   -.9274E+01   -.9314E+01   -.9363E+01   -.9422E+01   -.9495E+01   -.9587E+01   -.9705E+01   -.9856E+01   -.1004E+02   -.1032E+02   -.1066E+02   -.1107E+02   -.1144E+02   -.1158E+02   -.1146E+02   -.1138E+02   -.1148E+02   -.1162E+02   -.1178E+02   -.1190E+02   -.1201E+02   -.1209E+02   -.1215E+02   -.1221E+02   -.1225E+02   -.1229E+02   -.1232E+02   -.1234E+02   -.1236E+02   -.1238E+02   -.1239E+02   -.1241E+02   -.1242E+02   -.1243E+02   -.1244E+02   -.1244E+02   -.1245E+02   -.1246E+02   -.1246E+02   -.1247E+02   -.1247E+02   -.1247E+02   -.1248E+02   -.1248E+02   -.1248E+02   -.1249E+02   -.1249E+02   -.1249E+02   -.1250E+02   -.1250E+02   -.1250E+02   -.1250E+02   -.1250E+02   -.1250E+02   -.1251E+02   -.1251E+02   -.1251E+02   -.1251E+02   -.1251E+02   -.1251E+02   -.1251E+02   -.1251E+02   -.1251E+02
0.6143E+05   0.2700E+01   -.9006E+01   -.9008E+01   -.9009E+01   -.9011E+01   -.9013E+01   -.9015E+01   -.9017E+01   -.9020E+01   -.9022E+01   -.9024E+01   -.9027E+01   -.9029E+01   -.9032E+01   -.9035E+01   -.9038E+01   -.9041E+01   -.9045E+01   -.9049E+01   -.9053E+01   -.9057E+01   -.9062E+01   -.9067E+01   -.9073E+01   -.9079E+01   -.9087E+01   -.9095E+01   -.9103E+01   -.9113E+01   -.9125E+01   -.9138E+01   -.9153E+01   -.9170E+01   -.9190E+01   -.9214E+01   -.9241E+01   -.9275E+01   -.9315E+01   -.9364E+01   -.9423E+01   -.9497E+01   -.9589E+01   -.9708E+01   -.9859E+01   -.1005E+02   -.1032E+02   -.1065E+02   -.1104E+02   -.1142E+02   -.1165E+02   -.1165E+02   -.1160E+02   -.1168E+02   -.1181E+02   -.1196E+02   -.1208E+02   -.1218E+02   -.1227E+02   -.1233E+02   -.1238E+02   -.1243E+02   -.1246E+02   -.1249E+02   -.1251E+02   -.1253E+02   -.1255E+02   -.1257E+02   -.1258E+02   -.1259E+02   -.1260E+02   -.1261E+02   -.1262E+02   -.1262E+02   -.1263E+02   -.1264E+02   -.1264E+02   -.1265E+02   -.1265E+02   -.1265E+02   -.1266E+02   -.1266E+02   -.1266E+02   -.1267E+02   -.1267E+02   -.1267E+02   -.1267E+02   -.1267E+02   -.1268E+02   -.1268E+02   -.1268E+02   -.1268E+02   -.1268E+02   -.1268E+02   -.1269E+02   -.1269E+02   -.1269E+02   -.1269E+02   -.1269E+02   -.1269E+02
0.6150E+05   0.2850E+01   -.9006E+01   -.9008E+01   -.9009E+01   -.9011E+01   -.9013E+01   -.9015E+01   -.9017E+01   -.9020E+01   -.9022E+01   -.9024E+01   -.9027E+01   -.9029E+01   -.9032E+01   -.9035E+01   -.9038E+01   -.9041E+01   -.9045E+01   -.9049E+01   -.9053E+01   -.9057E+01   -.9062E+01   -.9067E+01   -.9073E+01   -.9080E+01   -.9087E+01   -.9095E+01   -.9103E+01   -.9114E+01   -.9125E+01   -.9138E+01   -.9153E+01   -.9170E+01   -.9190E+01   -.9214E+01   -.9242E+01   -.9275E+01   -.9315E+01   -.9364E+01   -.9423E+01   -.9497E+01   -.9589E+01   -.9707E+01   -.9858E+01   -.1005E+02   -.1032E+02   -.1065E+02   -.1102E+02   -.1140E+02   -.1168E+02   -.1176E+02   -.1172E+02   -.1178E+02   -.1190E+02   -.1204E+02   -.1217E+02   -.1227E+02   -.1235E+02   -.1241E+02   -.1246E+02   -.1251E+02   -.1254E+02   -.1257E+02   -.1260E+02   -.1262E+02   -.1263E+02   -.1265E+02   -.1266E+02   -.1267E+02   -.1268E+02   -.1269E+02   -.1270E+02   -.1271E+02   -.1271E+02   -.1272E+02   -.1272E+02   -.1273E+02   -.1273E+02   -.1273E+02   -.1274E+02   -.1274E+02   -.1274E+02   -.1275E+02   -.1275E+02   -.1275E+02   -.1275E+02   -.1276E+02   -.1276E+02   -.1276E+02   -.1276E+02   -.1276E+02   -.1276E+02   -.1277E+02   -.1277E+02   -.1277E+02   -.1277E+02   -.1277E+02   -.1277E+02   -.1277E+02
0.6148E+05   0.3000E+01   -.9006E+01   -.9008E+01   -.9009E+01   -.9011E+01   -.9013E+01   -.9015E+01   -.9017E+01   -.9020E+01   -.9022E+01   -.9024E+01   -.9027E+01   -.9029E+01   -.9032E+01   -.9035E+01   -.9038E+01   -.9041E+01   -.9045E+01   -.9049E+01   -.9053E+01   -.9057E+01   -.9062E+01   -.9067E+01   -.9073E+01   -.9080E+01   -.9087E+01   -.9095E+01   -.9103E+01   -.9113E+01   -.9125E+01   -.9138E+01   -.9153E+01   -.9170E+01   -.9190E+01   -.9214E+01   -.9242E+01   -.9275E+01   -.9315E+01   -.9364E+01   -.9424E+01   -.9498E+01   -.9591E+01   -.9710E+01   -.9862E+01   -.1005E+02   -.1032E+02   -.1065E+02   -.1102E+02   -.1138E+02   -.1167E+02   -.1175E+02   -.1172E+02   -.1178E+02   -.1190E+02   -.1204E+02   -.1216E+02   -.1226E+02   -.1234E+02   -.1241E+02   -.1246E+02   -.1250E+02   -.1254E+02   -.1256E+02   -.1259E+02   -.1261E+02   -.1263E+02   -.1264E+02   -.1265E+02   -.1267E+02   -.1268E+02   -.1268E+02   -.1269E+02   -.1270E+02   -.1270E+02   -.1271E+02   -.1272E+02   -.1272E+02   -.1272E+02   -.1273E+02   -.1273E+02   -.1273E+02   -.1274E+02   -.1274E+02   -.1274E+02   -.1274E+02   -.1275E+02   -.1275E+02   -.1275E+02   -.1275E+02   -.1275E+02   -.1276E+02   -.1276E+02   -.1276E+02   -.1276E+02   -.1276E+02   -.1276E+02   -.1276E+02   -.1276E+02   -.1276E+02
