0.6018E+05   0.1118E+01   0.3245E-03   0.3575E-03   0.3918E-03   0.4283E-03   0.4678E-03   0.5105E-03   0.5569E-03   0.6074E-03   0.6621E-03   0.7215E-03   0.7862E-03   0.8566E-03   0.9333E-03   0.1017E-02   0.1109E-02   0.1210E-02   0.1322E-02   0.1445E-02   0.1582E-02   0.1734E-02   0.1905E-02   0.2096E-02   0.2312E-02   0.2557E-02   0.2836E-02   0.3156E-02   0.3525E-02   0.3953E-02   0.4452E-02   0.5040E-02   0.5737E-02   0.6570E-02   0.7576E-02   0.8803E-02   0.1032E-01   0.1221E-01   0.1460E-01   0.1769E-01   0.2173E-01   0.2715E-01   0.3456E-01   0.4497E-01   0.5997E-01   0.8215E-01   0.1150E+00   0.1603E+00   0.2200E+00   0.3075E+00   0.6400E+00   0.7459E+00   0.7843E+00   0.8013E+00   0.8107E+00   0.8171E+00   0.8214E+00   0.8244E+00   0.8265E+00   0.8280E+00   0.8292E+00   0.8300E+00   0.8307E+00   0.8312E+00   0.8316E+00   0.8320E+00   0.8322E+00   0.8325E+00   0.8327E+00   0.8329E+00   0.8331E+00   0.8332E+00   0.8334E+00   0.8335E+00   0.8336E+00   0.8337E+00   0.8338E+00   0.8339E+00   0.8340E+00   0.8341E+00   0.8342E+00   0.8343E+00   0.8343E+00   0.8344E+00   0.8345E+00   0.8345E+00   0.8346E+00   0.8346E+00   0.8347E+00   0.8347E+00   0.8348E+00   0.8348E+00   0.8348E+00   0.8349E+00   0.8349E+00   0.8349E+00   0.8349E+00   0.8350E+00   0.8350E+00   0.8350E+00
0.6019E+05   0.1345E+01   0.3248E-03   0.3578E-03   0.3921E-03   0.4286E-03   0.4680E-03   0.5108E-03   0.5573E-03   0.6077E-03   0.6625E-03   0.7221E-03   0.7868E-03   0.8573E-03   0.9343E-03   0.1018E-02   0.1111E-02   0.1212E-02   0.1324E-02   0.1447E-02   0.1585E-02   0.1738E-02   0.1909E-02   0.2101E-02   0.2318E-02   0.2565E-02   0.2845E-02   0.3167E-02   0.3539E-02   0.3969E-02   0.4472E-02   0.5065E-02   0.5767E-02   0.6607E-02   0.7619E-02   0.8854E-02   0.1037E-01   0.1227E-01   0.1466E-01   0.1773E-01   0.2172E-01   0.2701E-01   0.3416E-01   0.4401E-01   0.5790E-01   0.7784E-01   0.1064E+00   0.1440E+00   0.1908E+00   0.2743E+00   0.4969E+00   0.5934E+00   0.6318E+00   0.6479E+00   0.6566E+00   0.6623E+00   0.6660E+00   0.6684E+00   0.6701E+00   0.6714E+00   0.6722E+00   0.6729E+00   0.6734E+00   0.6738E+00   0.6741E+00   0.6744E+00   0.6746E+00   0.6749E+00   0.6750E+00   0.6752E+00   0.6754E+00   0.6755E+00   0.6756E+00   0.6758E+00   0.6759E+00   0.6760E+00   0.6761E+00   0.6762E+00   0.6762E+00   0.6763E+00   0.6764E+00   0.6765E+00   0.6765E+00   0.6766E+00   0.6766E+00   0.6767E+00   0.6767E+00   0.6768E+00   0.6768E+00   0.6769E+00   0.6769E+00   0.6769E+00   0.6770E+00   0.6770E+00   0.6770E+00   0.6771E+00   0.6771E+00   0.6771E+00   0.6771E+00   0.6771E+00
0.6019E+05   0.1573E+01   0.3256E-03   0.3586E-03   0.3929E-03   0.4294E-03   0.4689E-03   0.5117E-03   0.5582E-03   0.6087E-03   0.6635E-03   0.7232E-03   0.7880E-03   0.8586E-03   0.9357E-03   0.1020E-02   0.1112E-02   0.1214E-02   0.1326E-02   0.1450E-02   0.1588E-02   0.1741E-02   0.1913E-02   0.2106E-02   0.2324E-02   0.2572E-02   0.2854E-02   0.3178E-02   0.3551E-02   0.3984E-02   0.4491E-02   0.5087E-02   0.5793E-02   0.6639E-02   0.7657E-02   0.8898E-02   0.1042E-01   0.1232E-01   0.1470E-01   0.1775E-01   0.2167E-01   0.2682E-01   0.3369E-01   0.4297E-01   0.5573E-01   0.7352E-01   0.9803E-01   0.1291E+00   0.1664E+00   0.2383E+00   0.3891E+00   0.4748E+00   0.5123E+00   0.5289E+00   0.5376E+00   0.5431E+00   0.5465E+00   0.5487E+00   0.5501E+00   0.5511E+00   0.5518E+00   0.5523E+00   0.5527E+00   0.5530E+00   0.5532E+00   0.5534E+00   0.5536E+00   0.5538E+00   0.5540E+00   0.5541E+00   0.5542E+00   0.5544E+00   0.5545E+00   0.5546E+00   0.5547E+00   0.5548E+00   0.5549E+00   0.5550E+00   0.5550E+00   0.5551E+00   0.5552E+00   0.5553E+00   0.5553E+00   0.5554E+00   0.5554E+00   0.5555E+00   0.5555E+00   0.5556E+00   0.5556E+00   0.5556E+00   0.5557E+00   0.5557E+00   0.5557E+00   0.5558E+00   0.5558E+00   0.5558E+00   0.5558E+00   0.5558E+00   0.5559E+00   0.5559E+00
0.6018E+05   0.1800E+01   0.3261E-03   0.3591E-03   0.3934E-03   0.4299E-03   0.4694E-03   0.5122E-03   0.5588E-03   0.6093E-03   0.6642E-03   0.7239E-03   0.7888E-03   0.8596E-03   0.9367E-03   0.1021E-02   0.1114E-02   0.1216E-02   0.1328E-02   0.1452E-02   0.1590E-02   0.1744E-02   0.1917E-02   0.2111E-02   0.2329E-02   0.2578E-02   0.2861E-02   0.3187E-02   0.3562E-02   0.3998E-02   0.4507E-02   0.5106E-02   0.5817E-02   0.6667E-02   0.7690E-02   0.8937E-02   0.1046E-01   0.1236E-01   0.1474E-01   0.1775E-01   0.2161E-01   0.2663E-01   0.3322E-01   0.4197E-01   0.5370E-01   0.6958E-01   0.9071E-01   0.1168E+00   0.1491E+00   0.2095E+00   0.3147E+00   0.3875E+00   0.4239E+00   0.4413E+00   0.4506E+00   0.4563E+00   0.4597E+00   0.4618E+00   0.4631E+00   0.4640E+00   0.4645E+00   0.4649E+00   0.4652E+00   0.4654E+00   0.4656E+00   0.4658E+00   0.4659E+00   0.4661E+00   0.4662E+00   0.4663E+00   0.4664E+00   0.4666E+00   0.4667E+00   0.4668E+00   0.4669E+00   0.4669E+00   0.4670E+00   0.4671E+00   0.4672E+00   0.4673E+00   0.4673E+00   0.4674E+00   0.4674E+00   0.4675E+00   0.4675E+00   0.4676E+00   0.4676E+00   0.4677E+00   0.4677E+00   0.4678E+00   0.4678E+00   0.4678E+00   0.4678E+00   0.4679E+00   0.4679E+00   0.4679E+00   0.4679E+00   0.4679E+00   0.4680E+00   0.4680E+00
0.6062E+05   0.1950E+01   0.3264E-03   0.3594E-03   0.3937E-03   0.4302E-03   0.4697E-03   0.5125E-03   0.5590E-03   0.6096E-03   0.6646E-03   0.7243E-03   0.7892E-03   0.8600E-03   0.9373E-03   0.1022E-02   0.1114E-02   0.1216E-02   0.1329E-02   0.1453E-02   0.1592E-02   0.1746E-02   0.1919E-02   0.2113E-02   0.2332E-02   0.2581E-02   0.2865E-02   0.3191E-02   0.3568E-02   0.4005E-02   0.4515E-02   0.5117E-02   0.5829E-02   0.6682E-02   0.7708E-02   0.8956E-02   0.1049E-01   0.1238E-01   0.1475E-01   0.1775E-01   0.2157E-01   0.2650E-01   0.3291E-01   0.4133E-01   0.5246E-01   0.6724E-01   0.8651E-01   0.1101E+00   0.1402E+00   0.1939E+00   0.2784E+00   0.3431E+00   0.3785E+00   0.3965E+00   0.4062E+00   0.4121E+00   0.4156E+00   0.4177E+00   0.4189E+00   0.4197E+00   0.4202E+00   0.4206E+00   0.4208E+00   0.4210E+00   0.4211E+00   0.4213E+00   0.4214E+00   0.4215E+00   0.4216E+00   0.4217E+00   0.4219E+00   0.4220E+00   0.4221E+00   0.4222E+00   0.4222E+00   0.4223E+00   0.4224E+00   0.4225E+00   0.4226E+00   0.4226E+00   0.4227E+00   0.4228E+00   0.4228E+00   0.4229E+00   0.4229E+00   0.4230E+00   0.4230E+00   0.4230E+00   0.4231E+00   0.4231E+00   0.4231E+00   0.4232E+00   0.4232E+00   0.4232E+00   0.4232E+00   0.4233E+00   0.4233E+00   0.4233E+00   0.4233E+00   0.4233E+00
0.6057E+05   0.2100E+01   0.3267E-03   0.3596E-03   0.3939E-03   0.4304E-03   0.4699E-03   0.5128E-03   0.5593E-03   0.6099E-03   0.6649E-03   0.7246E-03   0.7896E-03   0.8605E-03   0.9378E-03   0.1022E-02   0.1115E-02   0.1217E-02   0.1330E-02   0.1454E-02   0.1593E-02   0.1747E-02   0.1920E-02   0.2115E-02   0.2335E-02   0.2584E-02   0.2869E-02   0.3196E-02   0.3573E-02   0.4011E-02   0.4523E-02   0.5126E-02   0.5841E-02   0.6695E-02   0.7723E-02   0.8973E-02   0.1050E-01   0.1240E-01   0.1476E-01   0.1774E-01   0.2152E-01   0.2637E-01   0.3263E-01   0.4075E-01   0.5132E-01   0.6516E-01   0.8293E-01   0.1047E+00   0.1333E+00   0.1814E+00   0.2513E+00   0.3086E+00   0.3428E+00   0.3612E+00   0.3714E+00   0.3776E+00   0.3812E+00   0.3834E+00   0.3846E+00   0.3854E+00   0.3858E+00   0.3861E+00   0.3863E+00   0.3865E+00   0.3866E+00   0.3867E+00   0.3868E+00   0.3869E+00   0.3870E+00   0.3871E+00   0.3872E+00   0.3873E+00   0.3874E+00   0.3875E+00   0.3876E+00   0.3877E+00   0.3877E+00   0.3878E+00   0.3879E+00   0.3880E+00   0.3880E+00   0.3881E+00   0.3881E+00   0.3882E+00   0.3882E+00   0.3883E+00   0.3883E+00   0.3884E+00   0.3884E+00   0.3884E+00   0.3885E+00   0.3885E+00   0.3885E+00   0.3885E+00   0.3886E+00   0.3886E+00   0.3886E+00   0.3886E+00   0.3886E+00   0.3886E+00
0.6134E+05   0.2250E+01   0.3269E-03   0.3598E-03   0.3941E-03   0.4306E-03   0.4701E-03   0.5130E-03   0.5595E-03   0.6102E-03   0.6651E-03   0.7249E-03   0.7900E-03   0.8608E-03   0.9382E-03   0.1023E-02   0.1116E-02   0.1218E-02   0.1330E-02   0.1455E-02   0.1594E-02   0.1749E-02   0.1922E-02   0.2117E-02   0.2337E-02   0.2587E-02   0.2872E-02   0.3199E-02   0.3577E-02   0.4016E-02   0.4529E-02   0.5134E-02   0.5850E-02   0.6706E-02   0.7736E-02   0.8987E-02   0.1052E-01   0.1241E-01   0.1477E-01   0.1773E-01   0.2147E-01   0.2625E-01   0.3237E-01   0.4022E-01   0.5034E-01   0.6339E-01   0.7996E-01   0.1004E+00   0.1277E+00   0.1711E+00   0.2304E+00   0.2816E+00   0.3144E+00   0.3331E+00   0.3437E+00   0.3501E+00   0.3539E+00   0.3561E+00   0.3574E+00   0.3581E+00   0.3585E+00   0.3588E+00   0.3590E+00   0.3591E+00   0.3592E+00   0.3593E+00   0.3594E+00   0.3595E+00   0.3596E+00   0.3597E+00   0.3598E+00   0.3598E+00   0.3599E+00   0.3600E+00   0.3601E+00   0.3602E+00   0.3603E+00   0.3603E+00   0.3604E+00   0.3605E+00   0.3605E+00   0.3606E+00   0.3606E+00   0.3607E+00   0.3607E+00   0.3608E+00   0.3608E+00   0.3609E+00   0.3609E+00   0.3609E+00   0.3610E+00   0.3610E+00   0.3610E+00   0.3610E+00   0.3611E+00   0.3611E+00   0.3611E+00   0.3611E+00   0.3611E+00   0.3611E+00
0.6130E+05   0.2400E+01   0.3270E-03   0.3600E-03   0.3943E-03   0.4308E-03   0.4703E-03   0.5132E-03   0.5597E-03   0.6104E-03   0.6654E-03   0.7252E-03   0.7902E-03   0.8611E-03   0.9385E-03   0.1023E-02   0.1116E-02   0.1218E-02   0.1331E-02   0.1456E-02   0.1595E-02   0.1750E-02   0.1923E-02   0.2118E-02   0.2338E-02   0.2589E-02   0.2874E-02   0.3202E-02   0.3581E-02   0.4021E-02   0.4535E-02   0.5140E-02   0.5857E-02   0.6715E-02   0.7746E-02   0.8999E-02   0.1053E-01   0.1242E-01   0.1477E-01   0.1772E-01   0.2143E-01   0.2615E-01   0.3215E-01   0.3979E-01   0.4952E-01   0.6196E-01   0.7762E-01   0.9709E-01   0.1234E+00   0.1632E+00   0.2149E+00   0.2613E+00   0.2929E+00   0.3118E+00   0.3227E+00   0.3294E+00   0.3333E+00   0.3356E+00   0.3369E+00   0.3376E+00   0.3380E+00   0.3382E+00   0.3384E+00   0.3385E+00   0.3386E+00   0.3387E+00   0.3387E+00   0.3388E+00   0.3389E+00   0.3390E+00   0.3391E+00   0.3392E+00   0.3392E+00   0.3393E+00   0.3394E+00   0.3395E+00   0.3396E+00   0.3396E+00   0.3397E+00   0.3398E+00   0.3398E+00   0.3399E+00   0.3399E+00   0.3400E+00   0.3400E+00   0.3401E+00   0.3401E+00   0.3402E+00   0.3402E+00   0.3402E+00   0.3403E+00   0.3403E+00   0.3403E+00   0.3403E+00   0.3403E+00   0.3404E+00   0.3404E+00   0.3404E+00   0.3404E+00   0.3404E+00
0.6160E+05   0.2550E+01   0.3272E-03   0.3601E-03   0.3944E-03   0.4309E-03   0.4704E-03   0.5133E-03   0.5599E-03   0.6105E-03   0.6655E-03   0.7254E-03   0.7904E-03   0.8614E-03   0.9388E-03   0.1024E-02   0.1116E-02   0.1219E-02   0.1332E-02   0.1457E-02   0.1595E-02   0.1750E-02   0.1924E-02   0.2119E-02   0.2340E-02   0.2590E-02   0.2876E-02   0.3205E-02   0.3584E-02   0.4024E-02   0.4539E-02   0.5145E-02   0.5863E-02   0.6721E-02   0.7754E-02   0.9007E-02   0.1054E-01   0.1243E-01   0.1477E-01   0.1771E-01   0.2140E-01   0.2607E-01   0.3197E-01   0.3944E-01   0.4887E-01   0.6083E-01   0.7582E-01   0.9464E-01   0.1201E+00   0.1572E+00   0.2036E+00   0.2462E+00   0.2768E+00   0.2958E+00   0.3070E+00   0.3139E+00   0.3180E+00   0.3203E+00   0.3216E+00   0.3223E+00   0.3227E+00   0.3229E+00   0.3230E+00   0.3231E+00   0.3232E+00   0.3232E+00   0.3233E+00   0.3234E+00   0.3235E+00   0.3236E+00   0.3236E+00   0.3237E+00   0.3238E+00   0.3239E+00   0.3240E+00   0.3240E+00   0.3241E+00   0.3242E+00   0.3242E+00   0.3243E+00   0.3244E+00   0.3244E+00   0.3245E+00   0.3245E+00   0.3246E+00   0.3246E+00   0.3247E+00   0.3247E+00   0.3247E+00   0.3248E+00   0.3248E+00   0.3248E+00   0.3248E+00   0.3249E+00   0.3249E+00   0.3249E+00   0.3249E+00   0.3249E+00   0.3249E+00   0.3249E+00
0.6143E+05   0.2700E+01   0.3273E-03   0.3602E-03   0.3945E-03   0.4310E-03   0.4705E-03   0.5134E-03   0.5600E-03   0.6106E-03   0.6657E-03   0.7255E-03   0.7906E-03   0.8615E-03   0.9390E-03   0.1024E-02   0.1117E-02   0.1219E-02   0.1332E-02   0.1457E-02   0.1596E-02   0.1751E-02   0.1925E-02   0.2120E-02   0.2341E-02   0.2591E-02   0.2878E-02   0.3206E-02   0.3586E-02   0.4026E-02   0.4542E-02   0.5148E-02   0.5867E-02   0.6726E-02   0.7760E-02   0.9013E-02   0.1055E-01   0.1243E-01   0.1478E-01   0.1770E-01   0.2137E-01   0.2600E-01   0.3184E-01   0.3918E-01   0.4840E-01   0.6003E-01   0.7458E-01   0.9296E-01   0.1179E+00   0.1530E+00   0.1959E+00   0.2360E+00   0.2658E+00   0.2848E+00   0.2962E+00   0.3032E+00   0.3074E+00   0.3098E+00   0.3111E+00   0.3118E+00   0.3122E+00   0.3124E+00   0.3125E+00   0.3126E+00   0.3127E+00   0.3127E+00   0.3128E+00   0.3129E+00   0.3129E+00   0.3130E+00   0.3131E+00   0.3132E+00   0.3132E+00   0.3133E+00   0.3134E+00   0.3135E+00   0.3135E+00   0.3136E+00   0.3137E+00   0.3137E+00   0.3138E+00   0.3139E+00   0.3139E+00   0.3140E+00   0.3140E+00   0.3141E+00   0.3141E+00   0.3141E+00   0.3142E+00   0.3142E+00   0.3142E+00   0.3143E+00   0.3143E+00   0.3143E+00   0.3143E+00   0.3143E+00   0.3143E+00   0.3144E+00   0.3144E+00   0.3144E+00
0.6150E+05   0.2850E+01   0.3273E-03   0.3603E-03   0.3946E-03   0.4311E-03   0.4706E-03   0.5135E-03   0.5601E-03   0.6107E-03   0.6657E-03   0.7256E-03   0.7907E-03   0.8616E-03   0.9391E-03   0.1024E-02   0.1117E-02   0.1219E-02   0.1332E-02   0.1457E-02   0.1596E-02   0.1751E-02   0.1925E-02   0.2120E-02   0.2341E-02   0.2592E-02   0.2878E-02   0.3207E-02   0.3587E-02   0.4028E-02   0.4543E-02   0.5150E-02   0.5870E-02   0.6729E-02   0.7763E-02   0.9017E-02   0.1055E-01   0.1244E-01   0.1478E-01   0.1770E-01   0.2136E-01   0.2596E-01   0.3176E-01   0.3902E-01   0.4811E-01   0.5954E-01   0.7382E-01   0.9195E-01   0.1165E+00   0.1506E+00   0.1915E+00   0.2301E+00   0.2593E+00   0.2784E+00   0.2899E+00   0.2970E+00   0.3012E+00   0.3036E+00   0.3049E+00   0.3057E+00   0.3060E+00   0.3062E+00   0.3063E+00   0.3064E+00   0.3065E+00   0.3065E+00   0.3066E+00   0.3067E+00   0.3067E+00   0.3068E+00   0.3069E+00   0.3070E+00   0.3070E+00   0.3071E+00   0.3072E+00   0.3073E+00   0.3073E+00   0.3074E+00   0.3075E+00   0.3075E+00   0.3076E+00   0.3077E+00   0.3077E+00   0.3078E+00   0.3078E+00   0.3078E+00   0.3079E+00   0.3079E+00   0.3080E+00   0.3080E+00   0.3080E+00   0.3080E+00   0.3081E+00   0.3081E+00   0.3081E+00   0.3081E+00   0.3081E+00   0.3082E+00   0.3082E+00   0.3082E+00
0.6148E+05   0.3000E+01   0.3273E-03   0.3603E-03   0.3946E-03   0.4311E-03   0.4706E-03   0.5135E-03   0.5601E-03   0.6107E-03   0.6658E-03   0.7256E-03   0.7907E-03   0.8617E-03   0.9391E-03   0.1024E-02   0.1117E-02   0.1219E-02   0.1332E-02   0.1457E-02   0.1596E-02   0.1751E-02   0.1925E-02   0.2120E-02   0.2341E-02   0.2592E-02   0.2879E-02   0.3207E-02   0.3587E-02   0.4028E-02   0.4544E-02   0.5151E-02   0.5871E-02   0.6730E-02   0.7764E-02   0.9018E-02   0.1055E-01   0.1244E-01   0.1478E-01   0.1769E-01   0.2135E-01   0.2595E-01   0.3173E-01   0.3897E-01   0.4802E-01   0.5938E-01   0.7358E-01   0.9163E-01   0.1161E+00   0.1497E+00   0.1900E+00   0.2282E+00   0.2572E+00   0.2763E+00   0.2878E+00   0.2950E+00   0.2992E+00   0.3017E+00   0.3030E+00   0.3037E+00   0.3041E+00   0.3043E+00   0.3044E+00   0.3044E+00   0.3045E+00   0.3046E+00   0.3046E+00   0.3047E+00   0.3047E+00   0.3048E+00   0.3049E+00   0.3050E+00   0.3051E+00   0.3051E+00   0.3052E+00   0.3053E+00   0.3054E+00   0.3054E+00   0.3055E+00   0.3056E+00   0.3056E+00   0.3057E+00   0.3057E+00   0.3058E+00   0.3058E+00   0.3059E+00   0.3059E+00   0.3059E+00   0.3060E+00   0.3060E+00   0.3060E+00   0.3061E+00   0.3061E+00   0.3061E+00   0.3061E+00   0.3061E+00   0.3062E+00   0.3062E+00   0.3062E+00   0.3062E+00
