0.6018E+05   0.1118E+01   -.9004E+01   -.9006E+01   -.9007E+01   -.9008E+01   -.9010E+01   -.9011E+01   -.9013E+01   -.9015E+01   -.9016E+01   -.9018E+01   -.9020E+01   -.9022E+01   -.9024E+01   -.9026E+01   -.9028E+01   -.9031E+01   -.9033E+01   -.9036E+01   -.9039E+01   -.9042E+01   -.9046E+01   -.9050E+01   -.9054E+01   -.9059E+01   -.9064E+01   -.9069E+01   -.9076E+01   -.9083E+01   -.9091E+01   -.9101E+01   -.9111E+01   -.9124E+01   -.9138E+01   -.9155E+01   -.9175E+01   -.9199E+01   -.9228E+01   -.9263E+01   -.9306E+01   -.9359E+01   -.9425E+01   -.9507E+01   -.9606E+01   -.9727E+01   -.9872E+01   -.1008E+02   -.1077E+02   -.2426E+02   -.7010E+01   -.7893E+01   -.8623E+01   -.8120E+01   -.8780E+01   -.9210E+01   -.9503E+01   -.9717E+01   -.9877E+01   -.1000E+02   -.1010E+02   -.1018E+02   -.1024E+02   -.1030E+02   -.1034E+02   -.1038E+02   -.1041E+02   -.1043E+02   -.1045E+02   -.1047E+02   -.1049E+02   -.1051E+02   -.1052E+02   -.1053E+02   -.1054E+02   -.1055E+02   -.1056E+02   -.1057E+02   -.1057E+02   -.1058E+02   -.1059E+02   -.1059E+02   -.1060E+02   -.1060E+02   -.1061E+02   -.1061E+02   -.1061E+02   -.1062E+02   -.1062E+02   -.1062E+02   -.1063E+02   -.1063E+02   -.1063E+02   -.1063E+02   -.1064E+02   -.1064E+02   -.1064E+02   -.1064E+02   -.1064E+02   -.1064E+02
0.6019E+05   0.1345E+01   -.9004E+01   -.9006E+01   -.9007E+01   -.9008E+01   -.9010E+01   -.9011E+01   -.9013E+01   -.9015E+01   -.9016E+01   -.9018E+01   -.9020E+01   -.9022E+01   -.9024E+01   -.9026E+01   -.9028E+01   -.9031E+01   -.9033E+01   -.9036E+01   -.9039E+01   -.9042E+01   -.9046E+01   -.9050E+01   -.9054E+01   -.9059E+01   -.9064E+01   -.9070E+01   -.9076E+01   -.9083E+01   -.9092E+01   -.9101E+01   -.9112E+01   -.9124E+01   -.9139E+01   -.9156E+01   -.9176E+01   -.9200E+01   -.9229E+01   -.9264E+01   -.9307E+01   -.9361E+01   -.9427E+01   -.9509E+01   -.9611E+01   -.9741E+01   -.9911E+01   -.1018E+02   -.1092E+02   -.1464E+02   -.6487E+01   -.8992E+01   -.9797E+01   -.1030E+02   -.1060E+02   -.1080E+02   -.1094E+02   -.1104E+02   -.1111E+02   -.1117E+02   -.1121E+02   -.1125E+02   -.1127E+02   -.1129E+02   -.1131E+02   -.1133E+02   -.1134E+02   -.1135E+02   -.1136E+02   -.1136E+02   -.1137E+02   -.1138E+02   -.1138E+02   -.1139E+02   -.1139E+02   -.1140E+02   -.1140E+02   -.1140E+02   -.1141E+02   -.1141E+02   -.1141E+02   -.1141E+02   -.1142E+02   -.1142E+02   -.1142E+02   -.1142E+02   -.1142E+02   -.1143E+02   -.1143E+02   -.1143E+02   -.1143E+02   -.1143E+02   -.1143E+02   -.1143E+02   -.1143E+02   -.1143E+02   -.1144E+02   -.1144E+02   -.1144E+02   -.1144E+02
0.6019E+05   0.1573E+01   -.9004E+01   -.9006E+01   -.9007E+01   -.9009E+01   -.9010E+01   -.9011E+01   -.9013E+01   -.9015E+01   -.9016E+01   -.9018E+01   -.9020E+01   -.9022E+01   -.9024E+01   -.9026E+01   -.9028E+01   -.9031E+01   -.9033E+01   -.9036E+01   -.9039E+01   -.9042E+01   -.9046E+01   -.9050E+01   -.9054E+01   -.9059E+01   -.9064E+01   -.9070E+01   -.9076E+01   -.9084E+01   -.9092E+01   -.9101E+01   -.9112E+01   -.9125E+01   -.9139E+01   -.9157E+01   -.9177E+01   -.9201E+01   -.9230E+01   -.9266E+01   -.9309E+01   -.9362E+01   -.9429E+01   -.9512E+01   -.9617E+01   -.9755E+01   -.9946E+01   -.1027E+02   -.1103E+02   -.1205E+02   -.9651E+01   -.1002E+02   -.1045E+02   -.1086E+02   -.1114E+02   -.1133E+02   -.1147E+02   -.1157E+02   -.1165E+02   -.1170E+02   -.1175E+02   -.1178E+02   -.1181E+02   -.1183E+02   -.1185E+02   -.1186E+02   -.1188E+02   -.1189E+02   -.1190E+02   -.1190E+02   -.1191E+02   -.1192E+02   -.1192E+02   -.1193E+02   -.1193E+02   -.1194E+02   -.1194E+02   -.1194E+02   -.1195E+02   -.1195E+02   -.1195E+02   -.1195E+02   -.1196E+02   -.1196E+02   -.1196E+02   -.1196E+02   -.1196E+02   -.1197E+02   -.1197E+02   -.1197E+02   -.1197E+02   -.1197E+02   -.1197E+02   -.1197E+02   -.1197E+02   -.1198E+02   -.1198E+02   -.1198E+02   -.1198E+02   -.1198E+02
0.6018E+05   0.1800E+01   -.9004E+01   -.9006E+01   -.9007E+01   -.9009E+01   -.9010E+01   -.9011E+01   -.9013E+01   -.9015E+01   -.9016E+01   -.9018E+01   -.9020E+01   -.9022E+01   -.9024E+01   -.9026E+01   -.9028E+01   -.9031E+01   -.9033E+01   -.9036E+01   -.9039E+01   -.9043E+01   -.9046E+01   -.9050E+01   -.9054E+01   -.9059E+01   -.9064E+01   -.9070E+01   -.9077E+01   -.9084E+01   -.9092E+01   -.9102E+01   -.9113E+01   -.9125E+01   -.9140E+01   -.9157E+01   -.9177E+01   -.9202E+01   -.9231E+01   -.9266E+01   -.9310E+01   -.9363E+01   -.9430E+01   -.9514E+01   -.9620E+01   -.9762E+01   -.9963E+01   -.1029E+02   -.1089E+02   -.1135E+02   -.1065E+02   -.1052E+02   -.1080E+02   -.1112E+02   -.1136E+02   -.1154E+02   -.1167E+02   -.1176E+02   -.1184E+02   -.1189E+02   -.1194E+02   -.1197E+02   -.1200E+02   -.1202E+02   -.1204E+02   -.1206E+02   -.1207E+02   -.1208E+02   -.1209E+02   -.1210E+02   -.1211E+02   -.1211E+02   -.1212E+02   -.1212E+02   -.1213E+02   -.1213E+02   -.1214E+02   -.1214E+02   -.1214E+02   -.1215E+02   -.1215E+02   -.1215E+02   -.1215E+02   -.1215E+02   -.1216E+02   -.1216E+02   -.1216E+02   -.1216E+02   -.1216E+02   -.1216E+02   -.1217E+02   -.1217E+02   -.1217E+02   -.1217E+02   -.1217E+02   -.1217E+02   -.1217E+02   -.1217E+02   -.1217E+02   -.1217E+02
0.6062E+05   0.1950E+01   -.9004E+01   -.9006E+01   -.9007E+01   -.9009E+01   -.9010E+01   -.9011E+01   -.9013E+01   -.9015E+01   -.9016E+01   -.9018E+01   -.9020E+01   -.9022E+01   -.9024E+01   -.9026E+01   -.9028E+01   -.9031E+01   -.9033E+01   -.9036E+01   -.9039E+01   -.9043E+01   -.9046E+01   -.9050E+01   -.9054E+01   -.9059E+01   -.9064E+01   -.9070E+01   -.9077E+01   -.9084E+01   -.9092E+01   -.9102E+01   -.9113E+01   -.9126E+01   -.9140E+01   -.9158E+01   -.9178E+01   -.9202E+01   -.9232E+01   -.9267E+01   -.9311E+01   -.9364E+01   -.9431E+01   -.9515E+01   -.9622E+01   -.9764E+01   -.9965E+01   -.1028E+02   -.1080E+02   -.1116E+02   -.1084E+02   -.1071E+02   -.1093E+02   -.1121E+02   -.1143E+02   -.1159E+02   -.1172E+02   -.1181E+02   -.1188E+02   -.1194E+02   -.1198E+02   -.1202E+02   -.1205E+02   -.1207E+02   -.1209E+02   -.1210E+02   -.1212E+02   -.1213E+02   -.1214E+02   -.1215E+02   -.1215E+02   -.1216E+02   -.1217E+02   -.1217E+02   -.1218E+02   -.1218E+02   -.1218E+02   -.1219E+02   -.1219E+02   -.1219E+02   -.1220E+02   -.1220E+02   -.1220E+02   -.1220E+02   -.1220E+02   -.1221E+02   -.1221E+02   -.1221E+02   -.1221E+02   -.1221E+02   -.1221E+02   -.1221E+02   -.1222E+02   -.1222E+02   -.1222E+02   -.1222E+02   -.1222E+02   -.1222E+02   -.1222E+02   -.1222E+02
0.6057E+05   0.2100E+01   -.9004E+01   -.9006E+01   -.9007E+01   -.9009E+01   -.9010E+01   -.9012E+01   -.9013E+01   -.9015E+01   -.9016E+01   -.9018E+01   -.9020E+01   -.9022E+01   -.9024E+01   -.9026E+01   -.9028E+01   -.9031E+01   -.9033E+01   -.9036E+01   -.9039E+01   -.9043E+01   -.9046E+01   -.9050E+01   -.9054E+01   -.9059E+01   -.9064E+01   -.9070E+01   -.9077E+01   -.9084E+01   -.9093E+01   -.9102E+01   -.9113E+01   -.9126E+01   -.9141E+01   -.9158E+01   -.9179E+01   -.9203E+01   -.9233E+01   -.9268E+01   -.9312E+01   -.9367E+01   -.9434E+01   -.9520E+01   -.9631E+01   -.9779E+01   -.9989E+01   -.1029E+02   -.1071E+02   -.1098E+02   -.1085E+02   -.1083E+02   -.1101E+02   -.1124E+02   -.1143E+02   -.1159E+02   -.1170E+02   -.1180E+02   -.1187E+02   -.1192E+02   -.1197E+02   -.1200E+02   -.1203E+02   -.1205E+02   -.1207E+02   -.1209E+02   -.1210E+02   -.1211E+02   -.1212E+02   -.1213E+02   -.1214E+02   -.1215E+02   -.1215E+02   -.1216E+02   -.1216E+02   -.1217E+02   -.1217E+02   -.1217E+02   -.1218E+02   -.1218E+02   -.1218E+02   -.1218E+02   -.1219E+02   -.1219E+02   -.1219E+02   -.1219E+02   -.1219E+02   -.1219E+02   -.1220E+02   -.1220E+02   -.1220E+02   -.1220E+02   -.1220E+02   -.1220E+02   -.1220E+02   -.1220E+02   -.1220E+02   -.1220E+02   -.1221E+02   -.1221E+02
0.6134E+05   0.2250E+01   -.9004E+01   -.9006E+01   -.9007E+01   -.9009E+01   -.9010E+01   -.9012E+01   -.9013E+01   -.9015E+01   -.9016E+01   -.9018E+01   -.9020E+01   -.9022E+01   -.9024E+01   -.9026E+01   -.9028E+01   -.9031E+01   -.9033E+01   -.9036E+01   -.9039E+01   -.9043E+01   -.9046E+01   -.9050E+01   -.9054E+01   -.9059E+01   -.9064E+01   -.9070E+01   -.9077E+01   -.9084E+01   -.9093E+01   -.9102E+01   -.9113E+01   -.9126E+01   -.9141E+01   -.9158E+01   -.9179E+01   -.9203E+01   -.9233E+01   -.9268E+01   -.9312E+01   -.9366E+01   -.9433E+01   -.9518E+01   -.9627E+01   -.9773E+01   -.9976E+01   -.1026E+02   -.1062E+02   -.1086E+02   -.1085E+02   -.1085E+02   -.1100E+02   -.1119E+02   -.1137E+02   -.1152E+02   -.1163E+02   -.1172E+02   -.1179E+02   -.1184E+02   -.1189E+02   -.1192E+02   -.1195E+02   -.1197E+02   -.1199E+02   -.1201E+02   -.1202E+02   -.1203E+02   -.1204E+02   -.1205E+02   -.1206E+02   -.1207E+02   -.1207E+02   -.1208E+02   -.1208E+02   -.1209E+02   -.1209E+02   -.1209E+02   -.1210E+02   -.1210E+02   -.1210E+02   -.1210E+02   -.1211E+02   -.1211E+02   -.1211E+02   -.1211E+02   -.1211E+02   -.1212E+02   -.1212E+02   -.1212E+02   -.1212E+02   -.1212E+02   -.1212E+02   -.1212E+02   -.1212E+02   -.1212E+02   -.1213E+02   -.1213E+02   -.1213E+02   -.1213E+02
0.6130E+05   0.2400E+01   -.9004E+01   -.9006E+01   -.9007E+01   -.9009E+01   -.9010E+01   -.9012E+01   -.9013E+01   -.9015E+01   -.9016E+01   -.9018E+01   -.9020E+01   -.9022E+01   -.9024E+01   -.9026E+01   -.9028E+01   -.9031E+01   -.9033E+01   -.9036E+01   -.9039E+01   -.9043E+01   -.9046E+01   -.9050E+01   -.9054E+01   -.9059E+01   -.9065E+01   -.9070E+01   -.9077E+01   -.9084E+01   -.9093E+01   -.9102E+01   -.9113E+01   -.9126E+01   -.9141E+01   -.9158E+01   -.9179E+01   -.9203E+01   -.9233E+01   -.9269E+01   -.9313E+01   -.9367E+01   -.9434E+01   -.9520E+01   -.9630E+01   -.9776E+01   -.9975E+01   -.1024E+02   -.1054E+02   -.1075E+02   -.1079E+02   -.1084E+02   -.1097E+02   -.1115E+02   -.1131E+02   -.1144E+02   -.1155E+02   -.1164E+02   -.1171E+02   -.1176E+02   -.1181E+02   -.1184E+02   -.1187E+02   -.1189E+02   -.1191E+02   -.1193E+02   -.1194E+02   -.1195E+02   -.1196E+02   -.1197E+02   -.1198E+02   -.1199E+02   -.1199E+02   -.1200E+02   -.1200E+02   -.1201E+02   -.1201E+02   -.1201E+02   -.1202E+02   -.1202E+02   -.1202E+02   -.1202E+02   -.1203E+02   -.1203E+02   -.1203E+02   -.1203E+02   -.1203E+02   -.1203E+02   -.1204E+02   -.1204E+02   -.1204E+02   -.1204E+02   -.1204E+02   -.1204E+02   -.1204E+02   -.1204E+02   -.1204E+02   -.1205E+02   -.1205E+02   -.1205E+02
0.6160E+05   0.2550E+01   -.9004E+01   -.9006E+01   -.9007E+01   -.9009E+01   -.9010E+01   -.9012E+01   -.9013E+01   -.9015E+01   -.9016E+01   -.9018E+01   -.9020E+01   -.9022E+01   -.9024E+01   -.9026E+01   -.9028E+01   -.9031E+01   -.9033E+01   -.9036E+01   -.9039E+01   -.9043E+01   -.9046E+01   -.9050E+01   -.9055E+01   -.9059E+01   -.9065E+01   -.9070E+01   -.9077E+01   -.9084E+01   -.9093E+01   -.9102E+01   -.9113E+01   -.9126E+01   -.9141E+01   -.9158E+01   -.9179E+01   -.9203E+01   -.9233E+01   -.9268E+01   -.9312E+01   -.9366E+01   -.9433E+01   -.9518E+01   -.9627E+01   -.9771E+01   -.9966E+01   -.1021E+02   -.1049E+02   -.1069E+02   -.1076E+02   -.1082E+02   -.1094E+02   -.1110E+02   -.1125E+02   -.1138E+02   -.1149E+02   -.1157E+02   -.1164E+02   -.1169E+02   -.1174E+02   -.1177E+02   -.1180E+02   -.1182E+02   -.1184E+02   -.1186E+02   -.1187E+02   -.1188E+02   -.1189E+02   -.1190E+02   -.1191E+02   -.1192E+02   -.1192E+02   -.1193E+02   -.1193E+02   -.1194E+02   -.1194E+02   -.1194E+02   -.1195E+02   -.1195E+02   -.1195E+02   -.1195E+02   -.1196E+02   -.1196E+02   -.1196E+02   -.1196E+02   -.1196E+02   -.1196E+02   -.1197E+02   -.1197E+02   -.1197E+02   -.1197E+02   -.1197E+02   -.1197E+02   -.1197E+02   -.1197E+02   -.1197E+02   -.1198E+02   -.1198E+02   -.1198E+02
0.6143E+05   0.2700E+01   -.9004E+01   -.9006E+01   -.9007E+01   -.9009E+01   -.9010E+01   -.9012E+01   -.9013E+01   -.9015E+01   -.9016E+01   -.9018E+01   -.9020E+01   -.9022E+01   -.9024E+01   -.9026E+01   -.9028E+01   -.9031E+01   -.9034E+01   -.9036E+01   -.9039E+01   -.9043E+01   -.9046E+01   -.9050E+01   -.9055E+01   -.9059E+01   -.9065E+01   -.9070E+01   -.9077E+01   -.9085E+01   -.9093E+01   -.9103E+01   -.9114E+01   -.9126E+01   -.9141E+01   -.9159E+01   -.9179E+01   -.9204E+01   -.9233E+01   -.9269E+01   -.9313E+01   -.9367E+01   -.9435E+01   -.9520E+01   -.9629E+01   -.9773E+01   -.9965E+01   -.1020E+02   -.1045E+02   -.1064E+02   -.1074E+02   -.1081E+02   -.1093E+02   -.1108E+02   -.1122E+02   -.1135E+02   -.1146E+02   -.1154E+02   -.1161E+02   -.1166E+02   -.1170E+02   -.1174E+02   -.1177E+02   -.1179E+02   -.1181E+02   -.1183E+02   -.1184E+02   -.1185E+02   -.1186E+02   -.1187E+02   -.1188E+02   -.1188E+02   -.1189E+02   -.1189E+02   -.1190E+02   -.1190E+02   -.1191E+02   -.1191E+02   -.1191E+02   -.1192E+02   -.1192E+02   -.1192E+02   -.1192E+02   -.1192E+02   -.1193E+02   -.1193E+02   -.1193E+02   -.1193E+02   -.1193E+02   -.1193E+02   -.1194E+02   -.1194E+02   -.1194E+02   -.1194E+02   -.1194E+02   -.1194E+02   -.1194E+02   -.1194E+02   -.1194E+02   -.1194E+02
0.6150E+05   0.2850E+01   -.9004E+01   -.9006E+01   -.9007E+01   -.9009E+01   -.9010E+01   -.9012E+01   -.9013E+01   -.9015E+01   -.9016E+01   -.9018E+01   -.9020E+01   -.9022E+01   -.9024E+01   -.9026E+01   -.9028E+01   -.9031E+01   -.9034E+01   -.9036E+01   -.9039E+01   -.9043E+01   -.9046E+01   -.9050E+01   -.9055E+01   -.9059E+01   -.9065E+01   -.9071E+01   -.9077E+01   -.9085E+01   -.9093E+01   -.9103E+01   -.9114E+01   -.9126E+01   -.9141E+01   -.9159E+01   -.9179E+01   -.9204E+01   -.9233E+01   -.9269E+01   -.9313E+01   -.9367E+01   -.9434E+01   -.9519E+01   -.9629E+01   -.9773E+01   -.9965E+01   -.1020E+02   -.1043E+02   -.1062E+02   -.1074E+02   -.1083E+02   -.1094E+02   -.1108E+02   -.1122E+02   -.1134E+02   -.1145E+02   -.1153E+02   -.1160E+02   -.1165E+02   -.1169E+02   -.1173E+02   -.1176E+02   -.1178E+02   -.1180E+02   -.1182E+02   -.1183E+02   -.1184E+02   -.1185E+02   -.1186E+02   -.1187E+02   -.1187E+02   -.1188E+02   -.1188E+02   -.1189E+02   -.1189E+02   -.1190E+02   -.1190E+02   -.1190E+02   -.1191E+02   -.1191E+02   -.1191E+02   -.1191E+02   -.1192E+02   -.1192E+02   -.1192E+02   -.1192E+02   -.1192E+02   -.1192E+02   -.1192E+02   -.1193E+02   -.1193E+02   -.1193E+02   -.1193E+02   -.1193E+02   -.1193E+02   -.1193E+02   -.1193E+02   -.1193E+02   -.1193E+02
0.6148E+05   0.3000E+01   -.9004E+01   -.9006E+01   -.9007E+01   -.9009E+01   -.9010E+01   -.9012E+01   -.9013E+01   -.9015E+01   -.9016E+01   -.9018E+01   -.9020E+01   -.9022E+01   -.9024E+01   -.9026E+01   -.9028E+01   -.9031E+01   -.9034E+01   -.9036E+01   -.9039E+01   -.9043E+01   -.9046E+01   -.9050E+01   -.9055E+01   -.9059E+01   -.9065E+01   -.9071E+01   -.9077E+01   -.9085E+01   -.9093E+01   -.9103E+01   -.9114E+01   -.9126E+01   -.9141E+01   -.9159E+01   -.9179E+01   -.9204E+01   -.9234E+01   -.9269E+01   -.9313E+01   -.9368E+01   -.9436E+01   -.9522E+01   -.9632E+01   -.9775E+01   -.9964E+01   -.1019E+02   -.1043E+02   -.1061E+02   -.1072E+02   -.1080E+02   -.1092E+02   -.1107E+02   -.1120E+02   -.1133E+02   -.1143E+02   -.1151E+02   -.1157E+02   -.1163E+02   -.1167E+02   -.1171E+02   -.1173E+02   -.1176E+02   -.1178E+02   -.1179E+02   -.1181E+02   -.1182E+02   -.1183E+02   -.1184E+02   -.1184E+02   -.1185E+02   -.1186E+02   -.1186E+02   -.1187E+02   -.1187E+02   -.1187E+02   -.1188E+02   -.1188E+02   -.1188E+02   -.1189E+02   -.1189E+02   -.1189E+02   -.1189E+02   -.1190E+02   -.1190E+02   -.1190E+02   -.1190E+02   -.1190E+02   -.1190E+02   -.1190E+02   -.1191E+02   -.1191E+02   -.1191E+02   -.1191E+02   -.1191E+02   -.1191E+02   -.1191E+02   -.1191E+02   -.1191E+02
