0.6018E+05   0.1118E+01   -.9004E+01   -.9006E+01   -.9007E+01   -.9008E+01   -.9010E+01   -.9011E+01   -.9013E+01   -.9015E+01   -.9016E+01   -.9018E+01   -.9020E+01   -.9022E+01   -.9024E+01   -.9026E+01   -.9028E+01   -.9031E+01   -.9033E+01   -.9036E+01   -.9039E+01   -.9042E+01   -.9046E+01   -.9050E+01   -.9054E+01   -.9059E+01   -.9064E+01   -.9069E+01   -.9076E+01   -.9083E+01   -.9091E+01   -.9101E+01   -.9111E+01   -.9124E+01   -.9138E+01   -.9155E+01   -.9175E+01   -.9199E+01   -.9228E+01   -.9263E+01   -.9306E+01   -.9359E+01   -.9425E+01   -.9507E+01   -.9606E+01   -.9727E+01   -.9872E+01   -.1008E+02   -.1077E+02   -.2426E+02   -.7010E+01   -.7893E+01   -.8623E+01   -.8120E+01   -.8780E+01   -.9210E+01   -.9503E+01   -.9717E+01   -.9877E+01   -.1000E+02   -.1010E+02   -.1018E+02   -.1024E+02   -.1030E+02   -.1034E+02   -.1038E+02   -.9207E+00   -.1323E+01   -.1361E+01   -.1375E+01   -.1428E+01   -.1481E+01   -.1526E+01   -.1565E+01   -.1598E+01   -.1624E+01   -.1643E+01   -.1658E+01   -.1671E+01   -.1681E+01   -.1690E+01   -.1698E+01   -.1705E+01   -.1710E+01   -.1716E+01   -.1721E+01   -.1725E+01   -.1728E+01   -.1731E+01   -.1733E+01   -.1735E+01   -.1737E+01   -.1738E+01   -.1739E+01   -.1741E+01   -.1742E+01   -.1743E+01   -.1744E+01   -.1745E+01   -.1745E+01   -.1746E+01   -.1746E+01
0.6019E+05   0.1345E+01   -.9004E+01   -.9006E+01   -.9007E+01   -.9008E+01   -.9010E+01   -.9011E+01   -.9013E+01   -.9015E+01   -.9016E+01   -.9018E+01   -.9020E+01   -.9022E+01   -.9024E+01   -.9026E+01   -.9028E+01   -.9031E+01   -.9033E+01   -.9036E+01   -.9039E+01   -.9042E+01   -.9046E+01   -.9050E+01   -.9054E+01   -.9059E+01   -.9064E+01   -.9070E+01   -.9076E+01   -.9083E+01   -.9092E+01   -.9101E+01   -.9112E+01   -.9124E+01   -.9139E+01   -.9156E+01   -.9176E+01   -.9200E+01   -.9229E+01   -.9264E+01   -.9307E+01   -.9361E+01   -.9427E+01   -.9509E+01   -.9611E+01   -.9741E+01   -.9911E+01   -.1018E+02   -.1092E+02   -.1464E+02   -.6487E+01   -.8992E+01   -.9797E+01   -.1030E+02   -.1060E+02   -.1080E+02   -.1094E+02   -.1104E+02   -.1111E+02   -.1117E+02   -.1121E+02   -.1125E+02   -.1127E+02   -.1129E+02   -.1131E+02   -.1133E+02   0.2245E+01   -.6865E+00   -.8706E+00   -.9668E+00   -.1031E+01   -.1070E+01   -.1093E+01   -.1109E+01   -.1120E+01   -.1127E+01   -.1133E+01   -.1137E+01   -.1140E+01   -.1142E+01   -.1144E+01   -.1145E+01   -.1147E+01   -.1148E+01   -.1149E+01   -.1150E+01   -.1150E+01   -.1151E+01   -.1151E+01   -.1151E+01   -.1151E+01   -.1152E+01   -.1152E+01   -.1152E+01   -.1152E+01   -.1152E+01   -.1153E+01   -.1153E+01   -.1153E+01   -.1154E+01   -.1154E+01   -.1155E+01
0.6019E+05   0.1573E+01   -.9004E+01   -.9006E+01   -.9007E+01   -.9009E+01   -.9010E+01   -.9011E+01   -.9013E+01   -.9015E+01   -.9016E+01   -.9018E+01   -.9020E+01   -.9022E+01   -.9024E+01   -.9026E+01   -.9028E+01   -.9031E+01   -.9033E+01   -.9036E+01   -.9039E+01   -.9042E+01   -.9046E+01   -.9050E+01   -.9054E+01   -.9059E+01   -.9064E+01   -.9070E+01   -.9076E+01   -.9084E+01   -.9092E+01   -.9101E+01   -.9112E+01   -.9125E+01   -.9139E+01   -.9157E+01   -.9177E+01   -.9201E+01   -.9230E+01   -.9266E+01   -.9309E+01   -.9362E+01   -.9429E+01   -.9512E+01   -.9617E+01   -.9755E+01   -.9946E+01   -.1027E+02   -.1103E+02   -.1205E+02   -.9651E+01   -.1002E+02   -.1045E+02   -.1086E+02   -.1114E+02   -.1133E+02   -.1147E+02   -.1157E+02   -.1165E+02   -.1170E+02   -.1175E+02   -.1178E+02   -.1181E+02   -.1183E+02   -.1185E+02   -.1186E+02   0.1031E+00   -.7977E+00   -.9008E+00   -.9142E+00   -.9249E+00   -.9338E+00   -.9415E+00   -.9479E+00   -.9536E+00   -.9585E+00   -.9627E+00   -.9663E+00   -.9695E+00   -.9723E+00   -.9747E+00   -.9769E+00   -.9789E+00   -.9807E+00   -.9823E+00   -.9838E+00   -.9852E+00   -.9864E+00   -.9876E+00   -.9887E+00   -.9898E+00   -.9907E+00   -.9917E+00   -.9926E+00   -.9935E+00   -.9944E+00   -.9953E+00   -.9961E+00   -.9970E+00   -.9978E+00   -.9987E+00   -.9996E+00
0.6018E+05   0.1800E+01   -.9004E+01   -.9006E+01   -.9007E+01   -.9009E+01   -.9010E+01   -.9011E+01   -.9013E+01   -.9015E+01   -.9016E+01   -.9018E+01   -.9020E+01   -.9022E+01   -.9024E+01   -.9026E+01   -.9028E+01   -.9031E+01   -.9033E+01   -.9036E+01   -.9039E+01   -.9043E+01   -.9046E+01   -.9050E+01   -.9054E+01   -.9059E+01   -.9064E+01   -.9070E+01   -.9077E+01   -.9084E+01   -.9092E+01   -.9102E+01   -.9113E+01   -.9125E+01   -.9140E+01   -.9157E+01   -.9177E+01   -.9202E+01   -.9231E+01   -.9266E+01   -.9310E+01   -.9363E+01   -.9430E+01   -.9514E+01   -.9620E+01   -.9762E+01   -.9963E+01   -.1029E+02   -.1089E+02   -.1135E+02   -.1065E+02   -.1052E+02   -.1080E+02   -.1112E+02   -.1136E+02   -.1154E+02   -.1167E+02   -.1176E+02   -.1184E+02   -.1189E+02   -.1194E+02   -.1197E+02   -.1200E+02   -.1202E+02   -.1204E+02   -.1206E+02   -.3188E+00   -.2207E+01   -.1941E+01   -.1952E+01   -.1962E+01   -.1969E+01   -.1976E+01   -.1981E+01   -.1986E+01   -.1990E+01   -.1994E+01   -.1997E+01   -.2000E+01   -.2003E+01   -.2005E+01   -.2008E+01   -.2010E+01   -.2011E+01   -.2013E+01   -.2015E+01   -.2016E+01   -.2017E+01   -.2018E+01   -.2020E+01   -.2021E+01   -.2022E+01   -.2023E+01   -.2024E+01   -.2025E+01   -.2026E+01   -.2027E+01   -.2027E+01   -.2028E+01   -.2029E+01   -.2030E+01   -.2031E+01
0.6062E+05   0.1950E+01   -.9004E+01   -.9006E+01   -.9007E+01   -.9009E+01   -.9010E+01   -.9011E+01   -.9013E+01   -.9015E+01   -.9016E+01   -.9018E+01   -.9020E+01   -.9022E+01   -.9024E+01   -.9026E+01   -.9028E+01   -.9031E+01   -.9033E+01   -.9036E+01   -.9039E+01   -.9043E+01   -.9046E+01   -.9050E+01   -.9054E+01   -.9059E+01   -.9064E+01   -.9070E+01   -.9077E+01   -.9084E+01   -.9092E+01   -.9102E+01   -.9113E+01   -.9126E+01   -.9140E+01   -.9158E+01   -.9178E+01   -.9202E+01   -.9232E+01   -.9267E+01   -.9311E+01   -.9364E+01   -.9431E+01   -.9515E+01   -.9622E+01   -.9764E+01   -.9965E+01   -.1028E+02   -.1080E+02   -.1116E+02   -.1084E+02   -.1071E+02   -.1093E+02   -.1121E+02   -.1143E+02   -.1159E+02   -.1172E+02   -.1181E+02   -.1188E+02   -.1194E+02   -.1198E+02   -.1202E+02   -.1205E+02   -.1207E+02   -.1209E+02   -.1210E+02   -.1388E+00   -.6925E-01   -.5239E+00   -.5405E+00   -.5619E+00   -.5753E+00   -.5847E+00   -.5915E+00   -.5971E+00   -.6019E+00   -.6061E+00   -.6096E+00   -.6127E+00   -.6155E+00   -.6181E+00   -.6204E+00   -.6224E+00   -.6243E+00   -.6260E+00   -.6275E+00   -.6289E+00   -.6302E+00   -.6315E+00   -.6326E+00   -.6336E+00   -.6346E+00   -.6355E+00   -.6364E+00   -.6373E+00   -.6382E+00   -.6390E+00   -.6398E+00   -.6406E+00   -.6414E+00   -.6421E+00   -.6428E+00
0.6057E+05   0.2100E+01   -.9004E+01   -.9006E+01   -.9007E+01   -.9009E+01   -.9010E+01   -.9012E+01   -.9013E+01   -.9015E+01   -.9016E+01   -.9018E+01   -.9020E+01   -.9022E+01   -.9024E+01   -.9026E+01   -.9028E+01   -.9031E+01   -.9033E+01   -.9036E+01   -.9039E+01   -.9043E+01   -.9046E+01   -.9050E+01   -.9054E+01   -.9059E+01   -.9064E+01   -.9070E+01   -.9077E+01   -.9084E+01   -.9093E+01   -.9102E+01   -.9113E+01   -.9126E+01   -.9141E+01   -.9158E+01   -.9179E+01   -.9203E+01   -.9233E+01   -.9268E+01   -.9312E+01   -.9367E+01   -.9434E+01   -.9520E+01   -.9631E+01   -.9779E+01   -.9989E+01   -.1029E+02   -.1071E+02   -.1098E+02   -.1085E+02   -.1083E+02   -.1101E+02   -.1124E+02   -.1143E+02   -.1159E+02   -.1170E+02   -.1180E+02   -.1187E+02   -.1192E+02   -.1197E+02   -.1200E+02   -.1203E+02   -.1205E+02   -.1207E+02   -.1209E+02   0.2510E+00   -.4253E-01   -.1828E+00   -.1688E+00   -.1615E+00   -.1581E+00   -.1584E+00   -.1607E+00   -.1644E+00   -.1684E+00   -.1726E+00   -.1767E+00   -.1807E+00   -.1846E+00   -.1882E+00   -.1917E+00   -.1950E+00   -.1982E+00   -.2011E+00   -.2039E+00   -.2066E+00   -.2091E+00   -.2115E+00   -.2137E+00   -.2159E+00   -.2179E+00   -.2198E+00   -.2216E+00   -.2234E+00   -.2250E+00   -.2266E+00   -.2280E+00   -.2295E+00   -.2308E+00   -.2321E+00   -.2332E+00
0.6134E+05   0.2250E+01   -.9004E+01   -.9006E+01   -.9007E+01   -.9009E+01   -.9010E+01   -.9012E+01   -.9013E+01   -.9015E+01   -.9016E+01   -.9018E+01   -.9020E+01   -.9022E+01   -.9024E+01   -.9026E+01   -.9028E+01   -.9031E+01   -.9033E+01   -.9036E+01   -.9039E+01   -.9043E+01   -.9046E+01   -.9050E+01   -.9054E+01   -.9059E+01   -.9064E+01   -.9070E+01   -.9077E+01   -.9084E+01   -.9093E+01   -.9102E+01   -.9113E+01   -.9126E+01   -.9141E+01   -.9158E+01   -.9179E+01   -.9203E+01   -.9233E+01   -.9268E+01   -.9312E+01   -.9366E+01   -.9433E+01   -.9518E+01   -.9627E+01   -.9773E+01   -.9976E+01   -.1026E+02   -.1062E+02   -.1086E+02   -.1085E+02   -.1085E+02   -.1100E+02   -.1119E+02   -.1137E+02   -.1152E+02   -.1163E+02   -.1172E+02   -.1179E+02   -.1184E+02   -.1189E+02   -.1192E+02   -.1195E+02   -.1197E+02   -.1199E+02   -.1201E+02   0.5794E+00   -.2048E+00   -.9800E+00   -.8919E+00   -.9238E+00   -.9442E+00   -.9569E+00   -.9656E+00   -.9718E+00   -.9763E+00   -.9800E+00   -.9832E+00   -.9862E+00   -.9892E+00   -.9920E+00   -.9945E+00   -.9969E+00   -.9990E+00   -.1001E+01   -.1003E+01   -.1006E+01   -.1008E+01   -.1010E+01   -.1012E+01   -.1014E+01   -.1016E+01   -.1017E+01   -.1019E+01   -.1021E+01   -.1022E+01   -.1023E+01   -.1025E+01   -.1026E+01   -.1027E+01   -.1028E+01   -.1029E+01
0.6130E+05   0.2400E+01   -.9004E+01   -.9006E+01   -.9007E+01   -.9009E+01   -.9010E+01   -.9012E+01   -.9013E+01   -.9015E+01   -.9016E+01   -.9018E+01   -.9020E+01   -.9022E+01   -.9024E+01   -.9026E+01   -.9028E+01   -.9031E+01   -.9033E+01   -.9036E+01   -.9039E+01   -.9043E+01   -.9046E+01   -.9050E+01   -.9054E+01   -.9059E+01   -.9065E+01   -.9070E+01   -.9077E+01   -.9084E+01   -.9093E+01   -.9102E+01   -.9113E+01   -.9126E+01   -.9141E+01   -.9158E+01   -.9179E+01   -.9203E+01   -.9233E+01   -.9269E+01   -.9313E+01   -.9367E+01   -.9434E+01   -.9520E+01   -.9630E+01   -.9776E+01   -.9975E+01   -.1024E+02   -.1054E+02   -.1075E+02   -.1079E+02   -.1084E+02   -.1097E+02   -.1115E+02   -.1131E+02   -.1144E+02   -.1155E+02   -.1164E+02   -.1171E+02   -.1176E+02   -.1181E+02   -.1184E+02   -.1187E+02   -.1189E+02   -.1191E+02   -.1193E+02   -.1896E+02   -.1601E+00   -.6797E+00   -.6436E+00   -.6374E+00   -.6381E+00   -.6465E+00   -.6503E+00   -.6515E+00   -.6512E+00   -.6504E+00   -.6494E+00   -.6485E+00   -.6479E+00   -.6475E+00   -.6473E+00   -.6473E+00   -.6475E+00   -.6479E+00   -.6483E+00   -.6490E+00   -.6497E+00   -.6504E+00   -.6513E+00   -.6524E+00   -.6535E+00   -.6547E+00   -.6559E+00   -.6572E+00   -.6584E+00   -.6597E+00   -.6609E+00   -.6621E+00   -.6632E+00   -.6643E+00   -.6651E+00
0.6160E+05   0.2550E+01   -.9004E+01   -.9006E+01   -.9007E+01   -.9009E+01   -.9010E+01   -.9012E+01   -.9013E+01   -.9015E+01   -.9016E+01   -.9018E+01   -.9020E+01   -.9022E+01   -.9024E+01   -.9026E+01   -.9028E+01   -.9031E+01   -.9033E+01   -.9036E+01   -.9039E+01   -.9043E+01   -.9046E+01   -.9050E+01   -.9055E+01   -.9059E+01   -.9065E+01   -.9070E+01   -.9077E+01   -.9084E+01   -.9093E+01   -.9102E+01   -.9113E+01   -.9126E+01   -.9141E+01   -.9158E+01   -.9179E+01   -.9203E+01   -.9233E+01   -.9268E+01   -.9312E+01   -.9366E+01   -.9433E+01   -.9518E+01   -.9627E+01   -.9771E+01   -.9966E+01   -.1021E+02   -.1049E+02   -.1069E+02   -.1076E+02   -.1082E+02   -.1094E+02   -.1110E+02   -.1125E+02   -.1138E+02   -.1149E+02   -.1157E+02   -.1164E+02   -.1169E+02   -.1174E+02   -.1177E+02   -.1180E+02   -.1182E+02   -.1184E+02   -.1186E+02   -.1487E+02   -.1183E+01   0.2354E+00   0.2982E+00   0.3593E+00   0.4128E+00   0.4438E+00   0.4693E+00   0.4885E+00   0.5035E+00   0.5152E+00   0.5244E+00   0.5315E+00   0.5370E+00   0.5412E+00   0.5435E+00   0.5451E+00   0.5463E+00   0.5470E+00   0.5474E+00   0.5475E+00   0.5474E+00   0.5471E+00   0.5466E+00   0.5460E+00   0.5453E+00   0.5445E+00   0.5437E+00   0.5429E+00   0.5421E+00   0.5411E+00   0.5400E+00   0.5389E+00   0.5379E+00   0.5369E+00   0.5361E+00
0.6143E+05   0.2700E+01   -.9004E+01   -.9006E+01   -.9007E+01   -.9009E+01   -.9010E+01   -.9012E+01   -.9013E+01   -.9015E+01   -.9016E+01   -.9018E+01   -.9020E+01   -.9022E+01   -.9024E+01   -.9026E+01   -.9028E+01   -.9031E+01   -.9034E+01   -.9036E+01   -.9039E+01   -.9043E+01   -.9046E+01   -.9050E+01   -.9055E+01   -.9059E+01   -.9065E+01   -.9070E+01   -.9077E+01   -.9085E+01   -.9093E+01   -.9103E+01   -.9114E+01   -.9126E+01   -.9141E+01   -.9159E+01   -.9179E+01   -.9204E+01   -.9233E+01   -.9269E+01   -.9313E+01   -.9367E+01   -.9435E+01   -.9520E+01   -.9629E+01   -.9773E+01   -.9965E+01   -.1020E+02   -.1045E+02   -.1064E+02   -.1074E+02   -.1081E+02   -.1093E+02   -.1108E+02   -.1122E+02   -.1135E+02   -.1146E+02   -.1154E+02   -.1161E+02   -.1166E+02   -.1170E+02   -.1174E+02   -.1177E+02   -.1179E+02   -.1181E+02   -.1183E+02   -.1316E+02   -.2175E+02   -.1214E+02   -.1208E+02   -.1202E+02   -.1197E+02   -.1194E+02   -.1192E+02   -.1190E+02   -.1189E+02   -.1189E+02   -.1188E+02   -.1188E+02   -.1188E+02   -.1188E+02   -.1188E+02   -.1188E+02   -.1188E+02   -.1188E+02   -.1188E+02   -.1189E+02   -.1189E+02   -.1189E+02   -.1189E+02   -.1189E+02   -.1189E+02   -.1189E+02   -.1189E+02   -.1189E+02   -.1190E+02   -.1190E+02   -.1190E+02   -.1190E+02   -.1190E+02   -.1190E+02   -.1190E+02
0.6150E+05   0.2850E+01   -.9004E+01   -.9006E+01   -.9007E+01   -.9009E+01   -.9010E+01   -.9012E+01   -.9013E+01   -.9015E+01   -.9016E+01   -.9018E+01   -.9020E+01   -.9022E+01   -.9024E+01   -.9026E+01   -.9028E+01   -.9031E+01   -.9034E+01   -.9036E+01   -.9039E+01   -.9043E+01   -.9046E+01   -.9050E+01   -.9055E+01   -.9059E+01   -.9065E+01   -.9071E+01   -.9077E+01   -.9085E+01   -.9093E+01   -.9103E+01   -.9114E+01   -.9126E+01   -.9141E+01   -.9159E+01   -.9179E+01   -.9204E+01   -.9233E+01   -.9269E+01   -.9313E+01   -.9367E+01   -.9434E+01   -.9519E+01   -.9629E+01   -.9773E+01   -.9965E+01   -.1020E+02   -.1043E+02   -.1062E+02   -.1074E+02   -.1083E+02   -.1094E+02   -.1108E+02   -.1122E+02   -.1134E+02   -.1145E+02   -.1153E+02   -.1160E+02   -.1165E+02   -.1169E+02   -.1173E+02   -.1176E+02   -.1178E+02   -.1180E+02   -.1182E+02   -.1282E+02   -.1426E+02   -.9014E+01   -.9020E+01   -.9034E+01   -.9047E+01   -.9058E+01   -.9068E+01   -.9077E+01   -.9084E+01   -.9090E+01   -.9096E+01   -.9101E+01   -.9105E+01   -.9109E+01   -.9112E+01   -.9115E+01   -.9118E+01   -.9120E+01   -.9122E+01   -.9124E+01   -.9126E+01   -.9128E+01   -.9129E+01   -.9131E+01   -.9132E+01   -.9134E+01   -.9135E+01   -.9136E+01   -.9137E+01   -.9138E+01   -.9139E+01   -.9140E+01   -.9141E+01   -.9142E+01   -.9142E+01
0.6148E+05   0.3000E+01   -.9004E+01   -.9006E+01   -.9007E+01   -.9009E+01   -.9010E+01   -.9012E+01   -.9013E+01   -.9015E+01   -.9016E+01   -.9018E+01   -.9020E+01   -.9022E+01   -.9024E+01   -.9026E+01   -.9028E+01   -.9031E+01   -.9034E+01   -.9036E+01   -.9039E+01   -.9043E+01   -.9046E+01   -.9050E+01   -.9055E+01   -.9059E+01   -.9065E+01   -.9071E+01   -.9077E+01   -.9085E+01   -.9093E+01   -.9103E+01   -.9114E+01   -.9126E+01   -.9141E+01   -.9159E+01   -.9179E+01   -.9204E+01   -.9234E+01   -.9269E+01   -.9313E+01   -.9368E+01   -.9436E+01   -.9522E+01   -.9632E+01   -.9775E+01   -.9964E+01   -.1019E+02   -.1043E+02   -.1061E+02   -.1072E+02   -.1080E+02   -.1092E+02   -.1107E+02   -.1120E+02   -.1133E+02   -.1143E+02   -.1151E+02   -.1157E+02   -.1163E+02   -.1167E+02   -.1171E+02   -.1173E+02   -.1176E+02   -.1178E+02   -.1179E+02   -.1274E+02   -.1413E+02   -.8233E+01   -.8250E+01   -.8261E+01   -.8270E+01   -.8279E+01   -.8286E+01   -.8292E+01   -.8298E+01   -.8303E+01   -.8308E+01   -.8312E+01   -.8315E+01   -.8319E+01   -.8322E+01   -.8325E+01   -.8327E+01   -.8329E+01   -.8332E+01   -.8334E+01   -.8335E+01   -.8337E+01   -.8339E+01   -.8340E+01   -.8342E+01   -.8343E+01   -.8344E+01   -.8345E+01   -.8346E+01   -.8348E+01   -.8349E+01   -.8350E+01   -.8351E+01   -.8352E+01   -.8352E+01
