0.7884E+05   0.1118E+01   0.3961E-04   0.4142E-04   0.4414E-04   0.4689E-04   0.4971E-04   0.5262E-04   0.5568E-04   0.5894E-04   0.6245E-04   0.6625E-04   0.7040E-04   0.7493E-04   0.7991E-04   0.8539E-04   0.9142E-04   0.9807E-04   0.1054E-03   0.1135E-03   0.1225E-03   0.1324E-03   0.1433E-03   0.1554E-03   0.1687E-03   0.1835E-03   0.1998E-03   0.2178E-03   0.2377E-03   0.2598E-03   0.2844E-03   0.3116E-03   0.3418E-03   0.3755E-03   0.4130E-03   0.4550E-03   0.5021E-03   0.5549E-03   0.6145E-03   0.6818E-03   0.7581E-03   0.8451E-03   0.9444E-03   0.1059E-02   0.1190E-02   0.1343E-02   0.1522E-02   0.1732E-02   0.1980E-02   0.2277E-02   0.2635E-02   0.3072E-02   0.3610E-02   0.4282E-02   0.5136E-02   0.6239E-02   0.7690E-02   0.9638E-02   0.1230E-01   0.1604E-01   0.2135E-01   0.2842E-01   0.3697E-01   0.4567E-01   0.4987E-01   0.1839E+00   0.2251E+00   0.2585E+00   0.2862E+00   0.4095E+00   0.4247E+00   0.4387E+00   0.4515E+00   0.4634E+00   0.4746E+00   0.4850E+00   0.4949E+00   0.5043E+00   0.5132E+00   0.5216E+00   0.5297E+00   0.5374E+00   0.5447E+00   0.5517E+00   0.5584E+00   0.5649E+00   0.5710E+00   0.5769E+00   0.5826E+00   0.5880E+00   0.5932E+00   0.5982E+00   0.6030E+00   0.6076E+00   0.6121E+00   0.6163E+00   0.6204E+00   0.6244E+00   0.6282E+00   0.6318E+00   0.6354E+00   0.6387E+00   0.6420E+00   0.6452E+00   0.6482E+00   0.6511E+00   0.6539E+00   0.6567E+00   0.6593E+00   0.6618E+00   0.6643E+00   0.6666E+00   0.6689E+00   0.6711E+00   0.6732E+00   0.6752E+00   0.6772E+00   0.6791E+00   0.6809E+00   0.6827E+00   0.6844E+00   0.6861E+00   0.6877E+00   0.6892E+00   0.6907E+00   0.6921E+00   0.6935E+00   0.6948E+00   0.6961E+00   0.6974E+00
0.7884E+05   0.1370E+01   0.3901E-04   0.4081E-04   0.4351E-04   0.4626E-04   0.4906E-04   0.5196E-04   0.5501E-04   0.5826E-04   0.6175E-04   0.6554E-04   0.6967E-04   0.7419E-04   0.7916E-04   0.8463E-04   0.9065E-04   0.9729E-04   0.1046E-03   0.1127E-03   0.1217E-03   0.1316E-03   0.1425E-03   0.1546E-03   0.1679E-03   0.1826E-03   0.1990E-03   0.2170E-03   0.2370E-03   0.2591E-03   0.2837E-03   0.3109E-03   0.3412E-03   0.3750E-03   0.4126E-03   0.4548E-03   0.5020E-03   0.5551E-03   0.6149E-03   0.6825E-03   0.7592E-03   0.8466E-03   0.9465E-03   0.1061E-02   0.1194E-02   0.1348E-02   0.1528E-02   0.1739E-02   0.1989E-02   0.2288E-02   0.2647E-02   0.3085E-02   0.3623E-02   0.4292E-02   0.5138E-02   0.6221E-02   0.7633E-02   0.9502E-02   0.1201E-01   0.1545E-01   0.2021E-01   0.2635E-01   0.3353E-01   0.4074E-01   0.5387E-01   0.1243E+00   0.1516E+00   0.1716E+00   0.1867E+00   0.2424E+00   0.2516E+00   0.2597E+00   0.2671E+00   0.2738E+00   0.2800E+00   0.2857E+00   0.2911E+00   0.2962E+00   0.3010E+00   0.3055E+00   0.3098E+00   0.3139E+00   0.3178E+00   0.3215E+00   0.3250E+00   0.3284E+00   0.3316E+00   0.3346E+00   0.3375E+00   0.3403E+00   0.3430E+00   0.3456E+00   0.3480E+00   0.3504E+00   0.3526E+00   0.3548E+00   0.3568E+00   0.3588E+00   0.3607E+00   0.3626E+00   0.3643E+00   0.3660E+00   0.3676E+00   0.3692E+00   0.3707E+00   0.3721E+00   0.3735E+00   0.3748E+00   0.3761E+00   0.3773E+00   0.3785E+00   0.3796E+00   0.3807E+00   0.3818E+00   0.3828E+00   0.3837E+00   0.3847E+00   0.3856E+00   0.3864E+00   0.3873E+00   0.3881E+00   0.3888E+00   0.3896E+00   0.3903E+00   0.3910E+00   0.3916E+00   0.3923E+00   0.3929E+00   0.3935E+00   0.3940E+00
0.7884E+05   0.1623E+01   0.3940E-04   0.4118E-04   0.4388E-04   0.4662E-04   0.4940E-04   0.5229E-04   0.5533E-04   0.5857E-04   0.6205E-04   0.6583E-04   0.6995E-04   0.7446E-04   0.7941E-04   0.8487E-04   0.9088E-04   0.9751E-04   0.1048E-03   0.1129E-03   0.1219E-03   0.1317E-03   0.1427E-03   0.1547E-03   0.1681E-03   0.1828E-03   0.1992E-03   0.2172E-03   0.2372E-03   0.2594E-03   0.2839E-03   0.3113E-03   0.3416E-03   0.3755E-03   0.4132E-03   0.4555E-03   0.5028E-03   0.5561E-03   0.6161E-03   0.6840E-03   0.7611E-03   0.8489E-03   0.9494E-03   0.1065E-02   0.1198E-02   0.1353E-02   0.1534E-02   0.1746E-02   0.1998E-02   0.2298E-02   0.2658E-02   0.3096E-02   0.3632E-02   0.4297E-02   0.5131E-02   0.6193E-02   0.7560E-02   0.9345E-02   0.1170E-01   0.1484E-01   0.1908E-01   0.2437E-01   0.3042E-01   0.3693E-01   0.5138E-01   0.8824E-01   0.1108E+00   0.1248E+00   0.1342E+00   0.1575E+00   0.1632E+00   0.1683E+00   0.1728E+00   0.1768E+00   0.1805E+00   0.1839E+00   0.1870E+00   0.1900E+00   0.1928E+00   0.1954E+00   0.1978E+00   0.2002E+00   0.2024E+00   0.2045E+00   0.2065E+00   0.2084E+00   0.2102E+00   0.2119E+00   0.2135E+00   0.2151E+00   0.2166E+00   0.2180E+00   0.2194E+00   0.2206E+00   0.2219E+00   0.2231E+00   0.2242E+00   0.2253E+00   0.2263E+00   0.2273E+00   0.2282E+00   0.2291E+00   0.2300E+00   0.2308E+00   0.2316E+00   0.2324E+00   0.2331E+00   0.2338E+00   0.2345E+00   0.2351E+00   0.2357E+00   0.2363E+00   0.2369E+00   0.2374E+00   0.2380E+00   0.2385E+00   0.2389E+00   0.2394E+00   0.2398E+00   0.2402E+00   0.2406E+00   0.2410E+00   0.2414E+00   0.2417E+00   0.2421E+00   0.2424E+00   0.2427E+00   0.2430E+00   0.2433E+00   0.2436E+00
0.7884E+05   0.1875E+01   0.3946E-04   0.4123E-04   0.4392E-04   0.4665E-04   0.4943E-04   0.5230E-04   0.5533E-04   0.5856E-04   0.6203E-04   0.6580E-04   0.6991E-04   0.7440E-04   0.7935E-04   0.8480E-04   0.9080E-04   0.9742E-04   0.1047E-03   0.1128E-03   0.1218E-03   0.1316E-03   0.1426E-03   0.1546E-03   0.1680E-03   0.1827E-03   0.1991E-03   0.2171E-03   0.2371E-03   0.2593E-03   0.2839E-03   0.3113E-03   0.3417E-03   0.3756E-03   0.4134E-03   0.4558E-03   0.5033E-03   0.5567E-03   0.6169E-03   0.6851E-03   0.7625E-03   0.8507E-03   0.9516E-03   0.1068E-02   0.1202E-02   0.1357E-02   0.1539E-02   0.1752E-02   0.2005E-02   0.2305E-02   0.2666E-02   0.3104E-02   0.3638E-02   0.4297E-02   0.5119E-02   0.6157E-02   0.7479E-02   0.9180E-02   0.1138E-01   0.1426E-01   0.1804E-01   0.2265E-01   0.2792E-01   0.3437E-01   0.4715E-01   0.7017E-01   0.9105E-01   0.1038E+00   0.1124E+00   0.1287E+00   0.1329E+00   0.1365E+00   0.1397E+00   0.1425E+00   0.1450E+00   0.1473E+00   0.1494E+00   0.1513E+00   0.1531E+00   0.1548E+00   0.1563E+00   0.1578E+00   0.1592E+00   0.1605E+00   0.1618E+00   0.1630E+00   0.1641E+00   0.1652E+00   0.1662E+00   0.1672E+00   0.1682E+00   0.1691E+00   0.1700E+00   0.1709E+00   0.1717E+00   0.1725E+00   0.1733E+00   0.1740E+00   0.1747E+00   0.1754E+00   0.1760E+00   0.1767E+00   0.1772E+00   0.1778E+00   0.1784E+00   0.1789E+00   0.1794E+00   0.1799E+00   0.1803E+00   0.1808E+00   0.1812E+00   0.1816E+00   0.1820E+00   0.1824E+00   0.1827E+00   0.1831E+00   0.1834E+00   0.1837E+00   0.1841E+00   0.1844E+00   0.1846E+00   0.1849E+00   0.1852E+00   0.1854E+00   0.1857E+00   0.1859E+00   0.1861E+00   0.1863E+00   0.1866E+00   0.1868E+00
0.7921E+05   0.2062E+01   0.3949E-04   0.4126E-04   0.4394E-04   0.4666E-04   0.4944E-04   0.5231E-04   0.5533E-04   0.5855E-04   0.6201E-04   0.6577E-04   0.6988E-04   0.7437E-04   0.7931E-04   0.8475E-04   0.9074E-04   0.9736E-04   0.1047E-03   0.1128E-03   0.1217E-03   0.1316E-03   0.1425E-03   0.1545E-03   0.1679E-03   0.1826E-03   0.1990E-03   0.2171E-03   0.2371E-03   0.2593E-03   0.2839E-03   0.3113E-03   0.3417E-03   0.3757E-03   0.4136E-03   0.4560E-03   0.5036E-03   0.5571E-03   0.6175E-03   0.6858E-03   0.7634E-03   0.8519E-03   0.9531E-03   0.1069E-02   0.1204E-02   0.1360E-02   0.1542E-02   0.1756E-02   0.2009E-02   0.2311E-02   0.2672E-02   0.3108E-02   0.3641E-02   0.4295E-02   0.5108E-02   0.6128E-02   0.7417E-02   0.9059E-02   0.1116E-01   0.1386E-01   0.1736E-01   0.2157E-01   0.2648E-01   0.3287E-01   0.4437E-01   0.6282E-01   0.8046E-01   0.9228E-01   0.1003E+00   0.1150E+00   0.1189E+00   0.1223E+00   0.1252E+00   0.1278E+00   0.1300E+00   0.1321E+00   0.1339E+00   0.1357E+00   0.1373E+00   0.1387E+00   0.1401E+00   0.1414E+00   0.1426E+00   0.1437E+00   0.1448E+00   0.1458E+00   0.1468E+00   0.1477E+00   0.1485E+00   0.1493E+00   0.1501E+00   0.1508E+00   0.1515E+00   0.1522E+00   0.1528E+00   0.1534E+00   0.1540E+00   0.1546E+00   0.1551E+00   0.1556E+00   0.1561E+00   0.1566E+00   0.1570E+00   0.1575E+00   0.1579E+00   0.1583E+00   0.1586E+00   0.1590E+00   0.1594E+00   0.1597E+00   0.1600E+00   0.1603E+00   0.1606E+00   0.1609E+00   0.1612E+00   0.1615E+00   0.1617E+00   0.1620E+00   0.1622E+00   0.1624E+00   0.1626E+00   0.1629E+00   0.1631E+00   0.1632E+00   0.1634E+00   0.1636E+00   0.1638E+00   0.1640E+00   0.1641E+00   0.1643E+00
0.7916E+05   0.2250E+01   0.3953E-04   0.4129E-04   0.4397E-04   0.4669E-04   0.4945E-04   0.5232E-04   0.5534E-04   0.5855E-04   0.6201E-04   0.6576E-04   0.6986E-04   0.7434E-04   0.7928E-04   0.8471E-04   0.9070E-04   0.9731E-04   0.1046E-03   0.1127E-03   0.1216E-03   0.1315E-03   0.1424E-03   0.1545E-03   0.1678E-03   0.1826E-03   0.1989E-03   0.2170E-03   0.2370E-03   0.2592E-03   0.2839E-03   0.3113E-03   0.3418E-03   0.3758E-03   0.4137E-03   0.4562E-03   0.5039E-03   0.5575E-03   0.6180E-03   0.6865E-03   0.7643E-03   0.8529E-03   0.9544E-03   0.1071E-02   0.1206E-02   0.1362E-02   0.1545E-02   0.1760E-02   0.2013E-02   0.2315E-02   0.2676E-02   0.3112E-02   0.3642E-02   0.4292E-02   0.5096E-02   0.6098E-02   0.7356E-02   0.8944E-02   0.1095E-01   0.1350E-01   0.1677E-01   0.2068E-01   0.2533E-01   0.3159E-01   0.4190E-01   0.5699E-01   0.7192E-01   0.8280E-01   0.9042E-01   0.1038E+00   0.1074E+00   0.1106E+00   0.1133E+00   0.1157E+00   0.1177E+00   0.1196E+00   0.1212E+00   0.1228E+00   0.1242E+00   0.1255E+00   0.1267E+00   0.1278E+00   0.1288E+00   0.1298E+00   0.1307E+00   0.1316E+00   0.1324E+00   0.1332E+00   0.1339E+00   0.1346E+00   0.1352E+00   0.1359E+00   0.1365E+00   0.1370E+00   0.1376E+00   0.1381E+00   0.1386E+00   0.1391E+00   0.1395E+00   0.1399E+00   0.1404E+00   0.1408E+00   0.1411E+00   0.1415E+00   0.1418E+00   0.1422E+00   0.1425E+00   0.1428E+00   0.1431E+00   0.1434E+00   0.1437E+00   0.1439E+00   0.1442E+00   0.1444E+00   0.1446E+00   0.1449E+00   0.1451E+00   0.1453E+00   0.1455E+00   0.1457E+00   0.1458E+00   0.1460E+00   0.1462E+00   0.1463E+00   0.1465E+00   0.1466E+00   0.1468E+00   0.1469E+00   0.1470E+00   0.1472E+00
0.7948E+05   0.2437E+01   0.3956E-04   0.4131E-04   0.4398E-04   0.4669E-04   0.4945E-04   0.5231E-04   0.5533E-04   0.5853E-04   0.6198E-04   0.6573E-04   0.6982E-04   0.7430E-04   0.7923E-04   0.8466E-04   0.9064E-04   0.9726E-04   0.1046E-03   0.1126E-03   0.1215E-03   0.1314E-03   0.1423E-03   0.1544E-03   0.1677E-03   0.1825E-03   0.1989E-03   0.2169E-03   0.2370E-03   0.2592E-03   0.2839E-03   0.3113E-03   0.3418E-03   0.3758E-03   0.4138E-03   0.4564E-03   0.5041E-03   0.5578E-03   0.6184E-03   0.6870E-03   0.7650E-03   0.8538E-03   0.9556E-03   0.1073E-02   0.1208E-02   0.1365E-02   0.1548E-02   0.1763E-02   0.2017E-02   0.2318E-02   0.2680E-02   0.3115E-02   0.3643E-02   0.4288E-02   0.5083E-02   0.6068E-02   0.7297E-02   0.8835E-02   0.1076E-01   0.1318E-01   0.1627E-01   0.1995E-01   0.2441E-01   0.3047E-01   0.3972E-01   0.5237E-01   0.6513E-01   0.7508E-01   0.8230E-01   0.9464E-01   0.9811E-01   0.1012E+00   0.1037E+00   0.1059E+00   0.1078E+00   0.1095E+00   0.1110E+00   0.1124E+00   0.1136E+00   0.1148E+00   0.1159E+00   0.1169E+00   0.1178E+00   0.1187E+00   0.1195E+00   0.1202E+00   0.1210E+00   0.1216E+00   0.1223E+00   0.1229E+00   0.1235E+00   0.1240E+00   0.1245E+00   0.1250E+00   0.1255E+00   0.1259E+00   0.1264E+00   0.1268E+00   0.1272E+00   0.1276E+00   0.1279E+00   0.1283E+00   0.1286E+00   0.1289E+00   0.1292E+00   0.1295E+00   0.1298E+00   0.1300E+00   0.1303E+00   0.1305E+00   0.1308E+00   0.1310E+00   0.1312E+00   0.1314E+00   0.1316E+00   0.1318E+00   0.1320E+00   0.1321E+00   0.1323E+00   0.1325E+00   0.1326E+00   0.1328E+00   0.1329E+00   0.1330E+00   0.1332E+00   0.1333E+00   0.1334E+00   0.1335E+00   0.1336E+00   0.1337E+00
0.7945E+05   0.2625E+01   0.3959E-04   0.4134E-04   0.4400E-04   0.4671E-04   0.4947E-04   0.5232E-04   0.5533E-04   0.5853E-04   0.6198E-04   0.6572E-04   0.6981E-04   0.7428E-04   0.7921E-04   0.8463E-04   0.9061E-04   0.9722E-04   0.1045E-03   0.1126E-03   0.1215E-03   0.1314E-03   0.1423E-03   0.1543E-03   0.1677E-03   0.1825E-03   0.1988E-03   0.2169E-03   0.2370E-03   0.2592E-03   0.2839E-03   0.3113E-03   0.3418E-03   0.3759E-03   0.4139E-03   0.4565E-03   0.5043E-03   0.5581E-03   0.6188E-03   0.6875E-03   0.7656E-03   0.8547E-03   0.9566E-03   0.1074E-02   0.1209E-02   0.1366E-02   0.1550E-02   0.1765E-02   0.2020E-02   0.2322E-02   0.2682E-02   0.3117E-02   0.3643E-02   0.4284E-02   0.5070E-02   0.6041E-02   0.7243E-02   0.8739E-02   0.1060E-01   0.1291E-01   0.1585E-01   0.1936E-01   0.2368E-01   0.2951E-01   0.3789E-01   0.4874E-01   0.5980E-01   0.6890E-01   0.7576E-01   0.8730E-01   0.9066E-01   0.9363E-01   0.9608E-01   0.9816E-01   0.9995E-01   0.1015E+00   0.1029E+00   0.1042E+00   0.1054E+00   0.1064E+00   0.1074E+00   0.1083E+00   0.1092E+00   0.1099E+00   0.1107E+00   0.1114E+00   0.1120E+00   0.1126E+00   0.1132E+00   0.1138E+00   0.1143E+00   0.1148E+00   0.1152E+00   0.1157E+00   0.1161E+00   0.1165E+00   0.1169E+00   0.1173E+00   0.1176E+00   0.1179E+00   0.1182E+00   0.1185E+00   0.1188E+00   0.1191E+00   0.1194E+00   0.1196E+00   0.1199E+00   0.1201E+00   0.1203E+00   0.1205E+00   0.1207E+00   0.1209E+00   0.1211E+00   0.1213E+00   0.1215E+00   0.1216E+00   0.1218E+00   0.1219E+00   0.1221E+00   0.1222E+00   0.1224E+00   0.1225E+00   0.1226E+00   0.1227E+00   0.1228E+00   0.1230E+00   0.1231E+00   0.1232E+00   0.1233E+00   0.1233E+00
0.8000E+05   0.2812E+01   0.3961E-04   0.4135E-04   0.4402E-04   0.4672E-04   0.4947E-04   0.5232E-04   0.5533E-04   0.5853E-04   0.6197E-04   0.6571E-04   0.6979E-04   0.7426E-04   0.7918E-04   0.8460E-04   0.9058E-04   0.9718E-04   0.1045E-03   0.1125E-03   0.1215E-03   0.1313E-03   0.1422E-03   0.1543E-03   0.1677E-03   0.1824E-03   0.1988E-03   0.2169E-03   0.2369E-03   0.2592E-03   0.2839E-03   0.3113E-03   0.3419E-03   0.3760E-03   0.4140E-03   0.4567E-03   0.5045E-03   0.5584E-03   0.6192E-03   0.6880E-03   0.7662E-03   0.8553E-03   0.9575E-03   0.1075E-02   0.1211E-02   0.1368E-02   0.1552E-02   0.1768E-02   0.2022E-02   0.2324E-02   0.2685E-02   0.3118E-02   0.3642E-02   0.4279E-02   0.5058E-02   0.6016E-02   0.7196E-02   0.8655E-02   0.1046E-01   0.1269E-01   0.1551E-01   0.1890E-01   0.2310E-01   0.2870E-01   0.3636E-01   0.4588E-01   0.5564E-01   0.6402E-01   0.7055E-01   0.8148E-01   0.8476E-01   0.8767E-01   0.9005E-01   0.9205E-01   0.9377E-01   0.9527E-01   0.9660E-01   0.9780E-01   0.9889E-01   0.9988E-01   0.1008E+00   0.1016E+00   0.1024E+00   0.1032E+00   0.1038E+00   0.1045E+00   0.1051E+00   0.1056E+00   0.1062E+00   0.1067E+00   0.1072E+00   0.1076E+00   0.1080E+00   0.1084E+00   0.1088E+00   0.1092E+00   0.1095E+00   0.1099E+00   0.1102E+00   0.1105E+00   0.1108E+00   0.1110E+00   0.1113E+00   0.1116E+00   0.1118E+00   0.1120E+00   0.1122E+00   0.1124E+00   0.1126E+00   0.1128E+00   0.1130E+00   0.1132E+00   0.1134E+00   0.1135E+00   0.1137E+00   0.1138E+00   0.1140E+00   0.1141E+00   0.1142E+00   0.1144E+00   0.1145E+00   0.1146E+00   0.1147E+00   0.1148E+00   0.1149E+00   0.1150E+00   0.1151E+00   0.1152E+00   0.1153E+00   0.1154E+00
0.7996E+05   0.3000E+01   0.3963E-04   0.4137E-04   0.4403E-04   0.4673E-04   0.4948E-04   0.5233E-04   0.5533E-04   0.5852E-04   0.6196E-04   0.6570E-04   0.6978E-04   0.7425E-04   0.7917E-04   0.8458E-04   0.9056E-04   0.9716E-04   0.1044E-03   0.1125E-03   0.1214E-03   0.1313E-03   0.1422E-03   0.1543E-03   0.1676E-03   0.1824E-03   0.1987E-03   0.2168E-03   0.2369E-03   0.2592E-03   0.2839E-03   0.3113E-03   0.3419E-03   0.3760E-03   0.4141E-03   0.4568E-03   0.5047E-03   0.5586E-03   0.6194E-03   0.6883E-03   0.7666E-03   0.8559E-03   0.9582E-03   0.1076E-02   0.1212E-02   0.1369E-02   0.1553E-02   0.1769E-02   0.2024E-02   0.2326E-02   0.2687E-02   0.3119E-02   0.3642E-02   0.4275E-02   0.5048E-02   0.5994E-02   0.7156E-02   0.8584E-02   0.1034E-01   0.1251E-01   0.1525E-01   0.1854E-01   0.2265E-01   0.2804E-01   0.3513E-01   0.4368E-01   0.5247E-01   0.6026E-01   0.6650E-01   0.7697E-01   0.8019E-01   0.8305E-01   0.8539E-01   0.8735E-01   0.8901E-01   0.9046E-01   0.9174E-01   0.9289E-01   0.9393E-01   0.9487E-01   0.9574E-01   0.9654E-01   0.9729E-01   0.9798E-01   0.9862E-01   0.9922E-01   0.9979E-01   0.1003E+00   0.1008E+00   0.1013E+00   0.1017E+00   0.1022E+00   0.1026E+00   0.1029E+00   0.1033E+00   0.1036E+00   0.1040E+00   0.1043E+00   0.1046E+00   0.1048E+00   0.1051E+00   0.1053E+00   0.1056E+00   0.1058E+00   0.1060E+00   0.1062E+00   0.1065E+00   0.1066E+00   0.1068E+00   0.1070E+00   0.1072E+00   0.1073E+00   0.1075E+00   0.1076E+00   0.1078E+00   0.1079E+00   0.1080E+00   0.1082E+00   0.1083E+00   0.1084E+00   0.1085E+00   0.1086E+00   0.1087E+00   0.1088E+00   0.1089E+00   0.1090E+00   0.1091E+00   0.1092E+00   0.1092E+00   0.1093E+00
0.8025E+05   0.3187E+01   0.3964E-04   0.4138E-04   0.4404E-04   0.4673E-04   0.4948E-04   0.5233E-04   0.5533E-04   0.5852E-04   0.6196E-04   0.6569E-04   0.6977E-04   0.7423E-04   0.7915E-04   0.8456E-04   0.9053E-04   0.9713E-04   0.1044E-03   0.1125E-03   0.1214E-03   0.1313E-03   0.1422E-03   0.1542E-03   0.1676E-03   0.1824E-03   0.1987E-03   0.2168E-03   0.2369E-03   0.2591E-03   0.2839E-03   0.3113E-03   0.3419E-03   0.3760E-03   0.4142E-03   0.4569E-03   0.5048E-03   0.5587E-03   0.6196E-03   0.6886E-03   0.7670E-03   0.8563E-03   0.9587E-03   0.1076E-02   0.1212E-02   0.1370E-02   0.1555E-02   0.1771E-02   0.2025E-02   0.2328E-02   0.2688E-02   0.3120E-02   0.3641E-02   0.4272E-02   0.5040E-02   0.5977E-02   0.7124E-02   0.8529E-02   0.1025E-01   0.1237E-01   0.1505E-01   0.1828E-01   0.2230E-01   0.2752E-01   0.3419E-01   0.4204E-01   0.5013E-01   0.5747E-01   0.6349E-01   0.7361E-01   0.7678E-01   0.7962E-01   0.8194E-01   0.8386E-01   0.8549E-01   0.8691E-01   0.8815E-01   0.8927E-01   0.9027E-01   0.9118E-01   0.9202E-01   0.9279E-01   0.9350E-01   0.9416E-01   0.9478E-01   0.9536E-01   0.9590E-01   0.9640E-01   0.9688E-01   0.9733E-01   0.9775E-01   0.9815E-01   0.9853E-01   0.9889E-01   0.9923E-01   0.9955E-01   0.9986E-01   0.1001E+00   0.1004E+00   0.1007E+00   0.1009E+00   0.1012E+00   0.1014E+00   0.1016E+00   0.1018E+00   0.1020E+00   0.1022E+00   0.1024E+00   0.1026E+00   0.1027E+00   0.1029E+00   0.1031E+00   0.1032E+00   0.1033E+00   0.1035E+00   0.1036E+00   0.1037E+00   0.1038E+00   0.1040E+00   0.1041E+00   0.1042E+00   0.1043E+00   0.1044E+00   0.1044E+00   0.1045E+00   0.1046E+00   0.1047E+00   0.1048E+00   0.1048E+00   0.1049E+00
0.8009E+05   0.3375E+01   0.3966E-04   0.4139E-04   0.4405E-04   0.4675E-04   0.4949E-04   0.5233E-04   0.5533E-04   0.5852E-04   0.6196E-04   0.6569E-04   0.6977E-04   0.7423E-04   0.7914E-04   0.8456E-04   0.9053E-04   0.9712E-04   0.1044E-03   0.1125E-03   0.1214E-03   0.1312E-03   0.1422E-03   0.1542E-03   0.1676E-03   0.1823E-03   0.1987E-03   0.2168E-03   0.2369E-03   0.2591E-03   0.2839E-03   0.3113E-03   0.3419E-03   0.3761E-03   0.4142E-03   0.4569E-03   0.5049E-03   0.5589E-03   0.6198E-03   0.6888E-03   0.7672E-03   0.8567E-03   0.9591E-03   0.1077E-02   0.1213E-02   0.1371E-02   0.1555E-02   0.1772E-02   0.2026E-02   0.2329E-02   0.2689E-02   0.3120E-02   0.3640E-02   0.4269E-02   0.5033E-02   0.5964E-02   0.7101E-02   0.8490E-02   0.1019E-01   0.1227E-01   0.1492E-01   0.1810E-01   0.2207E-01   0.2715E-01   0.3353E-01   0.4092E-01   0.4853E-01   0.5555E-01   0.6140E-01   0.7129E-01   0.7443E-01   0.7726E-01   0.7955E-01   0.8146E-01   0.8307E-01   0.8446E-01   0.8568E-01   0.8677E-01   0.8775E-01   0.8864E-01   0.8946E-01   0.9021E-01   0.9090E-01   0.9154E-01   0.9214E-01   0.9270E-01   0.9323E-01   0.9372E-01   0.9418E-01   0.9462E-01   0.9503E-01   0.9541E-01   0.9578E-01   0.9613E-01   0.9645E-01   0.9676E-01   0.9706E-01   0.9734E-01   0.9761E-01   0.9786E-01   0.9810E-01   0.9833E-01   0.9855E-01   0.9876E-01   0.9896E-01   0.9915E-01   0.9933E-01   0.9951E-01   0.9967E-01   0.9983E-01   0.9999E-01   0.1001E+00   0.1003E+00   0.1004E+00   0.1005E+00   0.1007E+00   0.1008E+00   0.1009E+00   0.1010E+00   0.1011E+00   0.1012E+00   0.1013E+00   0.1014E+00   0.1015E+00   0.1016E+00   0.1016E+00   0.1017E+00   0.1018E+00   0.1018E+00   0.1019E+00
0.8014E+05   0.3562E+01   0.3966E-04   0.4139E-04   0.4405E-04   0.4675E-04   0.4949E-04   0.5233E-04   0.5533E-04   0.5852E-04   0.6195E-04   0.6568E-04   0.6976E-04   0.7422E-04   0.7913E-04   0.8455E-04   0.9051E-04   0.9711E-04   0.1044E-03   0.1125E-03   0.1214E-03   0.1312E-03   0.1421E-03   0.1542E-03   0.1676E-03   0.1823E-03   0.1987E-03   0.2168E-03   0.2369E-03   0.2591E-03   0.2838E-03   0.3113E-03   0.3419E-03   0.3761E-03   0.4142E-03   0.4570E-03   0.5049E-03   0.5589E-03   0.6199E-03   0.6889E-03   0.7674E-03   0.8568E-03   0.9593E-03   0.1077E-02   0.1213E-02   0.1371E-02   0.1556E-02   0.1772E-02   0.2027E-02   0.2329E-02   0.2689E-02   0.3121E-02   0.3640E-02   0.4268E-02   0.5029E-02   0.5957E-02   0.7087E-02   0.8465E-02   0.1015E-01   0.1221E-01   0.1484E-01   0.1799E-01   0.2193E-01   0.2693E-01   0.3314E-01   0.4026E-01   0.4760E-01   0.5443E-01   0.6018E-01   0.6992E-01   0.7305E-01   0.7587E-01   0.7816E-01   0.8005E-01   0.8165E-01   0.8303E-01   0.8424E-01   0.8531E-01   0.8628E-01   0.8716E-01   0.8796E-01   0.8870E-01   0.8938E-01   0.9001E-01   0.9060E-01   0.9115E-01   0.9167E-01   0.9215E-01   0.9261E-01   0.9303E-01   0.9344E-01   0.9382E-01   0.9417E-01   0.9451E-01   0.9483E-01   0.9514E-01   0.9543E-01   0.9570E-01   0.9596E-01   0.9621E-01   0.9645E-01   0.9667E-01   0.9689E-01   0.9709E-01   0.9729E-01   0.9747E-01   0.9765E-01   0.9782E-01   0.9799E-01   0.9814E-01   0.9829E-01   0.9843E-01   0.9857E-01   0.9870E-01   0.9882E-01   0.9894E-01   0.9906E-01   0.9917E-01   0.9927E-01   0.9937E-01   0.9947E-01   0.9956E-01   0.9965E-01   0.9974E-01   0.9982E-01   0.9989E-01   0.9997E-01   0.1000E+00   0.1001E+00   0.1002E+00
0.8012E+05   0.3750E+01   0.3966E-04   0.4140E-04   0.4405E-04   0.4675E-04   0.4949E-04   0.5233E-04   0.5533E-04   0.5852E-04   0.6195E-04   0.6568E-04   0.6976E-04   0.7422E-04   0.7913E-04   0.8454E-04   0.9051E-04   0.9711E-04   0.1044E-03   0.1125E-03   0.1214E-03   0.1312E-03   0.1421E-03   0.1542E-03   0.1675E-03   0.1823E-03   0.1987E-03   0.2168E-03   0.2369E-03   0.2591E-03   0.2838E-03   0.3113E-03   0.3419E-03   0.3761E-03   0.4142E-03   0.4570E-03   0.5049E-03   0.5589E-03   0.6199E-03   0.6889E-03   0.7674E-03   0.8569E-03   0.9594E-03   0.1077E-02   0.1213E-02   0.1372E-02   0.1556E-02   0.1772E-02   0.2027E-02   0.2329E-02   0.2689E-02   0.3121E-02   0.3640E-02   0.4267E-02   0.5028E-02   0.5954E-02   0.7082E-02   0.8457E-02   0.1014E-01   0.1220E-01   0.1481E-01   0.1796E-01   0.2188E-01   0.2686E-01   0.3301E-01   0.4004E-01   0.4729E-01   0.5405E-01   0.5978E-01   0.6947E-01   0.7260E-01   0.7541E-01   0.7769E-01   0.7958E-01   0.8118E-01   0.8256E-01   0.8376E-01   0.8483E-01   0.8580E-01   0.8667E-01   0.8747E-01   0.8820E-01   0.8888E-01   0.8951E-01   0.9010E-01   0.9064E-01   0.9116E-01   0.9164E-01   0.9209E-01   0.9251E-01   0.9291E-01   0.9329E-01   0.9365E-01   0.9398E-01   0.9430E-01   0.9461E-01   0.9489E-01   0.9516E-01   0.9542E-01   0.9567E-01   0.9590E-01   0.9613E-01   0.9634E-01   0.9654E-01   0.9674E-01   0.9692E-01   0.9710E-01   0.9727E-01   0.9743E-01   0.9758E-01   0.9773E-01   0.9787E-01   0.9801E-01   0.9814E-01   0.9826E-01   0.9838E-01   0.9850E-01   0.9860E-01   0.9871E-01   0.9881E-01   0.9890E-01   0.9899E-01   0.9908E-01   0.9917E-01   0.9925E-01   0.9932E-01   0.9940E-01   0.9947E-01   0.9953E-01   0.9960E-01
