0.7884E+05   0.1118E+01   -.3001E+02   -.3001E+02   -.3001E+02   -.3001E+02   -.3001E+02   -.3002E+02   -.3002E+02   -.3002E+02   -.3002E+02   -.3003E+02   -.3003E+02   -.3003E+02   -.3003E+02   -.3004E+02   -.3004E+02   -.3004E+02   -.3005E+02   -.3005E+02   -.3005E+02   -.3006E+02   -.3006E+02   -.3007E+02   -.3007E+02   -.3008E+02   -.3008E+02   -.3009E+02   -.3009E+02   -.3010E+02   -.3011E+02   -.3012E+02   -.3012E+02   -.3013E+02   -.3014E+02   -.3015E+02   -.3017E+02   -.3018E+02   -.3019E+02   -.3021E+02   -.3023E+02   -.3024E+02   -.3027E+02   -.3029E+02   -.3032E+02   -.3035E+02   -.3038E+02   -.3042E+02   -.3047E+02   -.3052E+02   -.3058E+02   -.3065E+02   -.3074E+02   -.3084E+02   -.3097E+02   -.3112E+02   -.3130E+02   -.3152E+02   -.3179E+02   -.3211E+02   -.3248E+02   -.3286E+02   -.3337E+02   -.3499E+02   -.6340E+02   -.2469E+02   -.2542E+02   -.2519E+02   -.2430E+02   -.1618E+02   -.1654E+02   -.1670E+02   -.1673E+02   -.1667E+02   -.1656E+02   -.1642E+02   -.1626E+02   -.1610E+02   -.1593E+02   -.1577E+02   -.1560E+02   -.1544E+02   -.1528E+02   -.1513E+02   -.1498E+02   -.1483E+02   -.1470E+02   -.1456E+02   -.1444E+02   -.1432E+02   -.1420E+02   -.1409E+02   -.1399E+02   -.1388E+02   -.1379E+02   -.1370E+02   -.1361E+02   -.1352E+02   -.1344E+02   -.1336E+02   -.1329E+02   -.1321E+02   -.1315E+02   -.1308E+02   -.1301E+02   -.1295E+02   -.1289E+02   -.1283E+02   -.1278E+02   -.1273E+02   -.1267E+02   -.1263E+02   -.1258E+02   -.1253E+02   -.1249E+02   -.1244E+02   -.1240E+02   -.1236E+02   -.1232E+02   -.1229E+02   -.1225E+02   -.1221E+02   -.1218E+02   -.1215E+02   -.1211E+02   -.1209E+02   -.1206E+02   -.1202E+02   -.1200E+02   -.1197E+02
0.7884E+05   0.1370E+01   -.3001E+02   -.3001E+02   -.3001E+02   -.3001E+02   -.3002E+02   -.3002E+02   -.3002E+02   -.3002E+02   -.3002E+02   -.3003E+02   -.3003E+02   -.3003E+02   -.3003E+02   -.3004E+02   -.3004E+02   -.3004E+02   -.3005E+02   -.3005E+02   -.3005E+02   -.3006E+02   -.3006E+02   -.3007E+02   -.3007E+02   -.3008E+02   -.3008E+02   -.3009E+02   -.3009E+02   -.3010E+02   -.3011E+02   -.3012E+02   -.3012E+02   -.3013E+02   -.3014E+02   -.3015E+02   -.3017E+02   -.3018E+02   -.3019E+02   -.3021E+02   -.3023E+02   -.3025E+02   -.3027E+02   -.3029E+02   -.3032E+02   -.3035E+02   -.3038E+02   -.3042E+02   -.3047E+02   -.3052E+02   -.3058E+02   -.3066E+02   -.3074E+02   -.3085E+02   -.3097E+02   -.3112E+02   -.3130E+02   -.3152E+02   -.3179E+02   -.3211E+02   -.3249E+02   -.3292E+02   -.3355E+02   -.3542E+02   -.4239E+02   -.2859E+02   -.2859E+02   -.2839E+02   -.2773E+02   -.2007E+02   -.2037E+02   -.2049E+02   -.2048E+02   -.2040E+02   -.2027E+02   -.2011E+02   -.1995E+02   -.1978E+02   -.1961E+02   -.1945E+02   -.1929E+02   -.1913E+02   -.1898E+02   -.1883E+02   -.1869E+02   -.1856E+02   -.1843E+02   -.1831E+02   -.1819E+02   -.1808E+02   -.1797E+02   -.1787E+02   -.1778E+02   -.1769E+02   -.1760E+02   -.1752E+02   -.1744E+02   -.1737E+02   -.1730E+02   -.1723E+02   -.1716E+02   -.1710E+02   -.1704E+02   -.1698E+02   -.1693E+02   -.1687E+02   -.1682E+02   -.1677E+02   -.1672E+02   -.1668E+02   -.1663E+02   -.1660E+02   -.1655E+02   -.1651E+02   -.1648E+02   -.1644E+02   -.1641E+02   -.1638E+02   -.1634E+02   -.1631E+02   -.1629E+02   -.1626E+02   -.1623E+02   -.1621E+02   -.1618E+02   -.1616E+02   -.1614E+02   -.1612E+02   -.1609E+02   -.1607E+02
0.7884E+05   0.1623E+01   -.3001E+02   -.3001E+02   -.3001E+02   -.3001E+02   -.3001E+02   -.3002E+02   -.3002E+02   -.3002E+02   -.3002E+02   -.3003E+02   -.3003E+02   -.3003E+02   -.3003E+02   -.3004E+02   -.3004E+02   -.3004E+02   -.3005E+02   -.3005E+02   -.3005E+02   -.3006E+02   -.3006E+02   -.3007E+02   -.3007E+02   -.3008E+02   -.3008E+02   -.3009E+02   -.3009E+02   -.3010E+02   -.3011E+02   -.3012E+02   -.3012E+02   -.3013E+02   -.3014E+02   -.3015E+02   -.3017E+02   -.3018E+02   -.3019E+02   -.3021E+02   -.3023E+02   -.3025E+02   -.3027E+02   -.3029E+02   -.3032E+02   -.3035E+02   -.3039E+02   -.3043E+02   -.3047E+02   -.3052E+02   -.3059E+02   -.3066E+02   -.3075E+02   -.3085E+02   -.3097E+02   -.3112E+02   -.3130E+02   -.3152E+02   -.3179E+02   -.3212E+02   -.3252E+02   -.3301E+02   -.3376E+02   -.3558E+02   -.3809E+02   -.3258E+02   -.3468E+02   -.3560E+02   -.3620E+02   -.3176E+02   -.3166E+02   -.3152E+02   -.3135E+02   -.3114E+02   -.3092E+02   -.3069E+02   -.3046E+02   -.3023E+02   -.3001E+02   -.2979E+02   -.2959E+02   -.2939E+02   -.2919E+02   -.2901E+02   -.2883E+02   -.2865E+02   -.2849E+02   -.2833E+02   -.2819E+02   -.2805E+02   -.2791E+02   -.2778E+02   -.2766E+02   -.2755E+02   -.2744E+02   -.2733E+02   -.2724E+02   -.2714E+02   -.2705E+02   -.2697E+02   -.2689E+02   -.2681E+02   -.2674E+02   -.2667E+02   -.2660E+02   -.2654E+02   -.2648E+02   -.2642E+02   -.2637E+02   -.2631E+02   -.2626E+02   -.2621E+02   -.2617E+02   -.2612E+02   -.2608E+02   -.2604E+02   -.2600E+02   -.2596E+02   -.2592E+02   -.2589E+02   -.2585E+02   -.2582E+02   -.2579E+02   -.2576E+02   -.2573E+02   -.2571E+02   -.2568E+02   -.2565E+02   -.2563E+02   -.2561E+02
0.7884E+05   0.1875E+01   -.3001E+02   -.3001E+02   -.3001E+02   -.3001E+02   -.3001E+02   -.3002E+02   -.3002E+02   -.3002E+02   -.3002E+02   -.3003E+02   -.3003E+02   -.3003E+02   -.3003E+02   -.3004E+02   -.3004E+02   -.3004E+02   -.3005E+02   -.3005E+02   -.3005E+02   -.3006E+02   -.3006E+02   -.3007E+02   -.3007E+02   -.3008E+02   -.3008E+02   -.3009E+02   -.3009E+02   -.3010E+02   -.3011E+02   -.3012E+02   -.3012E+02   -.3013E+02   -.3014E+02   -.3015E+02   -.3017E+02   -.3018E+02   -.3019E+02   -.3021E+02   -.3023E+02   -.3025E+02   -.3027E+02   -.3029E+02   -.3032E+02   -.3035E+02   -.3039E+02   -.3043E+02   -.3047E+02   -.3053E+02   -.3059E+02   -.3066E+02   -.3075E+02   -.3085E+02   -.3097E+02   -.3112E+02   -.3130E+02   -.3152E+02   -.3178E+02   -.3211E+02   -.3252E+02   -.3304E+02   -.3381E+02   -.3525E+02   -.3656E+02   -.3460E+02   -.3568E+02   -.3677E+02   -.3773E+02   -.3886E+02   -.3929E+02   -.3966E+02   -.3993E+02   -.4013E+02   -.4028E+02   -.4037E+02   -.4043E+02   -.4044E+02   -.4043E+02   -.4040E+02   -.4034E+02   -.4027E+02   -.4018E+02   -.4008E+02   -.3998E+02   -.3987E+02   -.3975E+02   -.3963E+02   -.3951E+02   -.3939E+02   -.3927E+02   -.3915E+02   -.3903E+02   -.3891E+02   -.3879E+02   -.3868E+02   -.3857E+02   -.3846E+02   -.3835E+02   -.3825E+02   -.3815E+02   -.3805E+02   -.3796E+02   -.3787E+02   -.3778E+02   -.3770E+02   -.3762E+02   -.3755E+02   -.3747E+02   -.3741E+02   -.3734E+02   -.3727E+02   -.3721E+02   -.3715E+02   -.3710E+02   -.3704E+02   -.3699E+02   -.3694E+02   -.3689E+02   -.3684E+02   -.3680E+02   -.3675E+02   -.3671E+02   -.3667E+02   -.3663E+02   -.3659E+02   -.3656E+02   -.3652E+02   -.3649E+02   -.3646E+02
0.7921E+05   0.2062E+01   -.3001E+02   -.3001E+02   -.3001E+02   -.3001E+02   -.3002E+02   -.3002E+02   -.3002E+02   -.3002E+02   -.3002E+02   -.3003E+02   -.3003E+02   -.3003E+02   -.3003E+02   -.3004E+02   -.3004E+02   -.3004E+02   -.3005E+02   -.3005E+02   -.3005E+02   -.3006E+02   -.3006E+02   -.3007E+02   -.3007E+02   -.3008E+02   -.3008E+02   -.3009E+02   -.3009E+02   -.3010E+02   -.3011E+02   -.3012E+02   -.3012E+02   -.3013E+02   -.3014E+02   -.3016E+02   -.3017E+02   -.3018E+02   -.3019E+02   -.3021E+02   -.3023E+02   -.3025E+02   -.3027E+02   -.3029E+02   -.3032E+02   -.3035E+02   -.3039E+02   -.3043E+02   -.3047E+02   -.3053E+02   -.3059E+02   -.3066E+02   -.3075E+02   -.3085E+02   -.3098E+02   -.3112E+02   -.3130E+02   -.3152E+02   -.3178E+02   -.3211E+02   -.3252E+02   -.3304E+02   -.3380E+02   -.3496E+02   -.3590E+02   -.3592E+02   -.3591E+02   -.3680E+02   -.3768E+02   -.3897E+02   -.3948E+02   -.3993E+02   -.4030E+02   -.4060E+02   -.4086E+02   -.4108E+02   -.4126E+02   -.4143E+02   -.4157E+02   -.4169E+02   -.4180E+02   -.4190E+02   -.4199E+02   -.4206E+02   -.4214E+02   -.4221E+02   -.4227E+02   -.4233E+02   -.4239E+02   -.4245E+02   -.4250E+02   -.4255E+02   -.4259E+02   -.4264E+02   -.4269E+02   -.4273E+02   -.4276E+02   -.4280E+02   -.4283E+02   -.4286E+02   -.4288E+02   -.4291E+02   -.4293E+02   -.4295E+02   -.4297E+02   -.4299E+02   -.4300E+02   -.4302E+02   -.4303E+02   -.4304E+02   -.4304E+02   -.4305E+02   -.4305E+02   -.4306E+02   -.4306E+02   -.4306E+02   -.4306E+02   -.4306E+02   -.4306E+02   -.4306E+02   -.4305E+02   -.4305E+02   -.4305E+02   -.4304E+02   -.4304E+02   -.4303E+02   -.4303E+02   -.4302E+02   -.4302E+02   -.4301E+02
0.7916E+05   0.2250E+01   -.3001E+02   -.3001E+02   -.3001E+02   -.3001E+02   -.3002E+02   -.3002E+02   -.3002E+02   -.3002E+02   -.3002E+02   -.3003E+02   -.3003E+02   -.3003E+02   -.3003E+02   -.3004E+02   -.3004E+02   -.3004E+02   -.3005E+02   -.3005E+02   -.3005E+02   -.3006E+02   -.3006E+02   -.3007E+02   -.3007E+02   -.3008E+02   -.3008E+02   -.3009E+02   -.3009E+02   -.3010E+02   -.3011E+02   -.3012E+02   -.3013E+02   -.3013E+02   -.3014E+02   -.3016E+02   -.3017E+02   -.3018E+02   -.3019E+02   -.3021E+02   -.3023E+02   -.3025E+02   -.3027E+02   -.3029E+02   -.3032E+02   -.3035E+02   -.3039E+02   -.3043E+02   -.3048E+02   -.3053E+02   -.3059E+02   -.3067E+02   -.3075E+02   -.3085E+02   -.3098E+02   -.3112E+02   -.3130E+02   -.3151E+02   -.3177E+02   -.3209E+02   -.3250E+02   -.3302E+02   -.3372E+02   -.3466E+02   -.3548E+02   -.3575E+02   -.3599E+02   -.3673E+02   -.3751E+02   -.3881E+02   -.3932E+02   -.3977E+02   -.4016E+02   -.4049E+02   -.4078E+02   -.4103E+02   -.4125E+02   -.4144E+02   -.4162E+02   -.4178E+02   -.4192E+02   -.4205E+02   -.4217E+02   -.4228E+02   -.4239E+02   -.4248E+02   -.4257E+02   -.4265E+02   -.4273E+02   -.4280E+02   -.4287E+02   -.4293E+02   -.4299E+02   -.4304E+02   -.4310E+02   -.4314E+02   -.4319E+02   -.4323E+02   -.4327E+02   -.4331E+02   -.4334E+02   -.4338E+02   -.4341E+02   -.4344E+02   -.4347E+02   -.4349E+02   -.4352E+02   -.4354E+02   -.4356E+02   -.4358E+02   -.4360E+02   -.4362E+02   -.4364E+02   -.4366E+02   -.4368E+02   -.4369E+02   -.4371E+02   -.4372E+02   -.4374E+02   -.4375E+02   -.4377E+02   -.4378E+02   -.4379E+02   -.4380E+02   -.4381E+02   -.4382E+02   -.4383E+02   -.4384E+02   -.4385E+02   -.4386E+02
0.7948E+05   0.2437E+01   -.3001E+02   -.3001E+02   -.3001E+02   -.3001E+02   -.3002E+02   -.3002E+02   -.3002E+02   -.3002E+02   -.3002E+02   -.3003E+02   -.3003E+02   -.3003E+02   -.3003E+02   -.3004E+02   -.3004E+02   -.3004E+02   -.3005E+02   -.3005E+02   -.3005E+02   -.3006E+02   -.3006E+02   -.3007E+02   -.3007E+02   -.3008E+02   -.3008E+02   -.3009E+02   -.3009E+02   -.3010E+02   -.3011E+02   -.3012E+02   -.3013E+02   -.3013E+02   -.3014E+02   -.3016E+02   -.3017E+02   -.3018E+02   -.3019E+02   -.3021E+02   -.3023E+02   -.3025E+02   -.3027E+02   -.3029E+02   -.3032E+02   -.3035E+02   -.3039E+02   -.3043E+02   -.3048E+02   -.3053E+02   -.3059E+02   -.3067E+02   -.3075E+02   -.3085E+02   -.3098E+02   -.3112E+02   -.3130E+02   -.3151E+02   -.3176E+02   -.3208E+02   -.3248E+02   -.3297E+02   -.3362E+02   -.3442E+02   -.3514E+02   -.3554E+02   -.3589E+02   -.3654E+02   -.3724E+02   -.3851E+02   -.3900E+02   -.3944E+02   -.3983E+02   -.4016E+02   -.4045E+02   -.4070E+02   -.4093E+02   -.4113E+02   -.4131E+02   -.4148E+02   -.4163E+02   -.4177E+02   -.4189E+02   -.4201E+02   -.4212E+02   -.4222E+02   -.4232E+02   -.4240E+02   -.4249E+02   -.4256E+02   -.4263E+02   -.4270E+02   -.4276E+02   -.4282E+02   -.4288E+02   -.4293E+02   -.4298E+02   -.4303E+02   -.4308E+02   -.4312E+02   -.4316E+02   -.4320E+02   -.4324E+02   -.4327E+02   -.4331E+02   -.4334E+02   -.4337E+02   -.4340E+02   -.4343E+02   -.4345E+02   -.4348E+02   -.4350E+02   -.4353E+02   -.4355E+02   -.4357E+02   -.4359E+02   -.4361E+02   -.4363E+02   -.4365E+02   -.4366E+02   -.4368E+02   -.4370E+02   -.4371E+02   -.4373E+02   -.4374E+02   -.4375E+02   -.4376E+02   -.4378E+02   -.4379E+02   -.4380E+02
0.7945E+05   0.2625E+01   -.3001E+02   -.3001E+02   -.3001E+02   -.3001E+02   -.3002E+02   -.3002E+02   -.3002E+02   -.3002E+02   -.3002E+02   -.3003E+02   -.3003E+02   -.3003E+02   -.3003E+02   -.3004E+02   -.3004E+02   -.3004E+02   -.3005E+02   -.3005E+02   -.3005E+02   -.3006E+02   -.3006E+02   -.3007E+02   -.3007E+02   -.3008E+02   -.3008E+02   -.3009E+02   -.3009E+02   -.3010E+02   -.3011E+02   -.3012E+02   -.3013E+02   -.3013E+02   -.3014E+02   -.3016E+02   -.3017E+02   -.3018E+02   -.3020E+02   -.3021E+02   -.3023E+02   -.3025E+02   -.3027E+02   -.3029E+02   -.3032E+02   -.3035E+02   -.3039E+02   -.3043E+02   -.3048E+02   -.3053E+02   -.3059E+02   -.3067E+02   -.3075E+02   -.3086E+02   -.3098E+02   -.3112E+02   -.3130E+02   -.3151E+02   -.3176E+02   -.3207E+02   -.3247E+02   -.3295E+02   -.3356E+02   -.3428E+02   -.3495E+02   -.3543E+02   -.3589E+02   -.3651E+02   -.3715E+02   -.3838E+02   -.3884E+02   -.3927E+02   -.3965E+02   -.3998E+02   -.4026E+02   -.4051E+02   -.4074E+02   -.4094E+02   -.4112E+02   -.4129E+02   -.4144E+02   -.4158E+02   -.4170E+02   -.4182E+02   -.4193E+02   -.4204E+02   -.4213E+02   -.4222E+02   -.4231E+02   -.4238E+02   -.4246E+02   -.4253E+02   -.4259E+02   -.4266E+02   -.4272E+02   -.4277E+02   -.4283E+02   -.4288E+02   -.4293E+02   -.4297E+02   -.4301E+02   -.4306E+02   -.4310E+02   -.4313E+02   -.4317E+02   -.4321E+02   -.4324E+02   -.4327E+02   -.4330E+02   -.4333E+02   -.4336E+02   -.4339E+02   -.4341E+02   -.4344E+02   -.4346E+02   -.4348E+02   -.4350E+02   -.4352E+02   -.4354E+02   -.4356E+02   -.4358E+02   -.4360E+02   -.4361E+02   -.4363E+02   -.4364E+02   -.4366E+02   -.4367E+02   -.4368E+02   -.4370E+02   -.4371E+02
0.8000E+05   0.2812E+01   -.3001E+02   -.3001E+02   -.3001E+02   -.3001E+02   -.3002E+02   -.3002E+02   -.3002E+02   -.3002E+02   -.3002E+02   -.3003E+02   -.3003E+02   -.3003E+02   -.3003E+02   -.3004E+02   -.3004E+02   -.3004E+02   -.3005E+02   -.3005E+02   -.3005E+02   -.3006E+02   -.3006E+02   -.3007E+02   -.3007E+02   -.3008E+02   -.3008E+02   -.3009E+02   -.3009E+02   -.3010E+02   -.3011E+02   -.3012E+02   -.3013E+02   -.3013E+02   -.3014E+02   -.3016E+02   -.3017E+02   -.3018E+02   -.3020E+02   -.3021E+02   -.3023E+02   -.3025E+02   -.3027E+02   -.3030E+02   -.3032E+02   -.3035E+02   -.3039E+02   -.3043E+02   -.3048E+02   -.3053E+02   -.3059E+02   -.3067E+02   -.3075E+02   -.3086E+02   -.3098E+02   -.3112E+02   -.3130E+02   -.3150E+02   -.3176E+02   -.3206E+02   -.3245E+02   -.3291E+02   -.3348E+02   -.3412E+02   -.3474E+02   -.3527E+02   -.3578E+02   -.3636E+02   -.3696E+02   -.3812E+02   -.3855E+02   -.3897E+02   -.3933E+02   -.3964E+02   -.3992E+02   -.4016E+02   -.4038E+02   -.4058E+02   -.4076E+02   -.4092E+02   -.4107E+02   -.4120E+02   -.4133E+02   -.4145E+02   -.4155E+02   -.4166E+02   -.4175E+02   -.4184E+02   -.4192E+02   -.4200E+02   -.4207E+02   -.4214E+02   -.4221E+02   -.4227E+02   -.4233E+02   -.4239E+02   -.4244E+02   -.4249E+02   -.4254E+02   -.4259E+02   -.4263E+02   -.4267E+02   -.4271E+02   -.4275E+02   -.4279E+02   -.4282E+02   -.4286E+02   -.4289E+02   -.4292E+02   -.4295E+02   -.4298E+02   -.4300E+02   -.4303E+02   -.4305E+02   -.4308E+02   -.4310E+02   -.4312E+02   -.4314E+02   -.4316E+02   -.4318E+02   -.4320E+02   -.4321E+02   -.4323E+02   -.4325E+02   -.4326E+02   -.4328E+02   -.4329E+02   -.4330E+02   -.4332E+02   -.4333E+02
0.7996E+05   0.3000E+01   -.3001E+02   -.3001E+02   -.3001E+02   -.3001E+02   -.3002E+02   -.3002E+02   -.3002E+02   -.3002E+02   -.3002E+02   -.3003E+02   -.3003E+02   -.3003E+02   -.3003E+02   -.3004E+02   -.3004E+02   -.3004E+02   -.3005E+02   -.3005E+02   -.3005E+02   -.3006E+02   -.3006E+02   -.3007E+02   -.3007E+02   -.3008E+02   -.3008E+02   -.3009E+02   -.3009E+02   -.3010E+02   -.3011E+02   -.3012E+02   -.3013E+02   -.3013E+02   -.3014E+02   -.3016E+02   -.3017E+02   -.3018E+02   -.3020E+02   -.3021E+02   -.3023E+02   -.3025E+02   -.3027E+02   -.3030E+02   -.3032E+02   -.3035E+02   -.3039E+02   -.3043E+02   -.3048E+02   -.3053E+02   -.3059E+02   -.3067E+02   -.3075E+02   -.3086E+02   -.3098E+02   -.3112E+02   -.3129E+02   -.3150E+02   -.3175E+02   -.3205E+02   -.3243E+02   -.3288E+02   -.3340E+02   -.3399E+02   -.3459E+02   -.3513E+02   -.3565E+02   -.3621E+02   -.3677E+02   -.3787E+02   -.3829E+02   -.3868E+02   -.3903E+02   -.3934E+02   -.3961E+02   -.3984E+02   -.4006E+02   -.4025E+02   -.4042E+02   -.4058E+02   -.4073E+02   -.4086E+02   -.4098E+02   -.4109E+02   -.4120E+02   -.4130E+02   -.4139E+02   -.4148E+02   -.4156E+02   -.4163E+02   -.4171E+02   -.4177E+02   -.4184E+02   -.4190E+02   -.4196E+02   -.4201E+02   -.4207E+02   -.4212E+02   -.4216E+02   -.4221E+02   -.4225E+02   -.4229E+02   -.4233E+02   -.4237E+02   -.4241E+02   -.4244E+02   -.4247E+02   -.4251E+02   -.4254E+02   -.4256E+02   -.4259E+02   -.4262E+02   -.4264E+02   -.4267E+02   -.4269E+02   -.4271E+02   -.4273E+02   -.4275E+02   -.4277E+02   -.4279E+02   -.4281E+02   -.4282E+02   -.4284E+02   -.4286E+02   -.4287E+02   -.4289E+02   -.4290E+02   -.4291E+02   -.4292E+02   -.4294E+02
0.8025E+05   0.3187E+01   -.3001E+02   -.3001E+02   -.3001E+02   -.3001E+02   -.3002E+02   -.3002E+02   -.3002E+02   -.3002E+02   -.3002E+02   -.3003E+02   -.3003E+02   -.3003E+02   -.3003E+02   -.3004E+02   -.3004E+02   -.3004E+02   -.3005E+02   -.3005E+02   -.3005E+02   -.3006E+02   -.3006E+02   -.3007E+02   -.3007E+02   -.3008E+02   -.3008E+02   -.3009E+02   -.3009E+02   -.3010E+02   -.3011E+02   -.3012E+02   -.3013E+02   -.3013E+02   -.3014E+02   -.3016E+02   -.3017E+02   -.3018E+02   -.3020E+02   -.3021E+02   -.3023E+02   -.3025E+02   -.3027E+02   -.3030E+02   -.3032E+02   -.3035E+02   -.3039E+02   -.3043E+02   -.3048E+02   -.3053E+02   -.3060E+02   -.3067E+02   -.3076E+02   -.3086E+02   -.3098E+02   -.3112E+02   -.3129E+02   -.3150E+02   -.3175E+02   -.3205E+02   -.3241E+02   -.3285E+02   -.3335E+02   -.3391E+02   -.3448E+02   -.3503E+02   -.3557E+02   -.3612E+02   -.3665E+02   -.3771E+02   -.3811E+02   -.3849E+02   -.3883E+02   -.3913E+02   -.3939E+02   -.3962E+02   -.3983E+02   -.4002E+02   -.4019E+02   -.4034E+02   -.4048E+02   -.4061E+02   -.4073E+02   -.4084E+02   -.4095E+02   -.4104E+02   -.4113E+02   -.4122E+02   -.4130E+02   -.4137E+02   -.4144E+02   -.4151E+02   -.4157E+02   -.4163E+02   -.4169E+02   -.4174E+02   -.4180E+02   -.4184E+02   -.4189E+02   -.4194E+02   -.4198E+02   -.4202E+02   -.4206E+02   -.4209E+02   -.4213E+02   -.4216E+02   -.4219E+02   -.4222E+02   -.4225E+02   -.4228E+02   -.4231E+02   -.4233E+02   -.4236E+02   -.4238E+02   -.4240E+02   -.4243E+02   -.4245E+02   -.4247E+02   -.4248E+02   -.4250E+02   -.4252E+02   -.4254E+02   -.4255E+02   -.4257E+02   -.4258E+02   -.4260E+02   -.4261E+02   -.4262E+02   -.4263E+02   -.4265E+02
0.8009E+05   0.3375E+01   -.3001E+02   -.3001E+02   -.3001E+02   -.3001E+02   -.3002E+02   -.3002E+02   -.3002E+02   -.3002E+02   -.3002E+02   -.3003E+02   -.3003E+02   -.3003E+02   -.3003E+02   -.3004E+02   -.3004E+02   -.3004E+02   -.3005E+02   -.3005E+02   -.3005E+02   -.3006E+02   -.3006E+02   -.3007E+02   -.3007E+02   -.3008E+02   -.3008E+02   -.3009E+02   -.3009E+02   -.3010E+02   -.3011E+02   -.3012E+02   -.3013E+02   -.3013E+02   -.3014E+02   -.3016E+02   -.3017E+02   -.3018E+02   -.3020E+02   -.3021E+02   -.3023E+02   -.3025E+02   -.3027E+02   -.3030E+02   -.3032E+02   -.3036E+02   -.3039E+02   -.3043E+02   -.3048E+02   -.3053E+02   -.3060E+02   -.3067E+02   -.3076E+02   -.3086E+02   -.3098E+02   -.3112E+02   -.3129E+02   -.3150E+02   -.3174E+02   -.3204E+02   -.3240E+02   -.3283E+02   -.3332E+02   -.3385E+02   -.3441E+02   -.3496E+02   -.3550E+02   -.3604E+02   -.3656E+02   -.3759E+02   -.3797E+02   -.3835E+02   -.3868E+02   -.3897E+02   -.3923E+02   -.3946E+02   -.3966E+02   -.3985E+02   -.4001E+02   -.4017E+02   -.4030E+02   -.4043E+02   -.4055E+02   -.4066E+02   -.4076E+02   -.4085E+02   -.4094E+02   -.4103E+02   -.4110E+02   -.4118E+02   -.4125E+02   -.4131E+02   -.4137E+02   -.4143E+02   -.4149E+02   -.4154E+02   -.4159E+02   -.4164E+02   -.4168E+02   -.4173E+02   -.4177E+02   -.4181E+02   -.4185E+02   -.4188E+02   -.4192E+02   -.4195E+02   -.4198E+02   -.4201E+02   -.4204E+02   -.4207E+02   -.4209E+02   -.4212E+02   -.4214E+02   -.4216E+02   -.4219E+02   -.4221E+02   -.4223E+02   -.4225E+02   -.4227E+02   -.4228E+02   -.4230E+02   -.4232E+02   -.4233E+02   -.4235E+02   -.4236E+02   -.4237E+02   -.4239E+02   -.4240E+02   -.4241E+02   -.4242E+02
0.8014E+05   0.3562E+01   -.3001E+02   -.3001E+02   -.3001E+02   -.3001E+02   -.3002E+02   -.3002E+02   -.3002E+02   -.3002E+02   -.3002E+02   -.3003E+02   -.3003E+02   -.3003E+02   -.3003E+02   -.3004E+02   -.3004E+02   -.3004E+02   -.3005E+02   -.3005E+02   -.3005E+02   -.3006E+02   -.3006E+02   -.3007E+02   -.3007E+02   -.3008E+02   -.3008E+02   -.3009E+02   -.3009E+02   -.3010E+02   -.3011E+02   -.3012E+02   -.3013E+02   -.3013E+02   -.3014E+02   -.3016E+02   -.3017E+02   -.3018E+02   -.3020E+02   -.3021E+02   -.3023E+02   -.3025E+02   -.3027E+02   -.3030E+02   -.3032E+02   -.3036E+02   -.3039E+02   -.3043E+02   -.3048E+02   -.3053E+02   -.3060E+02   -.3067E+02   -.3076E+02   -.3086E+02   -.3098E+02   -.3112E+02   -.3129E+02   -.3150E+02   -.3174E+02   -.3204E+02   -.3240E+02   -.3282E+02   -.3330E+02   -.3383E+02   -.3438E+02   -.3492E+02   -.3547E+02   -.3601E+02   -.3652E+02   -.3752E+02   -.3791E+02   -.3827E+02   -.3860E+02   -.3889E+02   -.3915E+02   -.3937E+02   -.3957E+02   -.3976E+02   -.3992E+02   -.4007E+02   -.4021E+02   -.4034E+02   -.4045E+02   -.4056E+02   -.4066E+02   -.4075E+02   -.4084E+02   -.4092E+02   -.4100E+02   -.4107E+02   -.4114E+02   -.4121E+02   -.4127E+02   -.4133E+02   -.4138E+02   -.4143E+02   -.4148E+02   -.4153E+02   -.4157E+02   -.4162E+02   -.4166E+02   -.4170E+02   -.4173E+02   -.4177E+02   -.4180E+02   -.4184E+02   -.4187E+02   -.4190E+02   -.4192E+02   -.4195E+02   -.4198E+02   -.4200E+02   -.4203E+02   -.4205E+02   -.4207E+02   -.4209E+02   -.4211E+02   -.4213E+02   -.4215E+02   -.4216E+02   -.4218E+02   -.4220E+02   -.4221E+02   -.4223E+02   -.4224E+02   -.4226E+02   -.4227E+02   -.4228E+02   -.4229E+02   -.4230E+02
0.8012E+05   0.3750E+01   -.3001E+02   -.3001E+02   -.3001E+02   -.3001E+02   -.3002E+02   -.3002E+02   -.3002E+02   -.3002E+02   -.3002E+02   -.3003E+02   -.3003E+02   -.3003E+02   -.3003E+02   -.3004E+02   -.3004E+02   -.3004E+02   -.3005E+02   -.3005E+02   -.3005E+02   -.3006E+02   -.3006E+02   -.3007E+02   -.3007E+02   -.3008E+02   -.3008E+02   -.3009E+02   -.3009E+02   -.3010E+02   -.3011E+02   -.3012E+02   -.3013E+02   -.3013E+02   -.3014E+02   -.3016E+02   -.3017E+02   -.3018E+02   -.3020E+02   -.3021E+02   -.3023E+02   -.3025E+02   -.3027E+02   -.3030E+02   -.3032E+02   -.3036E+02   -.3039E+02   -.3043E+02   -.3048E+02   -.3053E+02   -.3060E+02   -.3067E+02   -.3076E+02   -.3086E+02   -.3098E+02   -.3112E+02   -.3129E+02   -.3150E+02   -.3174E+02   -.3204E+02   -.3240E+02   -.3282E+02   -.3329E+02   -.3381E+02   -.3436E+02   -.3491E+02   -.3545E+02   -.3599E+02   -.3650E+02   -.3750E+02   -.3788E+02   -.3824E+02   -.3857E+02   -.3886E+02   -.3911E+02   -.3934E+02   -.3954E+02   -.3972E+02   -.3988E+02   -.4003E+02   -.4017E+02   -.4030E+02   -.4041E+02   -.4052E+02   -.4062E+02   -.4071E+02   -.4080E+02   -.4088E+02   -.4096E+02   -.4103E+02   -.4110E+02   -.4116E+02   -.4122E+02   -.4128E+02   -.4134E+02   -.4139E+02   -.4144E+02   -.4149E+02   -.4153E+02   -.4157E+02   -.4161E+02   -.4165E+02   -.4169E+02   -.4172E+02   -.4176E+02   -.4179E+02   -.4182E+02   -.4185E+02   -.4188E+02   -.4191E+02   -.4193E+02   -.4196E+02   -.4198E+02   -.4200E+02   -.4202E+02   -.4204E+02   -.4206E+02   -.4208E+02   -.4210E+02   -.4212E+02   -.4213E+02   -.4215E+02   -.4217E+02   -.4218E+02   -.4219E+02   -.4221E+02   -.4222E+02   -.4223E+02   -.4224E+02   -.4226E+02
