0.6018E+05   0.1118E+01   0.4413E-03   0.5084E-03   0.5785E-03   0.6483E-03   0.7233E-03   0.8026E-03   0.8879E-03   0.9791E-03   0.1077E-02   0.1182E-02   0.1295E-02   0.1416E-02   0.1548E-02   0.1690E-02   0.1845E-02   0.2013E-02   0.2197E-02   0.2400E-02   0.2622E-02   0.2869E-02   0.3142E-02   0.3448E-02   0.3790E-02   0.4175E-02   0.4611E-02   0.5108E-02   0.5677E-02   0.6334E-02   0.7095E-02   0.7985E-02   0.9034E-02   0.1028E-01   0.1178E-01   0.1359E-01   0.1582E-01   0.1859E-01   0.2208E-01   0.2656E-01   0.3241E-01   0.4023E-01   0.5093E-01   0.6587E-01   0.8655E-01   0.1144E+00   0.1602E+00   0.2191E+00   0.3066E+00   0.4485E+00   0.7509E+00   0.8695E+00   0.9092E+00   0.9252E+00   0.9339E+00   0.9402E+00   0.9448E+00   0.9484E+00   0.9511E+00   0.9533E+00   0.9549E+00   0.9562E+00   0.9572E+00   0.9581E+00   0.9587E+00   0.9593E+00   0.1393E+01   0.1411E+01   0.1413E+01   0.1415E+01   0.1416E+01   0.1417E+01   0.1418E+01   0.1419E+01   0.1420E+01   0.1421E+01   0.1421E+01   0.1422E+01   0.1423E+01   0.1423E+01   0.1424E+01   0.1424E+01   0.1424E+01   0.1425E+01   0.1425E+01   0.1425E+01   0.1426E+01   0.1426E+01   0.1426E+01   0.1427E+01   0.1427E+01   0.1427E+01   0.1427E+01   0.1427E+01   0.1428E+01   0.1428E+01   0.1428E+01   0.1428E+01   0.1428E+01   0.1428E+01   0.1428E+01   0.1428E+01
0.6019E+05   0.1345E+01   0.4418E-03   0.5090E-03   0.5792E-03   0.6491E-03   0.7242E-03   0.8037E-03   0.8892E-03   0.9805E-03   0.1079E-02   0.1184E-02   0.1297E-02   0.1419E-02   0.1551E-02   0.1693E-02   0.1848E-02   0.2018E-02   0.2203E-02   0.2406E-02   0.2629E-02   0.2877E-02   0.3152E-02   0.3459E-02   0.3803E-02   0.4191E-02   0.4631E-02   0.5131E-02   0.5705E-02   0.6366E-02   0.7134E-02   0.8033E-02   0.9091E-02   0.1035E-01   0.1186E-01   0.1369E-01   0.1593E-01   0.1871E-01   0.2220E-01   0.2666E-01   0.3243E-01   0.4007E-01   0.5037E-01   0.6448E-01   0.8362E-01   0.1090E+00   0.1495E+00   0.2009E+00   0.2746E+00   0.4188E+00   0.6649E+00   0.7771E+00   0.8247E+00   0.8444E+00   0.8550E+00   0.8624E+00   0.8672E+00   0.8707E+00   0.8733E+00   0.8752E+00   0.8767E+00   0.8778E+00   0.8787E+00   0.8795E+00   0.8801E+00   0.8806E+00   0.1525E+01   0.1549E+01   0.1551E+01   0.1552E+01   0.1554E+01   0.1555E+01   0.1556E+01   0.1556E+01   0.1557E+01   0.1558E+01   0.1558E+01   0.1559E+01   0.1560E+01   0.1560E+01   0.1561E+01   0.1561E+01   0.1561E+01   0.1562E+01   0.1562E+01   0.1562E+01   0.1563E+01   0.1563E+01   0.1563E+01   0.1563E+01   0.1564E+01   0.1564E+01   0.1564E+01   0.1564E+01   0.1564E+01   0.1565E+01   0.1565E+01   0.1565E+01   0.1565E+01   0.1565E+01   0.1565E+01   0.1565E+01
0.6019E+05   0.1573E+01   0.4429E-03   0.5102E-03   0.5804E-03   0.6504E-03   0.7257E-03   0.8053E-03   0.8909E-03   0.9824E-03   0.1081E-02   0.1186E-02   0.1299E-02   0.1422E-02   0.1554E-02   0.1697E-02   0.1852E-02   0.2022E-02   0.2208E-02   0.2412E-02   0.2636E-02   0.2885E-02   0.3161E-02   0.3470E-02   0.3816E-02   0.4206E-02   0.4648E-02   0.5152E-02   0.5729E-02   0.6396E-02   0.7170E-02   0.8075E-02   0.9142E-02   0.1041E-01   0.1193E-01   0.1377E-01   0.1602E-01   0.1881E-01   0.2229E-01   0.2672E-01   0.3240E-01   0.3984E-01   0.4971E-01   0.6300E-01   0.8061E-01   0.1036E+00   0.1390E+00   0.1833E+00   0.2462E+00   0.3624E+00   0.5642E+00   0.6735E+00   0.7243E+00   0.7472E+00   0.7598E+00   0.7683E+00   0.7736E+00   0.7772E+00   0.7797E+00   0.7816E+00   0.7829E+00   0.7839E+00   0.7847E+00   0.7854E+00   0.7859E+00   0.7864E+00   0.1549E+01   0.1584E+01   0.1587E+01   0.1588E+01   0.1589E+01   0.1590E+01   0.1591E+01   0.1591E+01   0.1592E+01   0.1593E+01   0.1593E+01   0.1594E+01   0.1594E+01   0.1595E+01   0.1595E+01   0.1596E+01   0.1596E+01   0.1596E+01   0.1597E+01   0.1597E+01   0.1597E+01   0.1598E+01   0.1598E+01   0.1598E+01   0.1598E+01   0.1598E+01   0.1599E+01   0.1599E+01   0.1599E+01   0.1599E+01   0.1599E+01   0.1599E+01   0.1599E+01   0.1599E+01   0.1600E+01   0.1599E+01
0.6018E+05   0.1800E+01   0.4437E-03   0.5110E-03   0.5813E-03   0.6514E-03   0.7267E-03   0.8064E-03   0.8921E-03   0.9838E-03   0.1082E-02   0.1188E-02   0.1301E-02   0.1424E-02   0.1556E-02   0.1700E-02   0.1856E-02   0.2026E-02   0.2212E-02   0.2417E-02   0.2642E-02   0.2892E-02   0.3169E-02   0.3479E-02   0.3827E-02   0.4219E-02   0.4663E-02   0.5170E-02   0.5751E-02   0.6422E-02   0.7201E-02   0.8112E-02   0.9186E-02   0.1046E-01   0.1199E-01   0.1384E-01   0.1610E-01   0.1889E-01   0.2237E-01   0.2676E-01   0.3235E-01   0.3959E-01   0.4906E-01   0.6158E-01   0.7783E-01   0.9865E-01   0.1299E+00   0.1683E+00   0.2222E+00   0.3179E+00   0.4749E+00   0.5780E+00   0.6309E+00   0.6570E+00   0.6716E+00   0.6811E+00   0.6868E+00   0.6906E+00   0.6931E+00   0.6948E+00   0.6960E+00   0.6969E+00   0.6976E+00   0.6982E+00   0.6987E+00   0.6991E+00   0.1542E+01   0.1597E+01   0.1601E+01   0.1602E+01   0.1603E+01   0.1604E+01   0.1604E+01   0.1605E+01   0.1606E+01   0.1606E+01   0.1607E+01   0.1607E+01   0.1608E+01   0.1608E+01   0.1608E+01   0.1609E+01   0.1609E+01   0.1609E+01   0.1610E+01   0.1610E+01   0.1610E+01   0.1610E+01   0.1611E+01   0.1611E+01   0.1611E+01   0.1611E+01   0.1611E+01   0.1612E+01   0.1612E+01   0.1612E+01   0.1612E+01   0.1612E+01   0.1612E+01   0.1612E+01   0.1612E+01   0.1612E+01
0.6062E+05   0.1950E+01   0.4440E-03   0.5114E-03   0.5818E-03   0.6519E-03   0.7273E-03   0.8070E-03   0.8928E-03   0.9845E-03   0.1083E-02   0.1189E-02   0.1303E-02   0.1425E-02   0.1558E-02   0.1701E-02   0.1858E-02   0.2028E-02   0.2215E-02   0.2419E-02   0.2645E-02   0.2895E-02   0.3174E-02   0.3484E-02   0.3833E-02   0.4226E-02   0.4672E-02   0.5180E-02   0.5763E-02   0.6436E-02   0.7217E-02   0.8132E-02   0.9210E-02   0.1049E-01   0.1203E-01   0.1388E-01   0.1614E-01   0.1893E-01   0.2240E-01   0.2676E-01   0.3230E-01   0.3941E-01   0.4863E-01   0.6069E-01   0.7615E-01   0.9573E-01   0.1245E+00   0.1598E+00   0.2091E+00   0.2931E+00   0.4223E+00   0.5206E+00   0.5750E+00   0.6030E+00   0.6188E+00   0.6289E+00   0.6348E+00   0.6386E+00   0.6410E+00   0.6426E+00   0.6438E+00   0.6446E+00   0.6452E+00   0.6457E+00   0.6462E+00   0.6465E+00   0.1517E+01   0.1611E+01   0.1615E+01   0.1616E+01   0.1617E+01   0.1618E+01   0.1619E+01   0.1619E+01   0.1620E+01   0.1620E+01   0.1621E+01   0.1621E+01   0.1622E+01   0.1622E+01   0.1623E+01   0.1623E+01   0.1623E+01   0.1623E+01   0.1624E+01   0.1624E+01   0.1624E+01   0.1624E+01   0.1625E+01   0.1625E+01   0.1625E+01   0.1625E+01   0.1625E+01   0.1625E+01   0.1626E+01   0.1626E+01   0.1626E+01   0.1626E+01   0.1626E+01   0.1626E+01   0.1626E+01   0.1626E+01
0.6057E+05   0.2100E+01   0.4444E-03   0.5118E-03   0.5822E-03   0.6523E-03   0.7278E-03   0.8076E-03   0.8934E-03   0.9852E-03   0.1084E-02   0.1190E-02   0.1303E-02   0.1426E-02   0.1559E-02   0.1703E-02   0.1859E-02   0.2030E-02   0.2217E-02   0.2422E-02   0.2648E-02   0.2899E-02   0.3177E-02   0.3489E-02   0.3838E-02   0.4232E-02   0.4679E-02   0.5189E-02   0.5773E-02   0.6448E-02   0.7232E-02   0.8150E-02   0.9231E-02   0.1052E-01   0.1206E-01   0.1391E-01   0.1618E-01   0.1897E-01   0.2243E-01   0.2677E-01   0.3225E-01   0.3924E-01   0.4824E-01   0.5988E-01   0.7463E-01   0.9316E-01   0.1199E+00   0.1525E+00   0.1978E+00   0.2708E+00   0.3772E+00   0.4683E+00   0.5236E+00   0.5536E+00   0.5708E+00   0.5815E+00   0.5876E+00   0.5915E+00   0.5940E+00   0.5955E+00   0.5966E+00   0.5974E+00   0.5979E+00   0.5984E+00   0.5988E+00   0.5991E+00   0.1481E+01   0.1613E+01   0.1621E+01   0.1622E+01   0.1622E+01   0.1623E+01   0.1624E+01   0.1624E+01   0.1625E+01   0.1625E+01   0.1626E+01   0.1626E+01   0.1626E+01   0.1627E+01   0.1627E+01   0.1627E+01   0.1628E+01   0.1628E+01   0.1628E+01   0.1628E+01   0.1629E+01   0.1629E+01   0.1629E+01   0.1629E+01   0.1629E+01   0.1630E+01   0.1630E+01   0.1630E+01   0.1630E+01   0.1630E+01   0.1630E+01   0.1630E+01   0.1630E+01   0.1630E+01   0.1630E+01   0.1630E+01
0.6134E+05   0.2250E+01   0.4447E-03   0.5121E-03   0.5825E-03   0.6527E-03   0.7282E-03   0.8080E-03   0.8939E-03   0.9858E-03   0.1084E-02   0.1190E-02   0.1304E-02   0.1427E-02   0.1560E-02   0.1704E-02   0.1861E-02   0.2031E-02   0.2218E-02   0.2424E-02   0.2651E-02   0.2902E-02   0.3181E-02   0.3492E-02   0.3842E-02   0.4237E-02   0.4685E-02   0.5196E-02   0.5782E-02   0.6458E-02   0.7245E-02   0.8164E-02   0.9249E-02   0.1054E-01   0.1208E-01   0.1394E-01   0.1621E-01   0.1900E-01   0.2245E-01   0.2676E-01   0.3219E-01   0.3908E-01   0.4788E-01   0.5916E-01   0.7332E-01   0.9096E-01   0.1160E+00   0.1464E+00   0.1882E+00   0.2519E+00   0.3397E+00   0.4215E+00   0.4768E+00   0.5084E+00   0.5267E+00   0.5380E+00   0.5444E+00   0.5484E+00   0.5509E+00   0.5525E+00   0.5535E+00   0.5542E+00   0.5548E+00   0.5552E+00   0.5555E+00   0.5558E+00   0.1429E+01   0.1605E+01   0.1617E+01   0.1618E+01   0.1619E+01   0.1620E+01   0.1620E+01   0.1621E+01   0.1621E+01   0.1622E+01   0.1622E+01   0.1623E+01   0.1623E+01   0.1623E+01   0.1624E+01   0.1624E+01   0.1624E+01   0.1624E+01   0.1625E+01   0.1625E+01   0.1625E+01   0.1625E+01   0.1625E+01   0.1626E+01   0.1626E+01   0.1626E+01   0.1626E+01   0.1626E+01   0.1626E+01   0.1626E+01   0.1626E+01   0.1626E+01   0.1627E+01   0.1627E+01   0.1627E+01   0.1627E+01
0.6130E+05   0.2400E+01   0.4449E-03   0.5124E-03   0.5828E-03   0.6530E-03   0.7285E-03   0.8084E-03   0.8944E-03   0.9863E-03   0.1085E-02   0.1191E-02   0.1305E-02   0.1428E-02   0.1561E-02   0.1705E-02   0.1862E-02   0.2033E-02   0.2220E-02   0.2426E-02   0.2653E-02   0.2904E-02   0.3183E-02   0.3496E-02   0.3846E-02   0.4242E-02   0.4690E-02   0.5202E-02   0.5789E-02   0.6467E-02   0.7255E-02   0.8177E-02   0.9263E-02   0.1055E-01   0.1210E-01   0.1396E-01   0.1623E-01   0.1902E-01   0.2246E-01   0.2676E-01   0.3215E-01   0.3895E-01   0.4758E-01   0.5857E-01   0.7224E-01   0.8917E-01   0.1129E+00   0.1416E+00   0.1805E+00   0.2372E+00   0.3114E+00   0.3837E+00   0.4375E+00   0.4703E+00   0.4897E+00   0.5016E+00   0.5083E+00   0.5125E+00   0.5150E+00   0.5165E+00   0.5176E+00   0.5183E+00   0.5188E+00   0.5192E+00   0.5195E+00   0.5198E+00   0.1294E+01   0.1573E+01   0.1596E+01   0.1597E+01   0.1598E+01   0.1598E+01   0.1599E+01   0.1599E+01   0.1600E+01   0.1600E+01   0.1601E+01   0.1601E+01   0.1601E+01   0.1602E+01   0.1602E+01   0.1602E+01   0.1602E+01   0.1603E+01   0.1603E+01   0.1603E+01   0.1603E+01   0.1604E+01   0.1604E+01   0.1604E+01   0.1604E+01   0.1604E+01   0.1604E+01   0.1604E+01   0.1604E+01   0.1605E+01   0.1605E+01   0.1605E+01   0.1605E+01   0.1605E+01   0.1605E+01   0.1605E+01
0.6160E+05   0.2550E+01   0.4451E-03   0.5126E-03   0.5831E-03   0.6532E-03   0.7288E-03   0.8087E-03   0.8947E-03   0.9866E-03   0.1085E-02   0.1191E-02   0.1305E-02   0.1428E-02   0.1561E-02   0.1706E-02   0.1863E-02   0.2034E-02   0.2221E-02   0.2427E-02   0.2654E-02   0.2905E-02   0.3185E-02   0.3498E-02   0.3849E-02   0.4245E-02   0.4694E-02   0.5206E-02   0.5794E-02   0.6473E-02   0.7262E-02   0.8186E-02   0.9274E-02   0.1057E-01   0.1211E-01   0.1398E-01   0.1625E-01   0.1904E-01   0.2247E-01   0.2675E-01   0.3210E-01   0.3883E-01   0.4733E-01   0.5809E-01   0.7138E-01   0.8776E-01   0.1104E+00   0.1378E+00   0.1745E+00   0.2256E+00   0.2903E+00   0.3548E+00   0.4065E+00   0.4401E+00   0.4603E+00   0.4727E+00   0.4797E+00   0.4840E+00   0.4865E+00   0.4881E+00   0.4892E+00   0.4899E+00   0.4904E+00   0.4908E+00   0.4911E+00   0.4913E+00   0.1206E+01   0.1532E+01   0.1573E+01   0.1574E+01   0.1575E+01   0.1575E+01   0.1576E+01   0.1576E+01   0.1577E+01   0.1577E+01   0.1578E+01   0.1578E+01   0.1578E+01   0.1579E+01   0.1579E+01   0.1579E+01   0.1579E+01   0.1580E+01   0.1580E+01   0.1580E+01   0.1580E+01   0.1580E+01   0.1581E+01   0.1581E+01   0.1581E+01   0.1581E+01   0.1581E+01   0.1581E+01   0.1581E+01   0.1581E+01   0.1581E+01   0.1582E+01   0.1582E+01   0.1582E+01   0.1582E+01   0.1582E+01
0.6143E+05   0.2700E+01   0.4453E-03   0.5127E-03   0.5832E-03   0.6534E-03   0.7290E-03   0.8089E-03   0.8949E-03   0.9869E-03   0.1086E-02   0.1192E-02   0.1306E-02   0.1429E-02   0.1562E-02   0.1706E-02   0.1863E-02   0.2034E-02   0.2222E-02   0.2428E-02   0.2655E-02   0.2907E-02   0.3187E-02   0.3500E-02   0.3851E-02   0.4247E-02   0.4697E-02   0.5210E-02   0.5799E-02   0.6478E-02   0.7268E-02   0.8193E-02   0.9282E-02   0.1058E-01   0.1213E-01   0.1399E-01   0.1626E-01   0.1905E-01   0.2248E-01   0.2675E-01   0.3208E-01   0.3875E-01   0.4715E-01   0.5774E-01   0.7077E-01   0.8677E-01   0.1087E+00   0.1352E+00   0.1703E+00   0.2176E+00   0.2757E+00   0.3345E+00   0.3842E+00   0.4182E+00   0.4391E+00   0.4519E+00   0.4591E+00   0.4634E+00   0.4660E+00   0.4676E+00   0.4687E+00   0.4694E+00   0.4699E+00   0.4702E+00   0.4705E+00   0.4708E+00   0.1177E+01   0.1425E+01   0.1494E+01   0.1495E+01   0.1496E+01   0.1497E+01   0.1497E+01   0.1498E+01   0.1498E+01   0.1498E+01   0.1499E+01   0.1499E+01   0.1499E+01   0.1500E+01   0.1500E+01   0.1500E+01   0.1500E+01   0.1501E+01   0.1501E+01   0.1501E+01   0.1501E+01   0.1501E+01   0.1502E+01   0.1502E+01   0.1502E+01   0.1502E+01   0.1502E+01   0.1502E+01   0.1502E+01   0.1502E+01   0.1502E+01   0.1503E+01   0.1503E+01   0.1503E+01   0.1503E+01   0.1503E+01
0.6150E+05   0.2850E+01   0.4453E-03   0.5128E-03   0.5833E-03   0.6535E-03   0.7291E-03   0.8090E-03   0.8951E-03   0.9870E-03   0.1086E-02   0.1192E-02   0.1306E-02   0.1429E-02   0.1562E-02   0.1707E-02   0.1864E-02   0.2035E-02   0.2222E-02   0.2428E-02   0.2656E-02   0.2908E-02   0.3188E-02   0.3501E-02   0.3852E-02   0.4249E-02   0.4699E-02   0.5212E-02   0.5801E-02   0.6481E-02   0.7272E-02   0.8197E-02   0.9287E-02   0.1058E-01   0.1213E-01   0.1400E-01   0.1627E-01   0.1905E-01   0.2248E-01   0.2674E-01   0.3205E-01   0.3870E-01   0.4704E-01   0.5752E-01   0.7039E-01   0.8615E-01   0.1077E+00   0.1336E+00   0.1677E+00   0.2128E+00   0.2672E+00   0.3225E+00   0.3708E+00   0.4048E+00   0.4261E+00   0.4391E+00   0.4465E+00   0.4509E+00   0.4535E+00   0.4551E+00   0.4562E+00   0.4569E+00   0.4574E+00   0.4577E+00   0.4580E+00   0.4583E+00   0.1164E+01   0.1380E+01   0.1469E+01   0.1471E+01   0.1471E+01   0.1472E+01   0.1472E+01   0.1473E+01   0.1473E+01   0.1474E+01   0.1474E+01   0.1474E+01   0.1475E+01   0.1475E+01   0.1475E+01   0.1475E+01   0.1476E+01   0.1476E+01   0.1476E+01   0.1476E+01   0.1476E+01   0.1477E+01   0.1477E+01   0.1477E+01   0.1477E+01   0.1477E+01   0.1477E+01   0.1477E+01   0.1477E+01   0.1478E+01   0.1478E+01   0.1478E+01   0.1478E+01   0.1478E+01   0.1478E+01   0.1478E+01
0.6148E+05   0.3000E+01   0.4454E-03   0.5128E-03   0.5833E-03   0.6535E-03   0.7291E-03   0.8091E-03   0.8951E-03   0.9871E-03   0.1086E-02   0.1192E-02   0.1306E-02   0.1429E-02   0.1562E-02   0.1707E-02   0.1864E-02   0.2035E-02   0.2222E-02   0.2429E-02   0.2656E-02   0.2908E-02   0.3188E-02   0.3501E-02   0.3853E-02   0.4249E-02   0.4699E-02   0.5213E-02   0.5802E-02   0.6482E-02   0.7273E-02   0.8198E-02   0.9289E-02   0.1058E-01   0.1213E-01   0.1400E-01   0.1627E-01   0.1906E-01   0.2249E-01   0.2674E-01   0.3205E-01   0.3868E-01   0.4700E-01   0.5746E-01   0.7026E-01   0.8595E-01   0.1073E+00   0.1331E+00   0.1669E+00   0.2113E+00   0.2645E+00   0.3186E+00   0.3664E+00   0.4005E+00   0.4220E+00   0.4351E+00   0.4425E+00   0.4469E+00   0.4495E+00   0.4512E+00   0.4522E+00   0.4529E+00   0.4534E+00   0.4538E+00   0.4541E+00   0.4543E+00   0.1164E+01   0.1378E+01   0.1474E+01   0.1475E+01   0.1476E+01   0.1477E+01   0.1477E+01   0.1478E+01   0.1478E+01   0.1478E+01   0.1479E+01   0.1479E+01   0.1479E+01   0.1480E+01   0.1480E+01   0.1480E+01   0.1480E+01   0.1481E+01   0.1481E+01   0.1481E+01   0.1481E+01   0.1481E+01   0.1481E+01   0.1482E+01   0.1482E+01   0.1482E+01   0.1482E+01   0.1482E+01   0.1482E+01   0.1482E+01   0.1482E+01   0.1482E+01   0.1482E+01   0.1482E+01   0.1483E+01   0.1483E+01
