0.6018E+05   0.1118E+01   -.9006E+01   -.9007E+01   -.9009E+01   -.9011E+01   -.9013E+01   -.9015E+01   -.9017E+01   -.9019E+01   -.9021E+01   -.9024E+01   -.9026E+01   -.9029E+01   -.9031E+01   -.9034E+01   -.9037E+01   -.9040E+01   -.9044E+01   -.9047E+01   -.9051E+01   -.9056E+01   -.9060E+01   -.9065E+01   -.9071E+01   -.9077E+01   -.9084E+01   -.9092E+01   -.9100E+01   -.9110E+01   -.9120E+01   -.9133E+01   -.9147E+01   -.9163E+01   -.9182E+01   -.9205E+01   -.9231E+01   -.9263E+01   -.9301E+01   -.9348E+01   -.9405E+01   -.9475E+01   -.9561E+01   -.9668E+01   -.9799E+01   -.9963E+01   -.1018E+02   -.1058E+02   -.1141E+02   -.1181E+02   -.4378E+01   -.4743E+01   -.6744E+01   -.6869E+01   -.7674E+01   -.8207E+01   -.8565E+01   -.8825E+01   -.9020E+01   -.9173E+01   -.9295E+01   -.9393E+01   -.9474E+01   -.9540E+01   -.9595E+01   -.9642E+01   -.3611E+01   -.2997E+01   -.3152E+01   -.3191E+01   -.3218E+01   -.3241E+01   -.3259E+01   -.3275E+01   -.3288E+01   -.3299E+01   -.3308E+01   -.3316E+01   -.3323E+01   -.3330E+01   -.3335E+01   -.3340E+01   -.3344E+01   -.3348E+01   -.3352E+01   -.3355E+01   -.3358E+01   -.3360E+01   -.3363E+01   -.3365E+01   -.3367E+01   -.3369E+01   -.3370E+01   -.3372E+01   -.3373E+01   -.3375E+01   -.3376E+01   -.3377E+01   -.3378E+01   -.3378E+01   -.3379E+01   -.3379E+01
0.6019E+05   0.1345E+01   -.9006E+01   -.9007E+01   -.9009E+01   -.9011E+01   -.9013E+01   -.9015E+01   -.9017E+01   -.9019E+01   -.9021E+01   -.9024E+01   -.9026E+01   -.9029E+01   -.9031E+01   -.9034E+01   -.9037E+01   -.9040E+01   -.9044E+01   -.9047E+01   -.9051E+01   -.9056E+01   -.9060E+01   -.9066E+01   -.9071E+01   -.9077E+01   -.9084E+01   -.9092E+01   -.9100E+01   -.9110E+01   -.9121E+01   -.9133E+01   -.9148E+01   -.9164E+01   -.9183E+01   -.9206E+01   -.9232E+01   -.9264E+01   -.9303E+01   -.9349E+01   -.9406E+01   -.9477E+01   -.9564E+01   -.9673E+01   -.9809E+01   -.9984E+01   -.1023E+02   -.1066E+02   -.1156E+02   -.9787E+01   -.6273E+01   -.6423E+01   -.7249E+01   -.7765E+01   -.8097E+01   -.8310E+01   -.8452E+01   -.8555E+01   -.8629E+01   -.8686E+01   -.8730E+01   -.8765E+01   -.8793E+01   -.8816E+01   -.8835E+01   -.8851E+01   0.2549E+00   -.1385E+00   -.1508E+00   -.1414E+00   -.1329E+00   -.1257E+00   -.1192E+00   -.1134E+00   -.1082E+00   -.1034E+00   -.9901E-01   -.9498E-01   -.9125E-01   -.8780E-01   -.8458E-01   -.8160E-01   -.7882E-01   -.7625E-01   -.7385E-01   -.7163E-01   -.6957E-01   -.6768E-01   -.6594E-01   -.6435E-01   -.6290E-01   -.6160E-01   -.6042E-01   -.5938E-01   -.5847E-01   -.5768E-01   -.5702E-01   -.5647E-01   -.5605E-01   -.5576E-01   -.5558E-01   -.5632E-01
0.6019E+05   0.1573E+01   -.9006E+01   -.9007E+01   -.9009E+01   -.9011E+01   -.9013E+01   -.9015E+01   -.9017E+01   -.9019E+01   -.9021E+01   -.9024E+01   -.9026E+01   -.9029E+01   -.9031E+01   -.9034E+01   -.9037E+01   -.9040E+01   -.9044E+01   -.9048E+01   -.9052E+01   -.9056E+01   -.9061E+01   -.9066E+01   -.9071E+01   -.9078E+01   -.9084E+01   -.9092E+01   -.9101E+01   -.9110E+01   -.9121E+01   -.9134E+01   -.9148E+01   -.9165E+01   -.9184E+01   -.9207E+01   -.9233E+01   -.9265E+01   -.9304E+01   -.9351E+01   -.9408E+01   -.9479E+01   -.9567E+01   -.9678E+01   -.9819E+01   -.1000E+02   -.1027E+02   -.1072E+02   -.1153E+02   -.1088E+02   -.8031E+01   -.7762E+01   -.8166E+01   -.8588E+01   -.8883E+01   -.9082E+01   -.9220E+01   -.9321E+01   -.9397E+01   -.9456E+01   -.9503E+01   -.9540E+01   -.9569E+01   -.9594E+01   -.9614E+01   -.9630E+01   -.2715E-01   -.6831E+00   -.7619E+00   -.7628E+00   -.7613E+00   -.7598E+00   -.7582E+00   -.7566E+00   -.7550E+00   -.7533E+00   -.7517E+00   -.7501E+00   -.7485E+00   -.7469E+00   -.7454E+00   -.7440E+00   -.7426E+00   -.7413E+00   -.7401E+00   -.7390E+00   -.7379E+00   -.7369E+00   -.7360E+00   -.7352E+00   -.7344E+00   -.7338E+00   -.7332E+00   -.7327E+00   -.7323E+00   -.7320E+00   -.7317E+00   -.7315E+00   -.7315E+00   -.7314E+00   -.7315E+00   -.7322E+00
0.6018E+05   0.1800E+01   -.9006E+01   -.9008E+01   -.9009E+01   -.9011E+01   -.9013E+01   -.9015E+01   -.9017E+01   -.9019E+01   -.9021E+01   -.9024E+01   -.9026E+01   -.9029E+01   -.9031E+01   -.9034E+01   -.9037E+01   -.9040E+01   -.9044E+01   -.9048E+01   -.9052E+01   -.9056E+01   -.9061E+01   -.9066E+01   -.9071E+01   -.9078E+01   -.9085E+01   -.9092E+01   -.9101E+01   -.9111E+01   -.9122E+01   -.9134E+01   -.9149E+01   -.9165E+01   -.9185E+01   -.9207E+01   -.9234E+01   -.9266E+01   -.9305E+01   -.9352E+01   -.9409E+01   -.9480E+01   -.9568E+01   -.9681E+01   -.9825E+01   -.1001E+02   -.1029E+02   -.1071E+02   -.1136E+02   -.1196E+02   -.9482E+01   -.9034E+01   -.9283E+01   -.9625E+01   -.9891E+01   -.1009E+02   -.1023E+02   -.1034E+02   -.1042E+02   -.1049E+02   -.1054E+02   -.1059E+02   -.1062E+02   -.1065E+02   -.1067E+02   -.1069E+02   -.1021E+00   -.1820E+01   -.1526E+01   -.1532E+01   -.1534E+01   -.1536E+01   -.1538E+01   -.1539E+01   -.1540E+01   -.1541E+01   -.1541E+01   -.1542E+01   -.1542E+01   -.1542E+01   -.1542E+01   -.1542E+01   -.1542E+01   -.1542E+01   -.1542E+01   -.1542E+01   -.1542E+01   -.1542E+01   -.1542E+01   -.1542E+01   -.1542E+01   -.1542E+01   -.1542E+01   -.1542E+01   -.1542E+01   -.1542E+01   -.1542E+01   -.1542E+01   -.1542E+01   -.1543E+01   -.1543E+01   -.1544E+01
0.6062E+05   0.1950E+01   -.9006E+01   -.9008E+01   -.9009E+01   -.9011E+01   -.9013E+01   -.9015E+01   -.9017E+01   -.9019E+01   -.9021E+01   -.9024E+01   -.9026E+01   -.9029E+01   -.9031E+01   -.9034E+01   -.9037E+01   -.9040E+01   -.9044E+01   -.9048E+01   -.9052E+01   -.9056E+01   -.9061E+01   -.9066E+01   -.9072E+01   -.9078E+01   -.9085E+01   -.9092E+01   -.9101E+01   -.9111E+01   -.9122E+01   -.9134E+01   -.9149E+01   -.9166E+01   -.9185E+01   -.9208E+01   -.9235E+01   -.9267E+01   -.9306E+01   -.9353E+01   -.9410E+01   -.9481E+01   -.9570E+01   -.9683E+01   -.9827E+01   -.1001E+02   -.1029E+02   -.1069E+02   -.1127E+02   -.1181E+02   -.1041E+02   -.9709E+01   -.9867E+01   -.1016E+02   -.1041E+02   -.1059E+02   -.1073E+02   -.1084E+02   -.1093E+02   -.1100E+02   -.1105E+02   -.1110E+02   -.1113E+02   -.1116E+02   -.1119E+02   -.1120E+02   -.1260E+00   -.1897E+00   -.2858E+00   -.2930E+00   -.2965E+00   -.2993E+00   -.3016E+00   -.3034E+00   -.3049E+00   -.3060E+00   -.3070E+00   -.3076E+00   -.3082E+00   -.3085E+00   -.3088E+00   -.3090E+00   -.3091E+00   -.3092E+00   -.3092E+00   -.3093E+00   -.3093E+00   -.3093E+00   -.3093E+00   -.3093E+00   -.3094E+00   -.3094E+00   -.3095E+00   -.3096E+00   -.3097E+00   -.3099E+00   -.3100E+00   -.3103E+00   -.3105E+00   -.3108E+00   -.3111E+00   -.3117E+00
0.6057E+05   0.2100E+01   -.9006E+01   -.9008E+01   -.9009E+01   -.9011E+01   -.9013E+01   -.9015E+01   -.9017E+01   -.9019E+01   -.9021E+01   -.9024E+01   -.9026E+01   -.9029E+01   -.9031E+01   -.9034E+01   -.9037E+01   -.9041E+01   -.9044E+01   -.9048E+01   -.9052E+01   -.9056E+01   -.9061E+01   -.9066E+01   -.9072E+01   -.9078E+01   -.9085E+01   -.9093E+01   -.9101E+01   -.9111E+01   -.9122E+01   -.9135E+01   -.9149E+01   -.9166E+01   -.9186E+01   -.9208E+01   -.9236E+01   -.9268E+01   -.9307E+01   -.9354E+01   -.9413E+01   -.9485E+01   -.9575E+01   -.9690E+01   -.9839E+01   -.1003E+02   -.1031E+02   -.1070E+02   -.1122E+02   -.1157E+02   -.1114E+02   -.1043E+02   -.1042E+02   -.1063E+02   -.1084E+02   -.1102E+02   -.1116E+02   -.1127E+02   -.1136E+02   -.1142E+02   -.1148E+02   -.1152E+02   -.1156E+02   -.1159E+02   -.1161E+02   -.1163E+02   -.3681E+00   -.1943E+00   -.3545E+00   -.3691E+00   -.3759E+00   -.3816E+00   -.3865E+00   -.3907E+00   -.3943E+00   -.3975E+00   -.4002E+00   -.4026E+00   -.4047E+00   -.4065E+00   -.4082E+00   -.4096E+00   -.4109E+00   -.4121E+00   -.4132E+00   -.4141E+00   -.4151E+00   -.4159E+00   -.4167E+00   -.4174E+00   -.4181E+00   -.4188E+00   -.4194E+00   -.4201E+00   -.4207E+00   -.4213E+00   -.4219E+00   -.4225E+00   -.4230E+00   -.4236E+00   -.4242E+00   -.4247E+00
0.6134E+05   0.2250E+01   -.9006E+01   -.9008E+01   -.9009E+01   -.9011E+01   -.9013E+01   -.9015E+01   -.9017E+01   -.9019E+01   -.9021E+01   -.9024E+01   -.9026E+01   -.9029E+01   -.9031E+01   -.9034E+01   -.9037E+01   -.9041E+01   -.9044E+01   -.9048E+01   -.9052E+01   -.9056E+01   -.9061E+01   -.9066E+01   -.9072E+01   -.9078E+01   -.9085E+01   -.9093E+01   -.9101E+01   -.9111E+01   -.9122E+01   -.9135E+01   -.9149E+01   -.9166E+01   -.9186E+01   -.9209E+01   -.9236E+01   -.9268E+01   -.9307E+01   -.9354E+01   -.9412E+01   -.9484E+01   -.9573E+01   -.9688E+01   -.9835E+01   -.1002E+02   -.1030E+02   -.1066E+02   -.1112E+02   -.1151E+02   -.1142E+02   -.1106E+02   -.1099E+02   -.1115E+02   -.1134E+02   -.1151E+02   -.1165E+02   -.1175E+02   -.1184E+02   -.1191E+02   -.1196E+02   -.1200E+02   -.1204E+02   -.1207E+02   -.1209E+02   -.1211E+02   0.2101E+00   0.8118E-01   -.3658E+00   -.3838E+00   -.3898E+00   -.3948E+00   -.3992E+00   -.4029E+00   -.4061E+00   -.4088E+00   -.4111E+00   -.4131E+00   -.4149E+00   -.4164E+00   -.4177E+00   -.4189E+00   -.4199E+00   -.4208E+00   -.4216E+00   -.4223E+00   -.4230E+00   -.4236E+00   -.4242E+00   -.4248E+00   -.4253E+00   -.4258E+00   -.4263E+00   -.4268E+00   -.4273E+00   -.4277E+00   -.4282E+00   -.4287E+00   -.4292E+00   -.4297E+00   -.4302E+00   -.4307E+00
0.6130E+05   0.2400E+01   -.9006E+01   -.9008E+01   -.9009E+01   -.9011E+01   -.9013E+01   -.9015E+01   -.9017E+01   -.9019E+01   -.9021E+01   -.9024E+01   -.9026E+01   -.9029E+01   -.9031E+01   -.9034E+01   -.9037E+01   -.9041E+01   -.9044E+01   -.9048E+01   -.9052E+01   -.9056E+01   -.9061E+01   -.9066E+01   -.9072E+01   -.9078E+01   -.9085E+01   -.9093E+01   -.9101E+01   -.9111E+01   -.9122E+01   -.9135E+01   -.9149E+01   -.9166E+01   -.9186E+01   -.9209E+01   -.9236E+01   -.9268E+01   -.9307E+01   -.9355E+01   -.9413E+01   -.9485E+01   -.9575E+01   -.9690E+01   -.9838E+01   -.1002E+02   -.1030E+02   -.1064E+02   -.1105E+02   -.1139E+02   -.1148E+02   -.1134E+02   -.1127E+02   -.1138E+02   -.1154E+02   -.1169E+02   -.1182E+02   -.1193E+02   -.1201E+02   -.1207E+02   -.1213E+02   -.1217E+02   -.1221E+02   -.1223E+02   -.1226E+02   -.1228E+02   -.9233E+01   -.2017E+00   -.3626E+00   -.3644E+00   -.3718E+00   -.3781E+00   -.3836E+00   -.3882E+00   -.3923E+00   -.3958E+00   -.3989E+00   -.4016E+00   -.4040E+00   -.4060E+00   -.4079E+00   -.4095E+00   -.4110E+00   -.4123E+00   -.4135E+00   -.4146E+00   -.4156E+00   -.4165E+00   -.4174E+00   -.4182E+00   -.4189E+00   -.4197E+00   -.4204E+00   -.4210E+00   -.4217E+00   -.4223E+00   -.4229E+00   -.4235E+00   -.4241E+00   -.4247E+00   -.4253E+00   -.4258E+00
0.6160E+05   0.2550E+01   -.9006E+01   -.9008E+01   -.9009E+01   -.9011E+01   -.9013E+01   -.9015E+01   -.9017E+01   -.9019E+01   -.9021E+01   -.9024E+01   -.9026E+01   -.9029E+01   -.9031E+01   -.9034E+01   -.9037E+01   -.9041E+01   -.9044E+01   -.9048E+01   -.9052E+01   -.9056E+01   -.9061E+01   -.9066E+01   -.9072E+01   -.9078E+01   -.9085E+01   -.9093E+01   -.9101E+01   -.9111E+01   -.9122E+01   -.9135E+01   -.9150E+01   -.9166E+01   -.9186E+01   -.9209E+01   -.9236E+01   -.9268E+01   -.9307E+01   -.9354E+01   -.9412E+01   -.9484E+01   -.9573E+01   -.9687E+01   -.9833E+01   -.1002E+02   -.1028E+02   -.1061E+02   -.1100E+02   -.1135E+02   -.1152E+02   -.1151E+02   -.1148E+02   -.1155E+02   -.1169E+02   -.1183E+02   -.1196E+02   -.1206E+02   -.1214E+02   -.1221E+02   -.1226E+02   -.1230E+02   -.1234E+02   -.1237E+02   -.1239E+02   -.1241E+02   -.9769E+01   -.4640E+00   -.6233E-01   -.5495E-01   -.6243E-01   -.6879E-01   -.7443E-01   -.7936E-01   -.8366E-01   -.8733E-01   -.9055E-01   -.9332E-01   -.9575E-01   -.9788E-01   -.9977E-01   -.1014E+00   -.1029E+00   -.1043E+00   -.1055E+00   -.1066E+00   -.1077E+00   -.1087E+00   -.1096E+00   -.1104E+00   -.1112E+00   -.1119E+00   -.1127E+00   -.1134E+00   -.1140E+00   -.1147E+00   -.1153E+00   -.1159E+00   -.1165E+00   -.1172E+00   -.1178E+00   -.1182E+00
0.6143E+05   0.2700E+01   -.9006E+01   -.9008E+01   -.9009E+01   -.9011E+01   -.9013E+01   -.9015E+01   -.9017E+01   -.9019E+01   -.9021E+01   -.9024E+01   -.9026E+01   -.9029E+01   -.9031E+01   -.9034E+01   -.9037E+01   -.9041E+01   -.9044E+01   -.9048E+01   -.9052E+01   -.9056E+01   -.9061E+01   -.9066E+01   -.9072E+01   -.9078E+01   -.9085E+01   -.9093E+01   -.9102E+01   -.9111E+01   -.9122E+01   -.9135E+01   -.9150E+01   -.9167E+01   -.9186E+01   -.9209E+01   -.9236E+01   -.9269E+01   -.9308E+01   -.9355E+01   -.9413E+01   -.9485E+01   -.9575E+01   -.9690E+01   -.9836E+01   -.1002E+02   -.1028E+02   -.1060E+02   -.1097E+02   -.1133E+02   -.1157E+02   -.1167E+02   -.1168E+02   -.1174E+02   -.1186E+02   -.1201E+02   -.1213E+02   -.1223E+02   -.1231E+02   -.1237E+02   -.1243E+02   -.1247E+02   -.1250E+02   -.1253E+02   -.1256E+02   -.1258E+02   -.8473E+01   -.9053E+01   -.5282E+01   -.5263E+01   -.5271E+01   -.5277E+01   -.5283E+01   -.5287E+01   -.5292E+01   -.5295E+01   -.5298E+01   -.5301E+01   -.5303E+01   -.5305E+01   -.5307E+01   -.5309E+01   -.5310E+01   -.5312E+01   -.5313E+01   -.5314E+01   -.5315E+01   -.5316E+01   -.5317E+01   -.5318E+01   -.5318E+01   -.5319E+01   -.5320E+01   -.5320E+01   -.5321E+01   -.5322E+01   -.5322E+01   -.5323E+01   -.5323E+01   -.5324E+01   -.5325E+01   -.5325E+01
0.6150E+05   0.2850E+01   -.9006E+01   -.9008E+01   -.9009E+01   -.9011E+01   -.9013E+01   -.9015E+01   -.9017E+01   -.9019E+01   -.9021E+01   -.9024E+01   -.9026E+01   -.9029E+01   -.9031E+01   -.9034E+01   -.9037E+01   -.9041E+01   -.9044E+01   -.9048E+01   -.9052E+01   -.9056E+01   -.9061E+01   -.9066E+01   -.9072E+01   -.9078E+01   -.9085E+01   -.9093E+01   -.9102E+01   -.9111E+01   -.9123E+01   -.9135E+01   -.9150E+01   -.9167E+01   -.9186E+01   -.9209E+01   -.9237E+01   -.9269E+01   -.9308E+01   -.9355E+01   -.9413E+01   -.9485E+01   -.9575E+01   -.9689E+01   -.9836E+01   -.1002E+02   -.1028E+02   -.1060E+02   -.1095E+02   -.1131E+02   -.1159E+02   -.1175E+02   -.1179E+02   -.1184E+02   -.1195E+02   -.1209E+02   -.1221E+02   -.1231E+02   -.1239E+02   -.1246E+02   -.1251E+02   -.1255E+02   -.1259E+02   -.1262E+02   -.1264E+02   -.1266E+02   -.7764E+01   -.6689E+01   -.4617E+01   -.4578E+01   -.4587E+01   -.4594E+01   -.4600E+01   -.4605E+01   -.4610E+01   -.4614E+01   -.4617E+01   -.4620E+01   -.4623E+01   -.4626E+01   -.4628E+01   -.4630E+01   -.4631E+01   -.4633E+01   -.4634E+01   -.4636E+01   -.4637E+01   -.4638E+01   -.4639E+01   -.4640E+01   -.4641E+01   -.4642E+01   -.4642E+01   -.4643E+01   -.4644E+01   -.4645E+01   -.4645E+01   -.4646E+01   -.4647E+01   -.4647E+01   -.4648E+01   -.4648E+01
0.6148E+05   0.3000E+01   -.9006E+01   -.9008E+01   -.9009E+01   -.9011E+01   -.9013E+01   -.9015E+01   -.9017E+01   -.9019E+01   -.9021E+01   -.9024E+01   -.9026E+01   -.9029E+01   -.9031E+01   -.9034E+01   -.9037E+01   -.9041E+01   -.9044E+01   -.9048E+01   -.9052E+01   -.9056E+01   -.9061E+01   -.9066E+01   -.9072E+01   -.9078E+01   -.9085E+01   -.9093E+01   -.9102E+01   -.9111E+01   -.9123E+01   -.9135E+01   -.9150E+01   -.9167E+01   -.9186E+01   -.9209E+01   -.9237E+01   -.9269E+01   -.9308E+01   -.9356E+01   -.9414E+01   -.9486E+01   -.9577E+01   -.9692E+01   -.9839E+01   -.1002E+02   -.1028E+02   -.1060E+02   -.1095E+02   -.1130E+02   -.1158E+02   -.1175E+02   -.1180E+02   -.1186E+02   -.1197E+02   -.1211E+02   -.1222E+02   -.1232E+02   -.1240E+02   -.1247E+02   -.1252E+02   -.1256E+02   -.1260E+02   -.1262E+02   -.1265E+02   -.1267E+02   -.7540E+01   -.6691E+01   -.4332E+01   -.4350E+01   -.4359E+01   -.4366E+01   -.4372E+01   -.4377E+01   -.4382E+01   -.4386E+01   -.4390E+01   -.4393E+01   -.4396E+01   -.4398E+01   -.4400E+01   -.4402E+01   -.4404E+01   -.4406E+01   -.4407E+01   -.4408E+01   -.4410E+01   -.4411E+01   -.4412E+01   -.4413E+01   -.4414E+01   -.4415E+01   -.4416E+01   -.4416E+01   -.4417E+01   -.4418E+01   -.4419E+01   -.4419E+01   -.4420E+01   -.4421E+01   -.4421E+01   -.4422E+01
